1621188713946,32.80008541887859,-117.21131479068072,-21.998474377812542,34,79,14,11
1621188714134,32.80016677623702,-117.21135621554242,-21.91757920827664,34,80,15,11
1621188714247,32.800193908223505,-117.21137001546323,-21.893262170922622,34,80,15,11
1621188714476,32.800221045126825,-117.21138385705258,-21.868664201668963,34,80,15,11
1621188714569,32.80024819035092,-117.2113977162575,-21.841091351085264,34,80,15,11
1621188714831,32.80035652219049,-117.21145363626773,-21.75887732669468,35,81,14,11
1621188714958,32.800383565591794,-117.21146775536653,-21.73635499711689,35,81,14,11
1621188715101,32.80041058719533,-117.21148193113648,-21.711332615978744,36,82,13,11
1621188715221,32.800437670630366,-117.2114960262358,-21.694633605019256,37,82,11,11
1621188715334,32.80046472546886,-117.21151017228249,-21.66862642774219,37,83,10,11
1621188715503,32.80049182217548,-117.2115242072744,-21.65069379039276,37,82,10,11
1621188715599,32.8005189389117,-117.211538258456,-21.631243812580788,37,83,11,11
1621188715828,32.80062742735261,-117.21159441965612,-21.550645006200554,36,81,11,11
1621188715943,32.80065458071457,-117.21160843944335,-21.521514402914526,35,81,13,11
1621188716083,32.80068179106667,-117.21162247954108,-21.492989514418817,35,80,13,11
1621188716198,32.800708943145374,-117.21163650376181,-21.47171479914912,35,80,14,11
1621188716367,32.80073611114494,-117.21165051420401,-21.453104231169302,35,80,14,11
1621188716527,32.80081765277879,-117.21169242985897,-21.382800839829645,34,79,14,11
1621188716640,32.80084489871407,-117.2117064572795,-21.361696677153,33,78,14,11
1621188716803,32.800872079746476,-117.21172046308817,-21.34587008200631,33,77,14,11
1621188716926,32.80089926568712,-117.2117345216298,-21.323265588632047,33,76,14,11
1621188717062,32.80092643674708,-117.21174861944799,-21.302456485022248,32,76,14,11
1621188717174,32.80095359575091,-117.21176275069178,-21.28961005542941,32,75,14,11
1621188717293,32.80098077382577,-117.21177687993121,-21.27577060948079,32,75,14,11
1621188717510,32.801089493802856,-117.21183365102283,-21.223046931843335,30,72,15,11
1621188717633,32.801116662902565,-117.21184795206982,-21.201930576550193,30,71,15,11
1621188717762,32.80114377780983,-117.21186227169916,-21.190078186081422,30,71,15,11
1621188717909,32.80117098459755,-117.2118766747571,-21.176588714974102,29,70,15,11
1621188718043,32.80119810618019,-117.21189107359494,-21.155394297535036,29,69,15,11
1621188718155,32.80122520664706,-117.21190550266488,-21.13698867704344,29,69,15,11
1621188718274,32.801252325999876,-117.21191998621033,-21.121157356557404,29,68,15,11
1621188718423,32.801333681898605,-117.21196374211009,-21.086477648599242,29,68,15,11
1621188718568,32.80136073667527,-117.21197841829424,-21.07227333881466,30,69,15,11
1621188718681,32.80138776780781,-117.21199311930698,-21.060810234550132,30,69,15,11
1621188718815,32.801414797420826,-117.21200787677517,-21.04847849267948,30,69,15,11
1621188718964,32.8014418073912,-117.21202268650092,-21.043163277541016,30,69,15,11
1621188719096,32.80146878782594,-117.21203754188832,-21.036607219031392,30,68,15,11
1621188719210,32.801495915395556,-117.21205250228898,-21.024463189918023,29,68,15,11
1621188719475,32.80160368279851,-117.21211242037887,-20.96458892442554,29,67,15,11
1621188719585,32.801630587562755,-117.21212748534717,-20.96004387955994,29,66,15,11
1621188719700,32.80165762196225,-117.21214265857871,-20.951769128678944,29,66,15,11
1621188719842,32.801684477412856,-117.21215780383575,-20.937973941492583,29,66,15,11
1621188719987,32.80171132743618,-117.21217299841072,-20.916081650156897,29,66,15,11
1621188720122,32.801738172997666,-117.21218820453039,-20.897520736284417,29,67,15,11
1621188720254,32.801765006478874,-117.21220343766277,-20.881125105276535,29,67,15,11
1621188720370,32.80184555500753,-117.21224937874847,-20.85855342361246,30,67,15,11
1621188720497,32.80187232008894,-117.21226467102,-20.85256180641165,30,67,15,11
1621188720643,32.801899060669314,-117.21227995574647,-20.841336161970975,30,67,15,11
1621188720756,32.80192582694637,-117.21229525122881,-20.827589805821102,30,67,15,11
1621188720887,32.80195257013449,-117.21231056843075,-20.81070045118136,30,68,14,11
1621188721122,32.80205956823596,-117.21237196371239,-20.79004025955484,29,67,14,11
1621188721241,32.80208623335711,-117.21238732782152,-20.786759039190517,29,66,14,11
1621188721411,32.80211290726793,-117.21240272708714,-20.773011755077107,29,66,14,11
1621188721559,32.80213975756319,-117.21241830293758,-20.76006644129418,28,65,14,11
1621188721667,32.80216635624529,-117.21243379573744,-20.75482931387884,27,64,14,11
1621188721780,32.802192934404516,-117.21244936127336,-20.75272313712132,27,64,14,11
1621188722036,32.802299299346494,-117.21251224565741,-20.68983456156934,28,64,14,11
1621188722148,32.80232576811073,-117.21252807666394,-20.67456564010514,28,64,14,11
1621188722261,32.80235222770171,-117.21254392787084,-20.65870616770455,28,64,14,11
1621188722491,32.80237868845342,-117.21255978157653,-20.642410399679058,28,64,14,11
1621188722600,32.802405151974625,-117.21257565041294,-20.621665091763905,27,63,14,11
1621188722846,32.80251118989582,-117.2126393477177,-20.537558383103004,27,63,15,11
1621188722980,32.8025376070644,-117.21265528717444,-20.518189426557395,27,63,15,11
1621188723090,32.80256403487482,-117.21267121044717,-20.49161251058799,27,63,15,11
1621188723206,32.802590469038094,-117.2126871250004,-20.456751850276763,27,62,15,11
1621188723287,32.802616898028965,-117.21270304443941,-20.419735329369995,27,62,15,11
1621188723490,32.80264332502488,-117.21271893530167,-20.387390658237308,27,63,15,11
1621188723605,32.802669724778745,-117.21273488185992,-20.347308670689632,27,63,15,11
1621188723848,32.80277534194854,-117.21279865725619,-20.161980635432325,28,63,15,11
1621188723979,32.80280172104988,-117.21281466855136,-20.12027068546111,29,64,15,11
1621188724099,32.80282805933861,-117.21283074314088,-20.076716363928988,29,65,15,11
