1616286454662,32.847288515226104,-117.26733521416865,13.039867944454183,38,74,8,11
1616286454774,32.84728128263487,-117.26734377266,13.083694141055112,37,73,8,11
1616286454889,32.84727402494177,-117.26735234840827,13.11851723095928,37,72,8,11
1616286455002,32.84726674681568,-117.26736088424339,13.14951492616063,36,70,8,11
1616286455153,32.84725944097029,-117.26736942463027,13.182346236202365,36,70,8,11
1616286455267,32.847252121640466,-117.26737797641493,13.213065498192588,36,70,8,11
1616286455389,32.8472447633659,-117.26738649794795,13.244448632862959,36,70,8,11
1616286455531,32.84722252137605,-117.26741197041902,13.327658076053034,36,69,8,11
1616286455643,32.8472150435044,-117.2674204381766,13.354755404184939,36,69,8,11
1616286455753,32.84720752055522,-117.26742887804134,13.382330716796796,36,69,8,11
1616286455873,32.84719998759585,-117.26743732002396,13.40931832130541,36,69,8,11
1616286455986,32.8471924348635,-117.26744578851037,13.43744416900105,36,68,8,11
1616286456121,32.84718485779368,-117.26745426088038,13.46517113238877,36,68,8,11
1616286456246,32.847177285836594,-117.2674627298546,13.486255491392633,35,67,8,11
1616286456407,32.8471697006198,-117.26747121498683,13.509459161150787,35,66,8,11
1616286456558,32.84716205752944,-117.26747966492215,13.528963296921294,35,66,8,11
1616286456704,32.847154420039885,-117.26748809716592,13.548950691912193,35,66,8,11
1616286456743,32.84713132935033,-117.2675133370779,13.613599490466381,33,63,8,11
1616286456861,32.8471235754595,-117.26752167684684,13.64070946300233,33,63,8,11
1616286456980,32.84711578939483,-117.26753001799035,13.663955460434982,33,62,8,11
1616286457115,32.84710798652285,-117.26753834950428,13.69585725290221,33,62,8,11
1616286457229,32.847100153174196,-117.26754665083693,13.728389333870265,33,63,8,11
1616286457395,32.84709229879615,-117.26755495016174,13.761740711034417,33,63,9,11
1616286457529,32.84706871466009,-117.26757959697312,13.85431639322622,34,64,9,11
1616286457655,32.84706080587403,-117.2675877828771,13.891777933878089,35,64,9,11
1616286457768,32.847052914242916,-117.26759591018609,13.92191890814706,35,64,9,11
1616286457878,32.84704497671443,-117.26760402927466,13.95491704539913,35,64,8,11
1616286457991,32.84703702638057,-117.2676121604571,13.99569411213645,35,64,8,11
1616286458160,32.84702904946905,-117.26762020517536,14.035668245476684,35,64,8,11
1616286458311,32.8470211145877,-117.26762829238142,14.068507119630492,35,64,8,11
1616286458558,32.846989391931736,-117.26766036927893,14.199211585800306,36,64,8,11
1616286458672,32.846981431343835,-117.2676683503465,14.237604715986684,36,64,8,11
1616286458785,32.846973469830644,-117.26767635311639,14.28093458023007,36,64,8,11
1616286458902,32.8469655268949,-117.2676842857559,14.32030197210766,36,64,8,11
1616286459022,32.846957582298366,-117.26769221068288,14.354422107959921,36,64,8,11
1616286459172,32.84694961662999,-117.26770011769561,14.389580957901734,36,64,8,11
1616286459398,32.84691746659405,-117.26773184705696,14.529406084441062,35,62,8,11
1616286459570,32.84690937020082,-117.26773983241421,14.566315972825631,35,62,8,11
1616286459683,32.84690122292936,-117.26774783343393,14.60518516789864,34,62,8,11
1616286459798,32.84689305932235,-117.26775589866892,14.644794563651379,34,62,8,11
1616286459912,32.846884899821106,-117.26776404406839,14.681803588740628,34,61,8,11
1616286460034,32.846876673316444,-117.26777222361157,14.711931724463609,33,60,8,11
1616286460169,32.846868494986495,-117.26778044347842,14.74271923716656,33,60,8,11
1616286460473,32.846835447185455,-117.26781396461449,14.871022906685884,31,57,8,11
1616286460614,32.84682710251402,-117.26782249703018,14.895974222135404,30,56,9,11
1616286460725,32.84681878082758,-117.26783103453559,14.924812250208355,30,55,9,11
1616286460842,32.84681045025664,-117.26783968036496,14.957085001391599,30,55,9,11
1616286460957,32.84680206485227,-117.26784835127017,14.996809443088859,30,55,9,11
1616286461070,32.84679364802583,-117.26785706989878,15.031264553507437,30,55,9,11
1616286461329,32.846759844657704,-117.26789246399395,15.142836941807385,30,54,9,11
1616286461428,32.84675136579851,-117.26790140264136,15.182599339808743,30,54,9,11
1616286461612,32.846742833043294,-117.26791035957248,15.224156379013895,31,55,9,11
1616286461730,32.84673428093317,-117.26791933643622,15.260146017404718,31,55,9,11
1616286461841,32.846725687588375,-117.26792838641481,15.291220447491138,31,55,9,11
1616286461955,32.84671712471895,-117.26793739570216,15.316899302864547,32,56,9,11
1616286462068,32.84670855214972,-117.26794645026249,15.351337839167579,33,57,8,11
1616286462324,32.846674012612915,-117.26798303520727,15.491720975742503,31,55,8,11
1616286462471,32.84666534730094,-117.26799229728269,15.540192373068223,31,55,8,11
1616286462640,32.846656661523966,-117.26800154521403,15.57835930172396,31,54,8,11
1616286462756,32.846648005779855,-117.26801080098011,15.610435794200843,31,55,8,11
1616286462878,32.8466393243789,-117.26802005583237,15.637444257420828,31,55,8,11
1616286463030,32.84661318306468,-117.2680479737561,15.751977013837735,32,56,8,11
1616286463144,32.846604528671115,-117.26805722278863,15.783943009594418,32,56,7,11
1616286463336,32.84659592451559,-117.26806640046654,15.809692039877646,30,55,7,11
1616286463448,32.846587379957654,-117.26807556335633,15.838234915671332,31,55,7,11
1616286463546,32.84657889504353,-117.26808465435288,15.869641734328923,31,55,7,11
1616286463713,32.846570487950245,-117.26809366703526,15.900214842865344,31,55,7,11
1616286463831,32.846562161027535,-117.2681026081644,15.92673866039941,31,55,7,11
1616286464025,32.84652966220154,-117.26813766843811,16.045248850766338,32,56,7,11
1616286464140,32.84652177362498,-117.26814623508585,16.070618113298252,32,56,7,11
1616286464300,32.84651394783693,-117.26815472314479,16.098768999012957,32,56,7,11
1616286464446,32.84650622709866,-117.26816314374081,16.130501850329136,32,56,7,11
1616286464632,32.84649858313692,-117.26817150087535,16.158586230253718,32,56,7,11
1616286464826,32.84646908938306,-117.26820421289392,16.25913068055947,32,56,7,11
