1611883702233,32.87199918079168,-117.23029366657389,51.72973245049819,89,126,0,13
1611883702317,32.87199692233775,-117.2303038615015,51.6775250059119,89,126,14,11
1611883702432,32.87199477894081,-117.23031409805117,51.63638177007177,90,126,13,11
1611883702523,32.871992640349596,-117.2303243795292,51.59667860399797,91,127,12,11
1611883702631,32.8719905320471,-117.23033463834501,51.55811541879484,94,129,0,13
1611883702743,32.87198840251129,-117.23034497323457,51.524365567678615,97,131,0,13
1611883702843,32.87198629006731,-117.23035535829501,51.48724649074482,100,132,0,13
1611883702933,32.87198421222149,-117.23036582938452,51.454715499286415,102,134,0,13
1611883703073,32.87198208832381,-117.23037634808715,51.416953925423456,105,136,0,13
1611883703225,32.8719799797442,-117.23038693223664,51.37936739886139,108,138,0,13
1611883703338,32.87197787517821,-117.23039756650957,51.33731403505746,111,139,0,13
1611883703425,32.871975750456414,-117.23040826013471,51.2913018574633,114,141,0,13
1611883703546,32.87197356231476,-117.23041910329039,51.244250308135435,114,142,14,11
1611883703636,32.87197141757183,-117.23043002859325,51.20307836242567,114,142,14,11
1611883703733,32.87196927272902,-117.23044105452954,51.16027808682259,113,142,14,11
1611883703836,32.87196715041516,-117.23045209362677,51.116366369687825,112,142,14,11
1611883703927,32.871965046774356,-117.23046318631151,51.07128604819656,111,142,14,11
1611883704063,32.87196291842481,-117.23047433629124,51.02696239037687,110,142,14,11
1611883704143,32.87196081006333,-117.23048556783142,50.98834347501233,109,142,13,11
1611883704228,32.87195868722963,-117.23049688935195,50.95532481722934,108,142,13,11
1611883704322,32.87195656629984,-117.23050829356039,50.91798936502929,107,142,13,11
1611883704425,32.87195447390566,-117.2305197209159,50.87840064712272,106,141,15,11
1611883704570,32.87195237402574,-117.23053122813546,50.8370776222395,105,141,15,11
1611883704649,32.87195028996599,-117.23054282442719,50.79538394903833,104,141,15,11
1611883704730,32.87194821741658,-117.23055449546106,50.75307555241725,103,141,15,11
1611883704839,32.8719461442634,-117.2305662629256,50.71321793852891,102,141,15,11
1611883704932,32.87194408338745,-117.23057818127653,50.672964681958376,101,140,15,11
1611883705070,32.871942035481275,-117.23059015566446,50.63401252970086,100,140,15,11
1611883705208,32.8719400061975,-117.23060222503152,50.59205429005918,99,140,15,11
1611883705287,32.871937980811474,-117.23061438318605,50.55178493588068,98,139,15,11
1611883705379,32.87193595419038,-117.2306266703688,50.511383896630996,97,139,15,11
1611883705479,32.87193395365436,-117.23063906344784,50.47009289404906,96,139,15,11
1611883705623,32.87193197493634,-117.23065158087167,50.4218233459941,95,138,15,11
1611883705704,32.87193001946045,-117.23066416803468,50.370215675352334,95,138,15,11
1611883705783,32.87192810135839,-117.23067686658148,50.32214978291941,94,138,15,11
1611883705888,32.871926182841065,-117.23068967980136,50.27825451187613,93,137,15,11
1611883705989,32.871924297370676,-117.2307026039101,50.23171274552634,93,137,15,11
1611883706074,32.8719224370813,-117.23071563990713,50.18623996027201,92,137,15,11
1611883706205,32.871920586700696,-117.2307288219049,50.13859319081327,91,136,15,11
1611883706286,32.87191878694425,-117.23074204385587,50.08828935081244,91,136,15,11
1611883706380,32.87191701390054,-117.23075537550244,50.040241433405626,90,136,15,11
1611883706472,32.871915267288415,-117.23076883420339,49.996723551434606,90,135,15,11
1611883706610,32.87191356961328,-117.23078238455871,49.951477997749244,89,135,15,11
1611883706700,32.8719118927636,-117.23079601129186,49.902884080485826,89,135,15,11
1611883706781,32.8719102270939,-117.23080979510809,49.85735233448885,88,134,15,11
1611883706886,32.87190858135888,-117.23082355902066,49.80865204571251,88,134,15,11
1611883706978,32.87190698034099,-117.2308373805905,49.75499271064628,87,134,15,11
1611883707116,32.87190540388915,-117.23085125854666,49.70518033403367,87,133,15,11
1611883707260,32.87190382219224,-117.23086520683788,49.66118012301311,87,133,15,11
1611883707337,32.8719022836622,-117.2308791929929,49.615070295002916,86,133,15,11
1611883707471,32.871896292602564,-117.23093566114528,49.41412443577748,85,132,15,11
1611883707578,32.871894855523124,-117.23094984523973,49.3594088999475,85,131,15,11
1611883707687,32.87189345064462,-117.23096403503222,49.30277222782672,85,131,15,11
1611883707808,32.871892060469385,-117.23097830883331,49.2441790215157,84,131,15,11
1611883707919,32.871890709602695,-117.23099252219119,49.18519604493729,84,131,15,11
1611883707999,32.871889380664555,-117.23100673356012,49.12540448701721,84,130,15,11
1611883708081,32.87188808785884,-117.23102095532046,49.06448436020164,84,130,15,11
1611883708191,32.87188683968439,-117.23103519794867,49.00440872774402,83,130,15,11
1611883708289,32.87188558255247,-117.23104943710109,48.943111119843245,83,130,15,11
1611883708422,32.87188430758791,-117.23106369838861,48.87475012725717,83,129,15,11
1611883708510,32.8718830437254,-117.23107788195664,48.8091011089742,83,129,15,11
1611883708597,32.8718817895224,-117.2310921124588,48.75829289278571,83,129,15,11
1611883708701,32.87188054595255,-117.2311063433067,48.70983786797068,83,129,15,11
1611883708850,32.871879324694646,-117.2311205336937,48.65476076714086,82,129,15,11
1611883708933,32.87187815945914,-117.23113474814264,48.602027902548095,82,128,15,11
1611883709069,32.87187696506979,-117.23114908784056,48.55777928401036,82,128,15,11
1611883709150,32.87187583103937,-117.23116333617054,48.508046829283835,82,128,15,11
1611883709250,32.87187464684901,-117.23117757176074,48.451497778806434,82,128,15,11
1611883709341,32.8718734597875,-117.2311918441769,48.399775373612876,82,128,15,11
1611883709477,32.87187230025434,-117.23120619439189,48.3530903946972,82,127,15,11
1611883709567,32.87187114922054,-117.23122060417236,48.307347156051314,82,127,15,11
1611883709648,32.87186999388463,-117.23123513159332,48.2542407302723,81,127,15,11
1611883709751,32.8718688405729,-117.23124961761172,48.19602530449813,81,127,15,11
1611883709908,32.87186768246964,-117.23126419926061,48.138517376615646,81,127,15,11
1611883709989,32.87186651566948,-117.23127886814522,48.084807216742526,81,127,15,11
1611883710068,32.87186531150829,-117.23129360967242,48.03202663232822,81,126,15,11
1611883710153,32.87186412442049,-117.23130846074173,47.978949258247845,81,126,15,11
1611883710259,32.87186291786371,-117.23132348859997,47.9277616762887,81,126,15,11
1611883710339,32.871861725311774,-117.2313385253681,47.87171238652608,81,126,15,11
1611883710473,32.871860542634536,-117.23135364628018,47.811005840201396,81,126,15,11
1611883710563,32.871859360938046,-117.23136885196394,47.74616594600998,81,126,15,11
1611883710644,32.8718581630708,-117.23138416502768,47.68287299789597,81,126,15,11
1611883710752,32.87185694486269,-117.23139957846341,47.62090458161561,80,125,15,11
1611883710898,32.87185571761348,-117.23141518315278,47.56004696970495,80,125,15,11
1611883710988,32.871854484461196,-117.23143081028365,47.50514352929061,80,125,15,11
1611883711124,32.87185324814611,-117.23144654900409,47.45018179371583,80,125,15,11
1611883711209,32.871852013517284,-117.23146236778936,47.39226752017167,80,125,15,11
1611883711315,32.87185079407278,-117.23147829398027,47.3330802843753,80,125,15,11
1611883711394,32.87184956751653,-117.2314943228485,47.27668520483356,80,125,15,11
1611883711528,32.87184833925099,-117.23151054514616,47.21972844252527,80,125,15,11
1611883711618,32.87184711198635,-117.23152677907579,47.165131421902785,80,124,15,11
1611883711699,32.87184588491224,-117.23154312211567,47.11121856606712,80,124,15,11
1611883711802,32.871844650320085,-117.23155952602872,47.0537644811274,80,124,15,11
1611883711896,32.87184342631258,-117.23157599699866,46.991401263200736,80,124,15,11
1611883712035,32.87184221627703,-117.2315925104775,46.930621022148436,80,124,15,11
1611883712115,32.87184101959412,-117.23160917641292,46.86902730480614,79,124,15,11
1611883712196,32.87183987361342,-117.23162577167062,46.811890934788714,79,124,15,11
1611883712300,32.871838759208046,-117.23164238616556,46.75516342025115,79,124,15,11
