4925065922202,32.95384836525792,-117.14349768535094,87.31015442147284,81,122,15,11
4925065922343,32.95385395494327,-117.14352696773265,87.22898438493459,81,122,15,11
4925065922457,32.95385958693017,-117.143556177388,87.14416321532978,81,122,15,11
4925065922527,32.953865277864324,-117.14358534272544,87.06283675681371,81,122,15,11
4925065922686,32.95387102200646,-117.14361446891674,86.98179533003277,81,122,15,11
4925065922781,32.95387681738271,-117.14364355679079,86.89866532282663,81,122,15,11
4925065922865,32.9538827214271,-117.14367288192622,86.82192708810807,81,122,15,11
4925065922981,32.95388866050471,-117.14370189855417,86.74564670659738,81,122,15,11
4925065923062,32.95389464997388,-117.1437308490491,86.66630232369354,81,122,15,11
4925065923189,32.95390064691923,-117.14375983228615,86.59150315791366,81,122,15,11
4925065923283,32.95390667931859,-117.14378880139986,86.52297402302739,81,122,15,11
4925065923371,32.953912763015246,-117.14381774467113,86.45069644730856,81,122,15,11
4925065923468,32.95391895345781,-117.14384694585239,86.37797480086576,81,122,15,11
4925065923635,32.95392516288383,-117.14387588869033,86.30888818326368,81,122,15,11
4925065923710,32.95393142923851,-117.14390479620745,86.23348471189549,80,122,15,11
4925065923803,32.95393772381394,-117.14393371722558,86.15645996950828,80,122,15,11
4925065923882,32.95394404476191,-117.14396264706203,86.08047821164163,80,122,15,11
4925065923988,32.95395041020854,-117.14399160094399,86.01024637240705,80,122,15,11
4925065924069,32.95395683609801,-117.14402079241007,85.93434878673409,80,122,15,11
4925065924238,32.95398265197588,-117.14413657245258,85.63732367155167,80,122,15,11
4925065924388,32.95398922347561,-117.14416551806103,85.56806883602032,80,122,15,11
4925065924470,32.95399593574259,-117.14419468485826,85.49953987416853,80,122,15,11
4925065924563,32.954002681547635,-117.1442236239613,85.42905972484034,80,122,15,11
4925065924639,32.954009503079135,-117.14425251540922,85.34784783117719,80,122,15,11
4925065924746,32.95401640707273,-117.14428140077729,85.27342918293611,80,122,15,11
4925065924841,32.954023391183945,-117.14431025984041,85.19821923256248,80,122,15,11
4925065924966,32.9540304639755,-117.14433906344975,85.11947048777105,80,122,15,11
4925065925051,32.95403766994964,-117.14436806408158,85.04994795660969,80,122,15,11
4925065925137,32.954044875671975,-117.14439682973712,84.9836588393627,80,122,15,11
4925065925230,32.95405209646677,-117.14442554566709,84.91266932261541,80,122,15,11
4925065925348,32.954059330056516,-117.14445421297383,84.8400713754021,80,122,15,11
4925065925500,32.95406662019981,-117.14448288000528,84.7780086619451,80,122,15,11
4925065925603,32.95407397564386,-117.14451147370114,84.70585030929152,80,122,15,11
4925065925686,32.9540814424978,-117.14454015962416,84.62226088976531,79,121,15,11
4925065925800,32.95408892027789,-117.14456858304762,84.54518830532159,79,121,15,11
4925065925881,32.95409642478485,-117.14459698854058,84.4797410010502,79,121,15,11
4925065926005,32.95410394820101,-117.14462533056236,84.40878302566048,79,121,15,11
4925065926085,32.954111532088476,-117.14465357725011,84.33249555906616,79,121,15,11
4925065926227,32.95411916048687,-117.1446817791319,84.26186463924647,79,121,15,11
4925065926330,32.954126869653386,-117.14471013325591,84.19832023954356,79,121,15,11
4925065926420,32.954134551788826,-117.1447382744575,84.1305495880709,79,121,15,11
4925065926499,32.954142234951874,-117.1447663564435,84.05552409544885,79,121,15,11
4925065926659,32.95414999558885,-117.14479438738648,83.98535292656133,79,121,15,11
4925065926741,32.9541578526424,-117.14482239514061,83.91420909507036,79,121,15,11
4925065926862,32.95416581824085,-117.14485034165908,83.8393854272452,79,121,15,11
4925065926945,32.95417392008227,-117.14487841776985,83.7597351613825,79,121,15,11
4925065927056,32.95418208000529,-117.14490627379958,83.68509865090672,79,121,15,11
4925065927159,32.954190338418655,-117.14493410896247,83.60828985521378,79,121,15,11
4925065927244,32.95419866909639,-117.1449619099363,83.5311743412695,79,121,15,11
4925065927371,32.95420704175107,-117.14498975277226,83.46217366125578,79,121,15,11
4925065927462,32.954215447879555,-117.14501754834662,83.38402011184341,79,121,15,11
4925065927543,32.95422392642589,-117.14504557200405,83.31310154008649,79,121,15,11
4925065927700,32.95423236134581,-117.14507349162007,83.23792638195512,79,121,15,11
4925065927781,32.95424083296492,-117.14510146143519,83.15891535946905,79,121,15,11
4925065927884,32.95424936011089,-117.14512946558317,83.07900586071116,79,121,15,11
4925065927963,32.95425792733912,-117.14515749655494,82.99477808643599,79,121,15,11
4925065928077,32.95426658271976,-117.14518557774748,82.9121397083869,79,121,15,11
4925065928175,32.95427537006084,-117.1452138460727,82.8314605314353,79,121,15,11
4925065928320,32.95428418517797,-117.14524199556914,82.74686930636705,79,121,15,11
4925065928435,32.95429309268354,-117.1452701426139,82.66343855095622,79,121,15,11
4925065928582,32.95430210448301,-117.14529829732868,82.58449308999825,79,121,15,11
4925065928664,32.95431118987421,-117.14532651808035,82.51308479455977,79,121,15,11
4925065928767,32.95432033483563,-117.14535472996772,82.42998293792253,79,121,15,11
4925065928850,32.95432960832664,-117.14538307550374,82.34645840694985,79,121,15,11
4925065928953,32.95433890161858,-117.14541128935169,82.26781338243397,79,121,15,11
4925065929034,32.95434826872298,-117.14543950925996,82.19381672974222,79,121,15,11
4925065929145,32.954357680632306,-117.1454677107813,82.11557779030198,79,121,15,11
4925065929244,32.95436712711053,-117.14549592306207,82.03982188346545,79,121,15,11
4925065929329,32.95437661198367,-117.14552413342236,81.9664039718675,79,121,15,11
4925065929420,32.954386211668755,-117.14555246299489,81.89815852775611,79,121,15,11
4925065929518,32.9543957703101,-117.14558064233299,81.82001247185259,79,121,15,11
4925065929672,32.954405379692815,-117.14560883110973,81.74217092744995,79,121,15,11
4925065929764,32.95441499906512,-117.14563701105759,81.6624810424664,79,121,15,11
4925065929861,32.95442467621384,-117.14566514503821,81.582355241162,79,121,15,11
4925065929996,32.954434411494226,-117.14569327973261,81.50790302080655,79,121,15,11
4925065930140,32.95447375105043,-117.14580574434959,81.21201374591385,79,121,15,11
4925065930248,32.95448369671799,-117.14583371143974,81.12587537239447,79,121,15,11
4925065930323,32.95449369170104,-117.14586169379608,81.04540006096536,79,121,15,11
4925065930479,32.95450378030415,-117.14588977897432,80.96924658509671,79,121,15,11
4925065930579,32.954513863564046,-117.14591777682756,80.8854190135554,79,121,15,11
4925065930668,32.954523958803904,-117.14594581141934,80.80278122172285,80,121,15,11
4925065930773,32.95453405719133,-117.1459739235699,80.72379605638969,80,121,15,11
4925065930856,32.95454416872788,-117.14600212728865,80.64885712393706,80,121,15,11
4925065930977,32.95455434114965,-117.14603037653451,80.57066005173472,80,121,15,11
4925065931072,32.95456461928475,-117.1460588028132,80.49253956481935,80,121,15,11
4925065931155,32.95457491556108,-117.14608721107086,80.41212434433855,80,121,15,11
4925065931246,32.95458523504778,-117.14611569480303,80.33181539017401,80,121,15,11
4925065931339,32.95459563830821,-117.14614427828654,80.26985465835008,81,121,15,11
4925065931521,32.95460612990314,-117.14617298118996,80.22252076467308,81,121,15,11
4925065931599,32.954616689359675,-117.14620176296243,80.17025956858491,81,121,15,11
4925065931681,32.95462736685291,-117.14623069924284,80.11554088125554,81,121,15,11
4925065931784,32.954638141665086,-117.14625964353176,80.06741675253662,81,121,15,11
4925065931867,32.95464903959029,-117.14628865344493,80.02068257471755,81,121,15,11
4925065931986,32.95466008600088,-117.14631772391692,79.97549595794086,81,121,15,11
4925065932078,32.954671283395015,-117.14634683346586,79.93237351767296,81,121,15,11
4925065932225,32.95468262191089,-117.14637601700959,79.88958910657502,81,121,15,11
4925065932320,32.954694110306434,-117.14640532965065,79.84589032955081,81,121,15,11
