1631741550207,32.77399979231435,-117.1266204494061,-16.505975136376744,82,184,11,11
1631741550308,32.77398557194285,-117.12664666031154,-16.498638126857216,83,184,9,11
1631741550566,32.77392828825115,-117.12675160121088,-16.460639310933878,87,189,0,13
1631741550685,32.77391391812458,-117.12677791036357,-16.442525396734094,89,191,0,13
1631741550832,32.773899522545236,-117.12680425528262,-16.423390362569844,90,193,0,13
1631741550947,32.773885098408904,-117.1268306185987,-16.405669001095777,92,195,0,13
1631741551026,32.7738706373209,-117.12685700524617,-16.386376888220404,94,197,0,13
1631741551160,32.773856144105636,-117.12688342514541,-16.36505608990251,95,199,0,13
1631741551354,32.773812500978345,-117.12696282888399,-16.311231391061327,101,205,0,13
1631741551447,32.77379789860403,-117.1269893433323,-16.294787428781152,103,206,0,13
1631741551586,32.77378327862466,-117.12701589324409,-16.276161950441253,105,208,0,13
1631741551707,32.77376863909687,-117.1270424777745,-16.25458696788557,107,210,0,13
1631741551871,32.77375397555473,-117.12706909126992,-16.232700769760783,110,212,0,13
1631741551990,32.77373929142599,-117.12709573576299,-16.211254593490278,112,215,0,13
1631741552115,32.773726091668344,-117.12711971268304,-16.197257920221755,113,216,13,11
1631741552251,32.77370972103607,-117.12714942217191,-16.175221571243615,115,218,13,11
1631741552472,32.773650909022,-117.12725699598363,-16.085750231220665,121,226,13,11
1631741552637,32.77363622935,-117.12728397851784,-16.058847935868872,122,227,13,11
1631741552750,32.77362152201979,-117.12731107021382,-16.03622328368095,123,229,12,11
1631741552870,32.77360676267348,-117.12733812489303,-16.021766642392734,123,230,12,11
1631741552990,32.77359196216685,-117.12736521706576,-16.007835309283323,124,231,12,11
1631741553102,32.77357721500641,-117.12739237251311,-15.990872793807778,124,232,12,11
1631741553247,32.77356249422266,-117.12741953417616,-15.978668402847857,124,233,12,11
1631741553486,32.773503705795406,-117.12752886874512,-15.951986109855255,125,237,12,11
1631741553654,32.77348907332812,-117.1275563309502,-15.948090821004367,126,238,12,11
1631741553764,32.7734743768322,-117.1275838252444,-15.940172089012593,126,239,12,11
1631741553877,32.77345968677315,-117.12761136245956,-15.94065061398763,126,239,12,11
1631741553998,32.773445008651585,-117.12763894126718,-15.941042195784853,125,239,12,11
1631741554118,32.77343032473564,-117.12766651721874,-15.94742286332001,125,240,13,11
1631741554252,32.773415637151004,-117.12769414312794,-15.947757244821268,124,239,13,11
1631741554342,32.77340094385752,-117.12772184502276,-15.95088942711676,123,239,13,11
1631741554616,32.77334223880104,-117.12783312601098,-16.005420315680418,117,237,13,11
1631741554730,32.77332755285811,-117.12786105852685,-16.02030289051852,114,236,13,11
1631741554853,32.773312978439485,-117.12788903003921,-16.033793039144243,112,236,13,11
1631741554973,32.773298423452275,-117.12791704157611,-16.05292532645132,110,234,13,11
1631741555088,32.77328378114691,-117.1279452084302,-16.067483885684013,108,232,13,11
1631741555222,32.77326922845455,-117.12797331054294,-16.0780973667558,105,230,13,11
1631741555479,32.77321175997048,-117.12808596956775,-16.087948896570786,99,225,13,11
1631741555646,32.77319763689278,-117.12811428938436,-16.08213168247105,98,225,13,11
1631741555758,32.773183529828145,-117.12814263557102,-16.0895748160923,97,224,13,11
1631741555882,32.773169523616474,-117.12817102032157,-16.095875385980293,96,223,13,11
1631741556001,32.77315560606842,-117.12819944142228,-16.09744402911787,95,222,13,11
1631741556116,32.77314177306628,-117.12822787502607,-16.09675109443734,94,222,13,11
1631741556250,32.77312805192512,-117.12825636674711,-16.09827165430733,94,221,13,11
1631741556493,32.7730740696415,-117.12837042484254,-16.110381399466903,89,214,13,11
1631741556656,32.7730608096823,-117.12839899311508,-16.10209405376441,89,215,13,11
1631741556769,32.77304758733024,-117.12842750492736,-16.1002678801987,88,214,13,11
1631741556891,32.77303446508683,-117.12845603293843,-16.091492340092074,88,214,13,11
1631741557007,32.7730214460947,-117.12848458447621,-16.080762006894922,88,214,13,11
1631741557118,32.77300853831511,-117.12851312889876,-16.074268729699195,87,214,13,11
1631741557253,32.772995668727845,-117.12854165989653,-16.069709411540824,87,214,13,11
1631741557512,32.77294493891804,-117.12865564908637,-16.084314299585778,81,204,13,11
1631741557677,32.77293247610794,-117.12868409812116,-16.0818555396563,80,202,13,11
1631741557791,32.772920075130926,-117.12871255620261,-16.081347062633867,79,200,13,11
1631741557907,32.77290775516333,-117.12874101976779,-16.0735286783635,79,199,13,11
1631741558021,32.77289543168513,-117.128769551848,-16.074951206775047,78,197,13,11
1631741558131,32.77288325478978,-117.12879794821647,-16.072738722903775,77,196,13,11
1631741558274,32.77287116142487,-117.12882634351223,-16.07041367813168,76,194,13,11
1631741558372,32.77285910742843,-117.12885471320335,-16.072214881394803,75,192,13,11
1631741558644,32.7728114855741,-117.12896823026898,-16.062335864587467,73,187,13,11
1631741558757,32.772799817350844,-117.128996551772,-16.065232101761154,72,186,13,11
1631741558868,32.7727881797612,-117.12902486426852,-16.068092329488845,72,185,13,11
1631741558986,32.77277662879616,-117.1290531858086,-16.07855935647367,72,185,13,11
1631741559098,32.77276519477828,-117.12908149501263,-16.08491763203107,71,184,13,11
1631741559231,32.772753800439425,-117.12910984104158,-16.084087409193454,71,184,13,11
1631741559411,32.77274248493352,-117.12913821244301,-16.087413194578257,71,184,13,11
1631741559613,32.77269800438982,-117.12925193152216,-16.137146149918152,71,184,13,11
1631741559726,32.77268700152197,-117.12928038379452,-16.13270880000143,71,184,13,11
1631741559836,32.77267602317231,-117.1293088693604,-16.131244845865048,71,183,13,11
1631741560010,32.772665078958326,-117.12933733948122,-16.142780161175633,70,182,12,11
1631741560123,32.77265422910193,-117.12936574810135,-16.153493679518895,70,181,10,11
1631741560258,32.77264340629181,-117.1293942167621,-16.14901643251928,70,181,9,11
