4925063400892,32.96552018526741,-117.17826730169702,56.37407947840538,86,123,15,11
4925063400975,32.965533370000365,-117.17824220279932,56.37842647437279,86,123,15,11
4925063401094,32.96554652721611,-117.17821711817614,56.3749843874001,86,123,15,11
4925063401244,32.96555966107453,-117.17819200288234,56.37764010515718,85,123,15,11
4925063401347,32.96557276720598,-117.1781668580491,56.38830304511866,85,123,15,11
4925063401471,32.965585864630405,-117.1781416881433,56.39177791217636,85,123,15,11
4925063401573,32.965598943592276,-117.17811651496831,56.39014744325653,84,123,15,11
4925063401653,32.96561199787264,-117.17809128464694,56.38937948721477,84,123,15,11
4925063401747,32.96562500724117,-117.17806602428503,56.383592155603246,84,123,15,11
4925063401827,32.96563795127625,-117.17804071102493,56.37879475872114,83,123,15,11
4925063401929,32.96565086970454,-117.17801531771339,56.38140138895475,83,123,15,11
4925063402044,32.96568916346157,-117.17793878508685,56.35922274833427,82,123,15,11
4925063402158,32.96570179990825,-117.17791317028329,56.34886131796787,82,123,15,11
4925063402241,32.96571438721122,-117.17788754125863,56.33281987859859,82,122,15,11
4925063402336,32.96572691269532,-117.1778619013609,56.319177330977006,82,122,15,11
4925063402438,32.96573937452584,-117.17783621561993,56.311588051388675,81,122,15,11
4925063402531,32.96575175877302,-117.17781053664297,56.299057390288176,81,122,15,11
4925063402674,32.96576407981422,-117.17778484519584,56.28723421177991,81,122,15,11
4925063402753,32.96577633027664,-117.17775912518307,56.283524480236544,81,122,15,11
4925063402845,32.96578848563861,-117.17773337961557,56.28246459433626,81,122,15,11
4925063402973,32.96580054162427,-117.17770760733693,56.279509479252546,81,122,15,11
4925063403054,32.96581247822899,-117.17768181603736,56.27219120519608,80,122,15,11
4925063403167,32.965824318694374,-117.17765597906308,56.271954540928974,80,122,15,11
4925063403245,32.96583601404616,-117.17763010307542,56.27189793630561,80,122,15,11
4925063403399,32.96584760548553,-117.17760418555196,56.27116745007389,80,122,15,11
4925063403480,32.96585911519022,-117.17757825328215,56.26616972522718,80,122,15,11
4925063403564,32.96587064325403,-117.17755208456566,56.25985432746794,80,122,15,11
4925063403647,32.96588200115075,-117.17752612920994,56.251059155130065,80,122,14,11
4925063403765,32.96589329001049,-117.17750019425556,56.234032008106546,80,122,13,11
4925063403919,32.965904506844595,-117.17747430793355,56.225371577572986,80,122,10,11
4925063404012,32.965915671308004,-117.17744835095434,56.22133512171381,80,122,8,11
4925063404166,32.96592677534117,-117.17742242175137,56.21314838624527,80,122,7,11
4925063404237,32.96593787379792,-117.17739648409558,56.187091099067935,82,124,0,13
4925063404348,32.965948928279396,-117.17737055029086,56.169240940614415,85,125,0,13
4925063404440,32.96595992966068,-117.17734464551413,56.14953926299969,87,127,0,13
4925063404524,32.9659708610142,-117.1773187870027,56.12378139486014,90,129,0,13
4925063404619,32.965981728110506,-117.17729292392647,56.10589587145392,92,130,0,13
4925063404713,32.96599252298725,-117.1772670983068,56.08263811624877,95,132,0,13
4925063404822,32.96600325006613,-117.17724127914249,56.060572956109844,97,134,0,13
4925063404898,32.966013899511964,-117.17721551631088,56.02620834397796,100,136,0,13
4925063404985,32.96602446404474,-117.17718976399742,55.99452807992566,103,137,0,13
4925063405129,32.96603494318645,-117.17716399336729,55.97136036604267,106,139,0,13
4925063405227,32.96604534483926,-117.17713821837113,55.94760576651573,109,141,0,13
4925063405326,32.96605567519153,-117.1771124442601,55.919619473936514,111,143,0,13
4925063405433,32.96606595443293,-117.17708663128835,55.89706684871312,115,145,0,13
4925063405513,32.966076177832406,-117.17706080691848,55.866517811368745,118,147,0,13
4925063405596,32.96608634110886,-117.17703496281631,55.83110896824183,121,149,0,13
4925063405678,32.96609644003064,-117.17700905443358,55.80325202191265,124,151,0,13
4925063405790,32.96610647301189,-117.17698310796875,55.772153596365925,128,153,0,13
4925063405971,32.966116448462074,-117.17695716523164,55.74427592846422,130,154,15,11
4925063406082,32.966126394700204,-117.17693110309999,55.70913672103664,134,156,0,13
4925063406232,32.966136254900846,-117.17690503936753,55.67409675599087,136,158,15,11
4925063406315,32.96614603538566,-117.1768789509096,55.644785027094855,137,159,15,11
4925063406417,32.96615574964657,-117.17685278489012,55.62059516751629,138,161,15,11
4925063406512,32.96616542553747,-117.17682654687616,55.59709108644206,138,161,15,11
4925063406603,32.96617506687386,-117.17680023386482,55.57337214068169,138,162,15,11
4925063406698,32.96618474470083,-117.17677368561861,55.54825844908448,136,163,15,11
4925063406782,32.96619435759386,-117.1767471928011,55.525804312247196,135,163,15,11
4925063406884,32.9662039568421,-117.17672059602793,55.50246968472341,134,164,15,11
4925063406965,32.966213571689444,-117.17669387332033,55.48178072040875,132,164,15,11
4925063407088,32.96622323162482,-117.17666704489581,55.45476330034281,131,164,15,11
4925063407169,32.966232951266164,-117.1766401132389,55.42821953310559,129,164,15,11
4925063407339,32.96624278316465,-117.17661288899806,55.4064577428058,127,164,15,11
4925063407437,32.96625260955077,-117.17658571545412,55.38371066506366,125,164,15,11
4925063407519,32.96626248407681,-117.1765584212608,55.35951446581225,123,163,15,11
4925063407609,32.96627239818354,-117.1765310148589,55.336792606170825,121,163,15,11
4925063407690,32.966282364715845,-117.1765034935169,55.32015640031002,119,163,15,11
4925063407802,32.96629238598381,-117.17647586239742,55.30618965845927,117,162,15,11
4925063407886,32.96630249261657,-117.17644801246135,55.2883186965697,115,162,15,11
4925063408030,32.96631258429685,-117.17642025584937,55.27036329043224,113,161,15,11
4925063408148,32.96632271100627,-117.17639247111111,55.24711586351075,112,161,15,11
4925063408300,32.96633285062463,-117.17636463501101,55.22504612706873,110,160,15,11
4925063408400,32.96634296929721,-117.17633673247205,55.20500771850626,109,160,15,11
4925063408498,32.96635305841665,-117.17630877066522,55.18754019257633,108,159,15,11
4925063408584,32.96636319414349,-117.17628062466378,55.16909732658035,106,158,15,11
4925063408674,32.96637325050801,-117.17625262191135,55.13741831222912,105,158,15,11
4925063408757,32.96638325842106,-117.17622454489178,55.12028601378014,104,157,15,11
4925063408858,32.966393208739454,-117.17619636644069,55.10932380246711,102,156,15,11
4925063408943,32.96640308522832,-117.17616816346143,55.08303307120339,101,156,15,11
4925063409031,32.9664128729433,-117.17613997196976,55.04102641227744,100,155,15,11
4925063409150,32.966422619037786,-117.17611162772855,55.009090209558764,99,154,15,11
4925063409305,32.96643222235956,-117.1760833234131,54.99674057778961,98,154,15,11
4925063409409,32.96644173011002,-117.17605493324393,55.0002209222761,98,153,15,11
4925063409495,32.96645117886684,-117.17602646323766,55.01261401176279,97,152,15,11
4925063409603,32.96646060686626,-117.1759978976974,55.02371202394087,96,152,15,11
4925063409684,32.966470005084695,-117.17596929923816,55.014434468141815,95,151,15,11
4925063409767,32.96647936740502,-117.17594057683439,54.98805972550587,94,150,15,11
4925063409870,32.966488623481496,-117.17591186416483,54.969907495545925,94,150,15,11
4925063409949,32.96649780469367,-117.17588301518047,54.969053370239344,93,149,15,11
4925063410159,32.966533365679894,-117.17576666915971,54.93093367622073,91,146,15,11
4925063410246,32.96654191543959,-117.17573738554923,54.92795947717864,91,146,15,11
4925063410335,32.96655033131534,-117.17570802832982,54.914958370939594,90,145,15,11
4925063410442,32.96655861306058,-117.17567865171763,54.889355765499666,90,145,15,11
4925063410533,32.966566769550596,-117.1756492169346,54.86187543152,89,144,15,11
4925063410654,32.96657478801967,-117.1756197022053,54.841040675900324,89,144,15,11
4925063410744,32.966582674101595,-117.17559012620656,54.820403688973244,89,143,15,11
4925063410837,32.96659042334228,-117.17556048461365,54.79653769268864,89,142,15,11
4925063410970,32.96659803748929,-117.17553075950961,54.77166411765536,89,142,15,11
