1611351489776,33.01205590348502,-117.27950601640883,-29.59965577502404,77,122,14,11
1611351489858,33.012046603296895,-117.27950384258975,-29.589584568224357,77,122,14,11
1611351489954,33.01203729560154,-117.27950168808339,-29.57952246823645,77,122,14,11
1611351490079,33.012027960434004,-117.27949954576256,-29.568441408832275,77,122,13,11
1611351490192,33.012018607281775,-117.27949741188033,-29.558388495301735,77,122,13,11
1611351490342,33.01200924315998,-117.27949527757657,-29.54922881308595,77,122,13,11
1611351490436,33.01199985560015,-117.27949315149424,-29.543554855166402,77,121,13,11
1611351490505,33.011990414623156,-117.27949100570717,-29.536038708079996,77,121,13,11
1611351490643,33.01198093960652,-117.27948887439595,-29.52586346456483,77,121,13,11
1611351490764,33.01197142048699,-117.27948671339846,-29.514331920293667,77,121,13,11
1611351490906,33.01193301805207,-117.27947809537365,-29.488117774124422,77,121,12,11
1611351491008,33.011923313206324,-117.27947592310612,-29.47678113471051,77,121,12,11
1611351491152,33.011913578720545,-117.27947371340983,-29.46519042421251,77,121,12,11
1611351491246,33.011903811972616,-117.27947152490574,-29.457266264696322,77,121,14,11
1611351491317,33.01189401330752,-117.27946932694664,-29.453020544362115,77,121,14,11
1611351491421,33.01188417194036,-117.27946713793494,-29.449589544179116,77,121,14,11
1611351491526,33.01187428766638,-117.27946493420059,-29.446347283452997,77,121,14,11
1611351491607,33.01186436432598,-117.27946271716772,-29.442993853911247,77,121,14,11
1611351491696,33.011854404712274,-117.27946048383802,-29.438944305896516,77,121,14,11
1611351491795,33.01184441941642,-117.27945825332357,-29.438037065463213,77,121,14,11
1611351491892,33.01183437738326,-117.27945598872017,-29.43712275586361,77,121,14,11
1611351491983,33.01182431129587,-117.27945372305182,-29.439583538841077,77,121,14,11
1611351492189,33.01181419833168,-117.27945143571311,-29.44226891537055,77,121,14,11
1611351492351,33.011804017603474,-117.2794491219087,-29.443880425760643,77,121,14,11
1611351492424,33.011793707298985,-117.2794467615338,-29.43530968949741,77,121,14,11
1611351492578,33.01178333818746,-117.27944437175326,-29.43042721391217,77,121,14,11
1611351492679,33.01177293913215,-117.27944192232026,-29.437790684146446,77,121,14,11
1611351492767,33.01176245759692,-117.27943944128802,-29.45904720925034,77,121,14,11
1611351492857,33.01175181604353,-117.27943696932583,-29.456795807476652,77,121,14,11
1611351492989,33.0117410520382,-117.279434456004,-29.45159250121905,77,121,14,11
1611351493109,33.011730180376574,-117.27943194635145,-29.450534967764245,77,121,14,11
1611351493222,33.01171918741412,-117.27942942577637,-29.450771730318674,77,121,14,11
1611351493371,33.01170808623927,-117.2794268601111,-29.451828366142095,77,121,14,11
1611351493463,33.01169687561272,-117.27942429866899,-29.45122641425552,77,121,14,11
1611351493533,33.01168554558938,-117.27942170051276,-29.452801962174348,77,121,14,11
1611351493632,33.01167410651234,-117.27941909220675,-29.45423756194787,77,121,13,11
1611351493735,33.0116625478713,-117.27941648612018,-29.453402397840193,77,121,13,11
1611351493814,33.01165087266923,-117.2794138519072,-29.44835645798616,77,121,13,11
1611351493887,33.01163909280548,-117.27941119640894,-29.442470129495746,77,121,13,11
1611351494031,33.01162721018728,-117.27940852481014,-29.439093051191925,78,121,13,11
1611351494111,33.01161520923364,-117.27940582498891,-29.432345198413074,78,121,13,11
1611351494214,33.01160307709921,-117.27940310241837,-29.418858326416917,78,121,13,11
1611351494395,33.011553759349034,-117.2793920348814,-29.42333928801527,79,121,13,11
1611351494512,33.01154123146994,-117.27938922165676,-29.415885434230276,79,121,14,11
1611351494597,33.01152865456481,-117.27938636857112,-29.409248638118484,79,121,14,11
1611351494706,33.01151602296733,-117.27938346715635,-29.403982853489047,80,121,14,11
1611351494788,33.01150333712394,-117.27938055419656,-29.39968699383987,80,121,14,11
1611351494895,33.011490614097205,-117.27937763141973,-29.399007400538657,80,121,14,11
1611351494997,33.01147784253903,-117.27937470024906,-29.397496308060024,80,121,14,11
1611351495132,33.01146504713823,-117.27937177496743,-29.391953629809112,80,121,14,11
1611351495226,33.01145224221278,-117.2793688354536,-29.387963043665025,80,121,14,11
1611351495357,33.01143943735818,-117.27936587031171,-29.383844275708054,80,121,14,11
1611351495448,33.01142664019342,-117.2793628827737,-29.38244475261995,79,121,14,11
1611351495554,33.01141383845104,-117.27935993181117,-29.379638566136684,79,121,14,11
1611351495646,33.01140103992377,-117.27935698780027,-29.375745327098183,79,121,14,11
1611351495733,33.01138825304947,-117.27935406114987,-29.373162530499474,79,121,14,11
1611351495814,33.01137546723771,-117.27935115532324,-29.374539452678707,79,121,14,11
1611351495902,33.01136267571793,-117.27934826463418,-29.375599969986386,79,121,13,11
1611351496002,33.011349862082604,-117.27934540250473,-29.37419652886358,79,121,13,11
1611351496204,33.011337004133864,-117.2793425141896,-29.36866787342263,79,121,13,11
1611351496286,33.01132409407761,-117.27933965206685,-29.36296437538739,78,121,13,11
1611351496366,33.011311156874896,-117.27933675617459,-29.36220285666601,78,121,13,11
1611351496539,33.01129818366674,-117.27933385046983,-29.367394945080825,78,121,13,11
1611351496639,33.011285128119965,-117.27933095234532,-29.370464713669758,78,121,13,11
1611351496711,33.011271995227894,-117.27932803745146,-29.368268002322637,78,121,13,11
1611351496857,33.011258803336524,-117.27932510217289,-29.370262322943447,78,121,14,11
1611351496938,33.0112455287722,-117.27932214297313,-29.37501896620666,78,121,14,11
1611351497016,33.01123217761403,-117.27931913086101,-29.37762539002226,78,121,14,11
1611351497124,33.01121876787923,-117.27931607232983,-29.382943724238928,78,121,14,11
1611351497260,33.01120526894561,-117.27931297871348,-29.39125909648791,78,121,14,11
1611351497352,33.01119167766349,-117.27930983248245,-29.39603114728752,78,121,14,11
1611351497435,33.01117800914871,-117.27930662281672,-29.40351805309663,78,121,14,11
1611351497534,33.01116424896282,-117.27930330369429,-29.409346719903333,77,121,14,11
1611351497634,33.01115043903666,-117.27929991433464,-29.415097443336755,77,121,14,11
1611351497724,33.01113653840082,-117.27929646049526,-29.421980192632155,77,121,14,11
1611351497808,33.01112257134271,-117.27929292611381,-29.4273507880716,77,121,14,11
1611351497955,33.01110852155408,-117.27928932701025,-29.430687159156726,77,121,14,11
1611351498059,33.011094382564494,-117.27928565672389,-29.430494953536652,77,121,14,11
1611351498138,33.01108015177867,-117.27928191785804,-29.428685411819767,77,121,14,11
1611351498279,33.0110658514498,-117.27927815789212,-29.430630546745945,77,121,14,11
1611351498373,33.01105146092254,-117.27927437922597,-29.43293336452174,77,121,14,11
1611351498460,33.01103698599431,-117.27927060857928,-29.43217293643716,77,121,14,11
1611351498634,33.01102241476479,-117.27926683006577,-29.433598814995644,77,121,14,11
1611351498712,33.01100777249511,-117.27926302230183,-29.438036915827904,77,121,14,11
1611351498793,33.01099302045797,-117.27925916324223,-29.43850032383099,77,121,14,11
1611351498864,33.01097820589985,-117.27925530088125,-29.43583925515019,77,121,14,11
1611351499004,33.01096329269971,-117.27925139940248,-29.428337269059924,77,121,14,11
1611351499109,33.01094830579723,-117.27924748473906,-29.417350455624895,77,121,14,11
1611351499190,33.01093321687126,-117.27924352521221,-29.404477444455,77,121,14,11
1611351499325,33.010918063985486,-117.27923954490738,-29.395252706220482,77,121,14,11
1611351499424,33.010902820447065,-117.27923558622777,-29.39202143289436,77,121,14,11
1611351499510,33.01088756145413,-117.27923165798829,-29.39025241812902,77,121,14,11
1611351499699,33.01082612562555,-117.27921615037503,-29.349193330495517,77,121,14,11
1611351499791,33.01081067369519,-117.27921228551651,-29.342640679430552,77,121,14,11
1611351499920,33.01079526767588,-117.2792084601984,-29.34834883137395,77,121,14,11
