1631986088555,32.851450906226525,-117.23372312187506,29.853302046085414,27,50,13,11
1631986088660,32.85147583418727,-117.23370585725122,29.91024180322418,27,50,13,11
1631986088811,32.85150077553075,-117.23368854857468,30.00111206977654,27,50,13,11
1631986088924,32.851525761333,-117.23367116704497,30.112687599635496,27,50,13,11
1631986089128,32.85160087527155,-117.2336190191678,30.36105666386949,27,49,13,11
1631986089271,32.85162584011756,-117.23360163370575,30.438845544689634,27,49,13,11
1631986089383,32.851650818304215,-117.23358422407487,30.517747383795435,27,49,13,11
1631986089502,32.85167579477187,-117.23356678771695,30.595793854318945,27,49,13,11
1631986089614,32.85170077892756,-117.23354937080641,30.67339318127655,27,49,13,11
1631986089717,32.85172594284637,-117.23353182654415,30.75588492835846,27,49,13,11
1631986089863,32.85175091649962,-117.23351437301045,30.83273207111701,27,49,13,11
1631986090134,32.85185080223628,-117.23344453362252,31.13200669303528,28,51,13,11
1631986090315,32.85187599467855,-117.23342687122512,31.21919182356645,28,51,13,11
1631986090430,32.851900951980156,-117.2334093931717,31.29565327417732,28,51,13,11
1631986090546,32.85192592425424,-117.23339184261647,31.37235740134057,29,51,13,11
1631986090661,32.85195089111889,-117.23337430268514,31.44807465978507,29,51,13,11
1631986090762,32.85197589197645,-117.23335675454092,31.52008602503613,29,52,13,11
1631986090922,32.85200085682948,-117.23333921418978,31.588800132140065,29,51,13,11
1631986091124,32.85210106899614,-117.23326851565272,31.872532547914474,30,53,12,11
1631986091324,32.85212604817057,-117.23325081945184,31.925850064780807,30,53,12,11
1631986091434,32.852151030833085,-117.2332331463946,31.976788170737457,30,54,12,11
1631986091549,32.85217599457063,-117.23321544178305,32.036744915752536,30,54,12,11
1631986091670,32.85220093748916,-117.23319770695824,32.106905118903576,30,54,12,11
1631986091773,32.85222586389064,-117.23317992793913,32.2026390009566,30,54,12,11
1631986091972,32.85232550039112,-117.23310839592355,32.654507025050876,29,53,12,11
1631986092162,32.852350366885574,-117.23309043481036,32.76225933923907,29,53,12,11
1631986092310,32.852375239532,-117.23307244086276,32.87881106216648,28,52,12,11
1631986092479,32.85240014995521,-117.23305444425672,32.99119481242352,28,52,12,11
1631986092605,32.85242507019006,-117.23303644993463,33.08759316242485,28,53,12,11
1631986092724,32.85244992913427,-117.23301845450771,33.175368132041996,29,53,12,11
1631986092909,32.85254942979127,-117.23294611347761,33.57462919601737,29,54,12,11
1631986093029,32.85257429443368,-117.23292793460455,33.668163302292726,29,54,12,11
1631986093190,32.85259915120927,-117.23290969986432,33.755200040225404,29,54,12,11
1631986093346,32.852623990403536,-117.23289146413907,33.835869200479095,30,55,12,11
1631986093511,32.85264885348972,-117.2328732169871,33.91632425304726,30,55,12,11
1631986093622,32.852673708114175,-117.23285494517164,33.99749922733898,30,55,12,11
1631986093815,32.85277317917316,-117.23278191069177,34.37067750848284,31,57,12,11
1631986093929,32.85279806973223,-117.232763683644,34.47080847743818,31,57,12,11
1631986094071,32.85282295729907,-117.23274546325082,34.56291001876841,31,57,12,11
1631986094265,32.85284785569957,-117.23272724936778,34.65276750001663,31,57,12,11
1631986094411,32.85292252473649,-117.23267275855389,34.928049176303986,31,57,12,11
1631986094528,32.85294739565016,-117.23265458605957,35.026692590165574,31,58,13,11
1631986094631,32.85297227722372,-117.23263643913516,35.12086808804183,31,58,13,11
1631986094796,32.85299714462418,-117.23261827727,35.213684397340934,31,57,13,11
1631986094908,32.85302200353612,-117.23260013203334,35.29488666917333,31,57,13,11
1631986095022,32.85304687839568,-117.23258198753726,35.38088324204313,30,57,13,11
1631986095207,32.853121378626675,-117.23252769363349,35.6709970844384,30,57,13,11
1631986095320,32.85314617845007,-117.23250963537062,35.76772037682465,30,57,13,11
1631986095436,32.85317101074954,-117.23249159447873,35.86991219492898,30,57,13,11
1631986095555,32.853195878417985,-117.23247351262272,35.968167966462026,30,57,13,11
1631986095656,32.85322065797903,-117.23245552351688,36.05826843637634,30,57,13,11
1631986095799,32.85324551245002,-117.2324375838855,36.15773288211683,30,57,13,11
1631986095912,32.85327036024795,-117.2324197283738,36.249463382470246,29,56,13,11
1631986096145,32.85334496588134,-117.23236632687487,36.49285751158838,29,56,13,11
1631986096294,32.853369787225034,-117.23234860825022,36.58420160595645,29,55,13,11
1631986096407,32.853394603786064,-117.23233087720547,36.67859302397185,29,55,13,11
1631986096520,32.85341943040475,-117.23231314510114,36.77472693235535,28,54,13,11
1631986096638,32.85344425355728,-117.23229540863242,36.8638824639781,28,54,13,11
1631986096739,32.8534690825272,-117.23227773495154,36.933259624934024,28,54,13,11
1631986096886,32.85349401616441,-117.2322600023477,36.99205392349301,28,53,13,11
1631986097008,32.853518834963126,-117.23224238499708,37.053243306933126,28,53,13,11
1631986097117,32.85359335129829,-117.23218990422606,37.26176836045067,27,52,13,11
1631986097337,32.853618197099586,-117.2321724558732,37.35535613376513,26,51,13,11
1631986097447,32.85364320291299,-117.23215496133047,37.44892593485166,26,51,13,11
1631986097560,32.85366806501865,-117.23213765590235,37.53992742504619,26,50,13,11
1631986097680,32.85369292591203,-117.23212034527295,37.63465933172658,26,50,13,11
1631986097780,32.85371774076601,-117.23210299367004,37.72705542809924,26,50,13,11
1631986098013,32.85381695655279,-117.23203346275655,38.242563947154025,27,51,13,11
1631986098188,32.853841720922816,-117.23201605800502,38.39200040256342,27,51,13,11
1631986098336,32.85386651177245,-117.23199872759636,38.5237155446994,27,52,12,11
1631986098502,32.85389131571153,-117.23198136342963,38.64074375634096,28,52,12,11
1631986098623,32.85391608627464,-117.23196400168024,38.755968664024884,28,52,12,11
