1483232680398,32.880289958119086,-117.2330925165276,71.56738139215771,46,59,10,11
1483232680510,32.88029121606407,-117.23308974951014,71.56039620043158,46,59,10,11
1483232680626,32.88029260333074,-117.23308657072957,71.55109805026899,45,58,10,11
1483232680760,32.88029395380174,-117.2330832922928,71.54534661641746,44,58,10,11
1483232680877,32.880295297671864,-117.23307976695416,71.53725685656754,44,58,10,11
1483232681016,32.88029896931692,-117.2330681493821,71.4937321155036,45,58,10,11
1483232681167,32.880300063343185,-117.23306386989438,71.47963195292921,45,58,10,11
1483232681287,32.880301090835566,-117.23305941780875,71.46497159619214,46,59,11,11
1483232681401,32.88030208718222,-117.23305473779475,71.44944420284604,47,59,11,11
1483232681513,32.88030295281139,-117.23304986414048,71.4368744466063,48,60,11,11
1483232681688,32.88030372813103,-117.23304475431901,71.42313802225371,49,60,11,11
1483232681896,32.88030567287699,-117.2330223248918,71.3596310872685,52,61,11,11
1483232682039,32.88030566450723,-117.2330164848161,71.33810734081766,53,62,11,11
1483232682190,32.88030548429351,-117.23301052193763,71.31811044706815,55,63,11,11
1483232682303,32.8803051598136,-117.23300439309264,71.30420432661874,57,63,11,11
1483232682417,32.880304701945285,-117.23299811523702,71.28668289339251,58,64,12,11
1483232682530,32.88030401711894,-117.23299179036981,71.26495888809646,59,65,12,11
1483232682652,32.880303362523016,-117.23298523766968,71.24949136727143,59,65,12,11
1483232682789,32.88030251342797,-117.23297859124958,71.2503805400192,59,65,12,11
1483232682911,32.88030143136039,-117.23297190929657,71.25288160305463,60,65,12,11
1483232683125,32.88029547439678,-117.23294469520124,71.23751317071944,59,65,12,11
1483232683238,32.88029351755288,-117.23293786496161,71.2281910304754,59,65,12,11
1483232683352,32.88029139229911,-117.2329310328121,71.21378877740429,59,66,12,11
1483232683467,32.880289127663744,-117.23292418477345,71.19648774095671,59,66,12,11
1483232683658,32.880286730272935,-117.23291729859739,71.18453918702627,59,66,12,11
1483232683771,32.88028420913613,-117.232910392175,71.1786516650681,58,66,12,11
1483232683891,32.88027592735109,-117.23288957592574,71.16151845384803,58,66,12,11
1483232684116,32.88027302205407,-117.23288250032871,71.1621030426143,59,67,12,11
1483232684241,32.88027004601325,-117.23287543945631,71.15654753251872,59,67,12,11
1483232684356,32.88026697234381,-117.23286838096193,71.15152003743589,59,67,12,11
1483232684468,32.88026383979025,-117.23286126534332,71.14960452886434,59,67,12,11
1483232684581,32.88026073300398,-117.23285405069618,71.13898977546592,60,68,12,11
1483232684824,32.88024790564685,-117.23282497079855,71.13526780624925,62,69,12,11
1483232684913,32.88024431783543,-117.23281819855764,71.14200700683885,60,69,12,11
1483232685080,32.880240762231416,-117.23281135308567,71.15713320779702,58,69,12,11
1483232685210,32.880237249527454,-117.23280428543539,71.17036097185967,58,69,12,11
1483232685320,32.880233692529714,-117.23279725537839,71.18344674281163,56,68,12,11
1483232685446,32.88023026629891,-117.23279004505798,71.1917782616358,55,68,12,11
1483232685559,32.88022689724239,-117.23278269882587,71.19756736860298,55,68,12,11
1483232685829,32.880213549709275,-117.2327527434523,71.23203637026198,53,68,12,11
1483232685917,32.88021024794686,-117.23274502030318,71.23980117005371,52,68,12,11
1483232686227,32.88020700601935,-117.23273728648752,71.25074472772856,52,68,12,11
1483232686343,32.88020384004045,-117.23272948075171,71.2549169067192,51,68,12,11
1483232686547,32.88019126012203,-117.23269775001182,71.28084102290198,49,67,12,11
1483232686660,32.880188200341976,-117.23268960383122,71.28699271058747,49,67,12,11
1483232686821,32.88018522190132,-117.2326814187117,71.28957366651193,49,67,12,11
1483232686940,32.88018227147118,-117.23267316765568,71.29856108635983,49,67,12,11
1483232687027,32.880179388655456,-117.2326649067559,71.30805000792093,49,67,12,11
1483232687328,32.880168407482984,-117.23263157156296,71.35515772936132,46,66,12,11
1483232687440,32.8801658639828,-117.23262304228984,71.36206342235745,46,66,12,11
1483232687635,32.8801633237086,-117.23261454252524,71.37241364042042,46,66,12,11
1483232687748,32.880160800898636,-117.2326061009514,71.38562716746543,46,66,12,11
1483232687905,32.8801584037403,-117.2325977383444,71.40130175834545,45,65,12,11
1483232688019,32.88015599879581,-117.23258935980002,71.41250655734515,45,64,12,11
1483232688164,32.88015363194592,-117.23258106098955,71.4258975498958,44,64,12,11
1483232688338,32.88014455351641,-117.23254763779603,71.48102664568144,42,62,12,11
1483232688452,32.88014231080637,-117.23253940371501,71.49705717718291,42,61,12,11
1483232688587,32.88014011120088,-117.2325312496887,71.51740770664811,41,60,11,11
1483232688703,32.88013802177331,-117.23252303380445,71.5303622497206,40,59,12,11
1483232688851,32.88013593532081,-117.23251477691534,71.54420461664084,40,59,11,11
1483232688967,32.88013390754232,-117.2325065745184,71.54897299986742,40,59,11,11
1483232689118,32.88012792887728,-117.23248228441253,71.54938525115749,39,59,11,11
1483232689232,32.880126012349635,-117.23247423981476,71.5470706081671,39,59,11,11
1483232689346,32.88012410316771,-117.2324662118866,71.55195624708105,40,59,11,11
1483232689463,32.880122262187136,-117.23245815237476,71.56067260128525,40,59,11,11
1483232689654,32.880120467425655,-117.2324501074556,71.56959522797526,40,60,11,11
1483232689777,32.88011863963822,-117.23244224078773,71.58356047548979,40,59,11,11
1483232689927,32.88011682703401,-117.23243449691174,71.60110762520759,40,59,11,11
1483232690123,32.88011001803885,-117.2324036852852,71.65612957264666,39,58,11,11
1483232690207,32.88010838164734,-117.23239604393282,71.66310301326287,39,58,11,11
1483232690354,32.88010680966455,-117.23238848055223,71.66310547327302,39,58,11,11
1483232690467,32.88010526062362,-117.23238099128373,71.67445146476574,39,58,11,11
1483232690607,32.880103695879335,-117.23237351606986,71.68435070378152,39,58,11,11
