1613868756229,32.71583991658918,-117.08816573731524,21.601610033968814,43,88,10,11
1613868756350,32.71583988836921,-117.08816576276932,21.59730488901074,42,88,10,11
1613868756485,32.715839900728064,-117.0881657470442,21.596104233003995,42,88,10,11
1613868756612,32.715839882201784,-117.08816577588152,21.595273740326615,42,88,10,11
1613868756725,32.71583989594473,-117.08816576982511,21.594217369466893,42,88,10,11
1613868756803,32.71583989755949,-117.0881657908639,21.591389322857967,42,88,10,11
1613868757042,32.71583986291329,-117.08816580764308,21.58748748354395,42,87,10,11
1613868757177,32.71583984931655,-117.08816580334948,21.58696149381914,42,87,10,11
1613868757269,32.71583985626751,-117.08816582738666,21.584501704952483,42,87,10,11
1613868757419,32.715839849469205,-117.0881658252836,21.584897976261168,42,87,10,11
1613868757559,32.715839837530325,-117.08816582646837,21.585057545549624,42,87,10,11
1613868757672,32.71583983734466,-117.0881658249272,21.583101352408224,41,87,10,11
1613868757796,32.715839843237404,-117.08816583909662,21.581933061023683,41,87,10,11
1613868757908,32.71583981630165,-117.08816586639064,21.582069316661595,41,87,10,11
1613868758002,32.715839808321824,-117.08816587259366,21.57912613138212,41,87,10,11
1613868758204,32.715839807459965,-117.08816587293803,21.57675795147426,41,87,10,11
1613868758294,32.71583980029201,-117.08816587063595,21.577396813888367,41,87,10,11
1613868758449,32.715839794175174,-117.08816587417489,21.577322972215494,41,87,10,11
1613868758587,32.715839781756536,-117.08816588369739,21.576147216865387,41,87,10,11
1613868758698,32.71583976923985,-117.08816587774253,21.57479892453231,41,86,10,11
1613868758824,32.71583975497461,-117.08816587998334,21.56650121319808,41,86,10,11
1613868758958,32.715839762718716,-117.08816588738401,21.5645799105808,41,85,10,11
1613868759096,32.715839753992675,-117.08816587785853,21.564089436815834,40,85,10,11
1613868759240,32.71583974605971,-117.08816588857017,21.561593745733546,40,85,10,11
1613868759411,32.71583974220109,-117.0881658762283,21.56248310912215,40,85,10,11
1613868759529,32.71583973801817,-117.08816588252608,21.559886096527965,40,85,10,11
1613868759683,32.715839737293514,-117.08816590338037,21.556365199700505,40,84,10,11
1613868759840,32.71583971843014,-117.08816589546826,21.55196078306122,40,84,10,11
1613868759976,32.71583972955386,-117.08816590520885,21.547724699484874,40,83,10,11
1613868760112,32.71583972336848,-117.08816589466707,21.54792012101958,39,83,10,11
1613868760258,32.71583971941714,-117.08816590683956,21.546664516477172,39,83,10,11
1613868760349,32.71583971834076,-117.08816591518277,21.54724086003305,39,83,10,11
1613868760630,32.71583972929623,-117.08816592841507,21.549219551869058,40,84,10,11
1613868760723,32.715839725245914,-117.08816592901418,21.552747314887462,40,84,10,11
1613868760927,32.71583972401269,-117.08816593494369,21.554916341197334,41,84,10,11
1613868761063,32.715839714032796,-117.08816594958756,21.555575927121954,41,85,10,11
1613868761201,32.7158397183194,-117.08816596017434,21.560289597863544,41,86,10,11
1613868761352,32.71583970552243,-117.0881659579018,21.56133280663124,41,86,10,11
1613868761485,32.71583970192938,-117.08816595627025,21.5585953910787,41,86,10,11
1613868761607,32.715839707482324,-117.08816596991373,21.557664969173338,41,86,10,11
1613868761720,32.71583970572683,-117.08816598734907,21.556144715023297,41,86,10,11
1613868761833,32.71583969052245,-117.08816598217317,21.556158830020067,41,86,10,11
1613868761959,32.715839697370335,-117.08816600377246,21.549914125884037,41,85,10,11
1613868762123,32.715839675682204,-117.08816599462055,21.54691249955796,40,84,10,11
1613868762212,32.715839673633354,-117.08816602148035,21.54460003385708,40,84,10,11
1613868762375,32.715839667024674,-117.08816602237873,21.54572933478676,40,84,10,11
1613868762513,32.715839677183844,-117.08816602131279,21.543809231141292,40,84,10,11
1613868762625,32.71583965952751,-117.0881660316674,21.54346873828375,40,84,10,11
1613868762737,32.71583966892757,-117.0881660219818,21.544176682777362,41,84,10,11
1613868762824,32.71583968278666,-117.08816602069383,21.546601206692397,41,85,10,11
1613868763158,32.71583964536268,-117.08816600175741,21.553762207942057,41,86,10,11
1613868763249,32.71583965258443,-117.08816602218695,21.552493411240096,42,86,10,11
1613868763403,32.71583965866649,-117.08816604145642,21.55138159185642,42,86,10,11
1613868763545,32.71583966623615,-117.08816601759821,21.551233583639707,42,86,10,11
1613868763659,32.71583967252296,-117.08816604164005,21.54927283656891,41,86,10,11
1613868763771,32.715839661572396,-117.08816604076313,21.54692852073902,41,86,10,11
1613868763922,32.71583964590852,-117.0881660325505,21.54444302873713,41,86,10,11
1613868764059,32.715839644087396,-117.08816603545458,21.544281636071094,41,86,10,11
1613868764259,32.71583966126232,-117.08816603909438,21.542436698652274,41,86,10,11
1613868764348,32.715839625021495,-117.08816598087155,21.54575442141047,41,86,10,11
1613868764502,32.71583962474113,-117.08816600241428,21.545836509431464,41,86,10,11
1613868764635,32.715839627989595,-117.08816601000969,21.54649848442686,42,86,10,11
1613868764823,32.71583958884848,-117.08816597895566,21.547318818384134,42,86,10,11
1613868764958,32.71583958665756,-117.08816597967426,21.548304626440512,42,86,10,11
1613868765097,32.71583957653455,-117.08816599520554,21.548288350305228,42,87,10,11
1613868765287,32.715839564790095,-117.0881659856847,21.55128386350272,42,87,10,11
1613868765381,32.715839569694715,-117.08816596595035,21.552961326461045,42,87,10,11
1613868765621,32.71583955361871,-117.0881659197631,21.556467806679688,43,89,10,11
1613868765699,32.71583955738175,-117.0881659285598,21.557864782325254,43,89,10,11
1613868765849,32.715839576391865,-117.08816592339672,21.560804559316463,44,90,10,11
1613868765983,32.7158396340196,-117.08816591491065,21.560215839822174,44,90,10,11
1613868766126,32.71583969803306,-117.08816591174306,21.559971458265988,44,90,10,11
1613868766316,32.71583978013168,-117.08816590554439,21.559318537325634,43,89,10,11
