1614546237401,32.723409018451406,-117.17322202382559,-30.50623957476108,40,58,15,11
1614546237514,32.723395080997236,-117.17322111894572,-30.507552390683998,39,58,15,11
1614546237648,32.7233811027011,-117.17322024291504,-30.500013570759844,39,58,15,11
1614546237827,32.723367147763796,-117.17321939234942,-30.491299984425414,39,58,15,11
1614546237935,32.72335323042511,-117.17321859862679,-30.487474347155597,37,56,15,11
1614546238045,32.7233393356752,-117.17321786816811,-30.4785279117869,36,55,15,11
1614546238181,32.72332562351878,-117.17321720403379,-30.471526116087805,35,54,15,11
1614546238360,32.72327212668355,-117.17321501488259,-30.440766609357667,30,46,15,11
1614546238510,32.72325910736665,-117.17321449170721,-30.43941633860959,29,45,15,11
1614546238644,32.723246199412,-117.17321395664021,-30.438396598836174,29,45,15,11
1614546238758,32.72323336395323,-117.17321344823377,-30.431401850108713,29,45,15,11
1614546238931,32.723220608301915,-117.17321295233948,-30.420371128762365,29,45,15,11
1614546239043,32.72320793504393,-117.17321246619002,-30.41160913436208,30,45,15,11
1614546239122,32.72319532753025,-117.17321200970663,-30.401722177851248,30,45,15,11
1614546239399,32.72314510935856,-117.17321045555228,-30.37296877985503,29,43,15,11
1614546239567,32.72313259060369,-117.17321007448102,-30.368523762358734,29,43,15,11
1614546239678,32.72312008289254,-117.1732097252246,-30.36367244299412,28,42,15,11
1614546239792,32.72310747577628,-117.17320939228982,-30.35899402922288,28,42,15,11
1614546239875,32.723094976955004,-117.173209024642,-30.352120701290385,28,42,15,11
1614546240167,32.723045157236285,-117.1732075132624,-30.336764495419324,28,41,15,11
1614546240280,32.723032712335424,-117.17320712401406,-30.326268732794716,28,41,15,11
1614546240434,32.723020281069935,-117.17320679324335,-30.319643897722184,28,40,15,11
1614546240603,32.72300788544327,-117.17320640006993,-30.32175347738352,27,40,15,11
1614546240715,32.722995514212684,-117.17320599547377,-30.325059043442774,28,41,15,11
1614546240946,32.722945972878065,-117.17320489170012,-30.30337764482715,30,43,15,11
1614546241091,32.722933467687014,-117.1732047963932,-30.293484060042477,31,43,15,11
1614546241203,32.722920895484535,-117.17320471533114,-30.284173873652815,31,43,15,11
1614546241377,32.72290825671197,-117.17320458589782,-30.278291246205896,31,44,15,11
1614546241667,32.72285668238238,-117.17320408390108,-30.260571280397222,30,43,15,11
1614546241791,32.72284340072171,-117.17320395196732,-30.256860455454937,29,42,15,11
1614546241960,32.722829892549235,-117.17320383279838,-30.248616383610184,30,42,15,11
1614546242039,32.72281621810898,-117.17320375950501,-30.23843165457946,30,43,15,11
1614546242204,32.72280249636472,-117.17320371761065,-30.230944325755505,30,43,15,11
1614546242322,32.72278880198928,-117.17320369129797,-30.225166746791647,30,43,15,11
1614546242566,32.72273506376753,-117.17320343030143,-30.208778321530545,28,41,15,11
1614546242680,32.722721985316724,-117.17320335622667,-30.203496226124972,28,41,15,11
1614546242831,32.7227090532274,-117.17320327088618,-30.19796031616165,27,40,15,11
1614546242974,32.72269627618298,-117.17320317724472,-30.200127108967028,26,39,15,11
1614546243074,32.72268370061321,-117.17320309255096,-30.207206195565874,26,39,15,11
1614546243227,32.7226712915013,-117.17320303622368,-30.213780387826116,27,39,15,11
1614546243362,32.72263504208794,-117.17320294619572,-30.21115555858872,27,39,15,11
1614546243476,32.722623296047566,-117.17320289438464,-30.210618045793662,27,39,15,11
1614546243620,32.7226117155202,-117.17320285539698,-30.21113127360918,28,40,15,11
1614546243734,32.72260029446723,-117.17320281131212,-30.210916884985537,28,40,15,11
1614546243907,32.72258906005385,-117.17320277459449,-30.215643230132954,28,40,15,11
1614546244017,32.72257799156153,-117.1732027680546,-30.223523045336368,29,40,15,11
1614546244128,32.72256709051048,-117.17320280984727,-30.232047818770596,29,40,15,11
1614546244272,32.72255635276755,-117.17320287843397,-30.240964205418276,29,41,15,11
1614546244479,32.722514020378085,-117.17320312648566,-30.283231054614667,29,40,15,11
1614546244577,32.7225034879019,-117.17320319276422,-30.296155017660983,28,39,15,11
1614546244730,32.72249296449343,-117.17320325693295,-30.303865044646663,27,39,15,11
1614546244903,32.722482444826525,-117.17320333995976,-30.30818558341925,27,39,15,11
1614546245015,32.722471950288316,-117.17320336822152,-30.311822047794877,28,39,15,11
1614546245094,32.722461459720286,-117.17320342211671,-30.317218942438735,27,39,15,11
1614546245357,32.72241969843485,-117.17320347377172,-30.32021182785294,26,38,15,11
1614546245525,32.722409184427654,-117.1732034838117,-30.320531583970666,26,38,15,11
1614546245620,32.72239856944638,-117.17320349281556,-30.31736151820916,25,38,15,11
1614546245767,32.72238796005592,-117.17320345092668,-30.31329951188773,26,38,15,11
1614546245848,32.72237730884935,-117.17320333657737,-30.30647865601272,26,38,15,11
1614546246051,32.72236662449373,-117.17320319389029,-30.300804717746715,26,39,15,11
1614546246256,32.722323796922566,-117.17320300023776,-30.284590387171303,27,40,15,11
1614546246403,32.722313137795815,-117.17320295600622,-30.280646520752157,27,40,15,11
1614546246570,32.72230248681712,-117.17320288811219,-30.279730053516676,27,39,15,11
1614546246663,32.72229186807021,-117.17320282099409,-30.280489030499936,27,39,15,11
1614546246945,32.722249406729176,-117.17320264723594,-30.2845317653787,25,38,15,11
1614546247089,32.72223886794018,-117.17320267521296,-30.290361264689498,25,38,15,11
1614546247202,32.72222834666582,-117.1732027526398,-30.295510016192235,25,37,15,11
1614546247381,32.722217826901804,-117.17320285990337,-30.299754882502214,25,38,15,11
1614546247556,32.72220733306389,-117.17320295313006,-30.30333990508823,25,38,15,11
