1619903732295,32.88109354172289,-117.22917130102613,69.19803734469319,104,105,0,13
1619903732417,32.881074336037805,-117.22915676412742,69.1345822541989,116,111,0,13
1619903732565,32.88106774666675,-117.2291517750239,69.10689502417459,120,113,0,13
1619903732699,32.88106103861422,-117.22914675435867,69.08075111131511,124,115,0,13
1619903732885,32.88105426922299,-117.22914162560743,69.06202880664404,128,117,0,13
1619903733023,32.88104746963412,-117.22913637278292,69.03937404193928,133,119,0,13
1619903733141,32.88104058693754,-117.2291311015124,69.00601179491785,137,121,0,13
1619903733257,32.88103358914446,-117.22912580220562,68.9788320483515,142,123,0,13
1619903733341,32.88102651766423,-117.22912037680832,68.96362938586282,146,125,0,13
1619903733487,32.88100479609364,-117.22910394720114,68.89589173026026,161,131,10,11
1619903733599,32.88099704811986,-117.22909913540686,68.86866787193821,163,133,10,11
1619903733769,32.88098924731778,-117.22909435371169,68.83960935637936,166,135,10,11
1619903733928,32.88098092380556,-117.22909046512206,68.8056857160311,166,137,10,11
1619903734085,32.88097260853313,-117.22908647469579,68.77334332559093,166,139,10,11
1619903734198,32.88096408078326,-117.22908260391479,68.74393286303659,165,141,10,11
1619903734395,32.88092961089163,-117.2290664178096,68.63950039851177,163,149,10,11
1619903734517,32.88092075127021,-117.22906244070556,68.61137910892873,162,150,10,11
1619903734630,32.880911718406146,-117.22905876306372,68.5890123107883,158,152,10,11
1619903734799,32.88090279174321,-117.22905476535291,68.56432107609724,156,153,10,11
1619903734928,32.88089364130008,-117.22905100221939,68.54252377314849,153,155,9,11
1619903735115,32.88088448127699,-117.22904711234553,68.52602540142657,150,156,9,11
1619903735228,32.880875308923116,-117.22904301929749,68.50617465562611,148,157,9,11
1619903735393,32.880838621136846,-117.22902658951304,68.3966336848942,139,162,9,11
1619903735509,32.880829351160735,-117.2290223331168,68.38257785870707,135,163,9,11
1619903735618,32.880820142891324,-117.2290181306714,68.38372687093836,132,163,9,11
1619903735738,32.880810683250424,-117.22901401447481,68.37453404048243,128,163,9,11
1619903735919,32.880801268113544,-117.22901000417609,68.36847841170818,123,163,9,11
1619903736088,32.88079189066954,-117.22900592552759,68.35266534509466,120,163,9,11
1619903736199,32.880782481984646,-117.22900182728546,68.33114542509877,117,163,9,11
1619903736400,32.88074432924626,-117.22898568974121,68.31540679863174,111,165,9,11
1619903736513,32.880734709228456,-117.22898181017624,68.31264911824684,109,165,9,11
1619903736626,32.88072505582892,-117.228978137178,68.29062046526269,108,165,10,11
1619903736736,32.880715312126334,-117.22897457907489,68.27729518534021,107,166,10,11
1619903736877,32.88070568487376,-117.22897086639128,68.26336798762493,107,166,10,11
1619903737092,32.88069602328391,-117.22896734073308,68.25847678156936,106,167,10,11
1619903737212,32.880686301895835,-117.22896417628269,68.26017958651889,104,166,10,11
1619903737401,32.88064686833191,-117.2289544536303,68.29503465965358,96,162,10,11
1619903737513,32.88063686013738,-117.22895283351244,68.31065568682592,92,159,10,11
1619903737639,32.88062686675492,-117.22895138630697,68.31007106512939,91,158,10,11
1619903737751,32.880616839662245,-117.22895022560324,68.3100856242156,89,157,11,11
1619903737891,32.88060678634484,-117.22894928451929,68.30916742671944,87,155,11,11
1619903738110,32.880596717771944,-117.22894851735673,68.3110215978166,86,154,11,11
1619903738222,32.88058657511652,-117.2289480047986,68.31966333304494,85,153,11,11
1619903738426,32.88054592785179,-117.22894708592459,68.31550685379875,80,148,11,11
1619903738545,32.88053569721899,-117.2289471402053,68.31675213615675,79,147,11,11
1619903738658,32.88052542522009,-117.22894723905759,68.32051021138845,78,145,11,11
1619903738770,32.88051514792926,-117.22894745829174,68.32085718051687,77,144,11,11
1619903738982,32.88050480364749,-117.2289477905322,68.32368657355559,76,142,11,11
1619903739125,32.880494368168485,-117.2289482348733,68.3259744079355,74,140,11,11
1619903739316,32.880452529059426,-117.228949845822,68.2889866777042,72,135,11,11
1619903739431,32.88044164382707,-117.22895094610755,68.26751207331235,71,135,11,11
1619903739544,32.880430661228324,-117.22895209946448,68.25260174275195,70,133,11,11
1619903739657,32.88041977364416,-117.22895318663224,68.23087948117058,69,133,11,11
1619903739823,32.88040885319378,-117.22895423019035,68.20046692953314,68,132,11,11
1619903739968,32.8803979283013,-117.22895527803338,68.17687413078589,67,131,11,11
1619903740137,32.88038700004388,-117.22895619354092,68.15224183163092,67,131,11,11
1619903740324,32.88034308512677,-117.2289605003843,68.04374050143933,63,127,11,11
1619903740501,32.88033197923048,-117.2289615605037,68.0115833445964,62,126,11,11
1619903740615,32.88032090986451,-117.22896272099122,68.00036688951127,60,123,10,11
1619903740727,32.88030978792277,-117.22896376415568,67.98863012073923,58,120,10,11
1619903740896,32.8802761781149,-117.22896671371903,67.9167119607066,55,114,10,11
1619903741011,32.88026511496078,-117.22896755616192,67.85816061234696,55,115,10,11
1619903741135,32.88025394649854,-117.22896843718706,67.81629744688482,55,115,10,11
1619903741254,32.88024265984283,-117.22896930997177,67.79745680547643,56,115,10,11
1619903741389,32.880231323012225,-117.22896999600154,67.78322352890231,57,116,10,11
1619903741515,32.88021999179412,-117.22897076680943,67.7671577987562,57,116,10,11
1619903741625,32.8802086777142,-117.22897164719534,67.72762365144457,58,117,10,11
1619903741752,32.88019728161709,-117.2289725738896,67.6933589468446,58,117,10,11
1619903741881,32.88016294564694,-117.22897517954509,67.58724662167391,60,118,9,11
1619903741994,32.88015139700653,-117.22897612225921,67.55511175110085,60,118,9,11
1619903742109,32.88013985383792,-117.2289770676816,67.5187675290774,61,118,9,11
1619903742222,32.880128266373646,-117.22897804299119,67.47816555962387,61,118,9,11
1619903742356,32.880116677880835,-117.22897902614815,67.4308840501958,61,119,9,11
