1612314425650,32.84142044602866,-117.09390220920186,106.13756446113513,87,128,15,11
1612314425804,32.84142770219725,-117.09386466981289,106.1991174635707,87,128,15,11
1612314425883,32.84143504338777,-117.0938271002655,106.2610143189711,87,128,15,11
1612314425966,32.841442472326534,-117.09378951689366,106.32177851530979,87,128,15,11
1612314426066,32.84144998611139,-117.09375194189901,106.38122305612362,87,127,15,11
1612314426147,32.84145758151618,-117.09371436702253,106.44688727608931,87,127,15,11
1612314426272,32.841465246219606,-117.09367680301114,106.51386744207501,87,127,15,11
1612314426365,32.84147297156216,-117.09363924820573,106.57979141896021,87,127,15,11
1612314426449,32.841480765530434,-117.09360172349196,106.64076535390144,87,127,15,11
1612314426589,32.8414886249719,-117.09356423556179,106.69808954338647,87,127,15,11
1612314426666,32.841496552127545,-117.09352682089231,106.75188139007682,87,127,15,11
1612314426810,32.84150453650245,-117.09348944585012,106.81647279592602,87,127,15,11
1612314426889,32.841512574421934,-117.09345212764721,106.88503380321636,87,126,15,11
1612314426973,32.84152065191075,-117.09341486421935,106.95340179347814,87,126,15,11
1612314427082,32.841528774015224,-117.09337765401007,107.01918545377062,87,126,15,11
1612314427163,32.841536930682814,-117.09334052676041,107.07503942804952,87,126,15,11
1612314427341,32.841545103095676,-117.09330338804907,107.13250780599047,87,126,15,11
1612314427438,32.841553259195834,-117.09326641947304,107.19377279202808,86,126,15,11
1612314427523,32.84156139191245,-117.09322951503023,107.26191518971997,86,126,15,11
1612314427629,32.84156953903509,-117.09319267410034,107.33415526268573,86,126,15,11
1612314427725,32.84157767748429,-117.09315590321285,107.40374497205698,85,126,15,11
1612314427870,32.84158581603116,-117.09311923609646,107.46315874764375,85,126,15,11
1612314427951,32.84159396886001,-117.09308254923032,107.51841630763128,85,125,15,11
1612314428034,32.841602059858644,-117.09304610496419,107.56845317416906,84,125,15,11
1612314428137,32.841610146573665,-117.09300978435309,107.62694120431952,84,125,15,11
1612314428218,32.841618226720215,-117.09297354974062,107.69582456415851,84,125,15,11
1612314428346,32.84162627633862,-117.0929374467978,107.76147470257237,84,125,15,11
1612314428436,32.84163433096133,-117.09290148181537,107.8188447749481,84,125,15,11
1612314428518,32.84164239047933,-117.0928655122523,107.87640774482028,83,125,15,11
1612314428633,32.841650393011044,-117.09282976269738,107.93348454070814,83,125,15,11
1612314428727,32.84165836343726,-117.09279409972996,107.99007295797843,83,125,15,11
1612314428871,32.841666333970146,-117.09275850896847,108.05292900399108,83,125,15,11
1612314428948,32.84167430369737,-117.09272295726947,108.12004124700113,82,125,15,11
1612314429034,32.84168227906408,-117.09268747770523,108.18003101425295,82,125,15,11
1612314429170,32.84169027700959,-117.09265193175833,108.23568841351552,82,124,15,11
1612314429251,32.84169821825746,-117.0926165670329,108.29284047407985,82,124,15,11
1612314429433,32.84170612354718,-117.09258122486541,108.35567699525569,82,124,15,11
1612314429523,32.84171397985918,-117.09254590169522,108.4220125706898,82,124,15,11
1612314429603,32.8417217970362,-117.0925106154057,108.48455501189757,82,124,15,11
1612314429705,32.84172957250184,-117.09247536130444,108.54900393772203,82,124,15,11
1612314429808,32.84173736946628,-117.09243999243361,108.61436253113204,81,124,15,11
1612314429952,32.84174511271177,-117.09240486464897,108.67365199383511,81,124,15,11
1612314430036,32.84175284010008,-117.09236977802087,108.73939995072705,81,124,15,11
1612314430120,32.84176054592894,-117.09233476223437,108.80564934971886,81,124,15,11
1612314430230,32.841768250110626,-117.09229980413427,108.87349057129543,81,124,15,11
1612314430309,32.84177594357575,-117.09226491710398,108.94233615058138,81,124,15,11
1612314430435,32.8417836617833,-117.09222995575271,109.01012230340208,81,124,15,11
1612314430527,32.84179133729395,-117.09219524901725,109.07712952798201,81,124,15,11
1612314430607,32.84179899816287,-117.09216063759855,109.14408241715503,81,124,15,11
1612314430710,32.84180664881777,-117.09212611238127,109.21375182071225,81,124,15,11
1612314430792,32.84181429150191,-117.09209166358288,109.28806277687625,81,124,15,11
1612314430946,32.8418219253069,-117.09205730628776,109.36000019770522,81,124,15,11
1612314431024,32.84182957385059,-117.09202288145676,109.42852962641273,81,123,15,11
1612314431115,32.84183716578979,-117.0919887202872,109.49979645654747,81,123,15,11
1612314431222,32.841844730450966,-117.09195465334355,109.5725279302202,81,123,15,11
1612314431306,32.841852264210445,-117.09192068627226,109.6479393246195,81,123,15,11
1612314431490,32.841859777797296,-117.09188681753321,109.7234198161518,81,123,15,11
1612314431580,32.84186726855868,-117.09185306158795,109.79682747209498,81,123,15,11
1612314431664,32.84187477684701,-117.09181923345946,109.87104115087348,81,123,15,11
1612314431771,32.84188224826423,-117.09178568833084,109.94487322689534,81,123,15,11
1612314431925,32.84188971310848,-117.09175224152013,110.01896052786965,81,123,15,11
1612314432008,32.84189718359967,-117.09171887043712,110.09374258444902,81,123,15,11
1612314432089,32.84190461899394,-117.09168553996896,110.17279003969973,81,123,15,11
1612314432191,32.84191202911234,-117.09165227201964,110.25032099480994,81,123,15,11
1612314432282,32.841919479128805,-117.0916188723903,110.32621569572476,80,123,15,11
1612314432363,32.84192687307277,-117.09158571053864,110.40079457452794,81,123,15,11
1612314432490,32.84193427614988,-117.09155259615902,110.4762779978367,81,123,15,11
1612314432581,32.841941668736865,-117.09151952137117,110.55125746607212,81,123,15,11
1612314432750,32.841971192199914,-117.0913874020109,110.83498361181205,80,123,15,11
1612314432854,32.84197848239209,-117.09135446889992,110.90859065703427,80,123,15,11
1612314432942,32.84198574363393,-117.09132157988006,110.97391372543298,80,123,15,11
1612314433051,32.84199299201103,-117.0912887196939,111.04248263542827,80,123,15,11
1612314433151,32.842000237766825,-117.09125587582398,111.11501953379036,81,123,15,11
1612314433341,32.84200751395353,-117.09122286559627,111.18526915679413,80,123,15,11
1612314433437,32.84201475836774,-117.09119009853978,111.25573809016043,80,123,15,11
1612314433517,32.842022001657185,-117.0911573642754,111.32374942139562,80,123,15,11
1612314433608,32.842029253909935,-117.09112465506418,111.3938745196487,80,123,15,11
1612314433763,32.842036509986904,-117.09109195338242,111.46301267379512,80,123,15,11
1612314433856,32.8420437724556,-117.09105927503941,111.52915024859492,80,123,15,11
1612314433942,32.842051073032565,-117.09102637674212,111.59659837622584,80,123,15,11
1612314434028,32.84205830098729,-117.09099369457086,111.6662009106991,80,123,15,11
1612314434131,32.84206553463407,-117.09096101498429,111.73751281115548,80,123,15,11
1612314434212,32.84207277633582,-117.09092832650839,111.80746089122137,80,123,15,11
1612314434342,32.84208003455491,-117.09089564602941,111.87977561055246,80,123,15,11
1612314434432,32.84208727940285,-117.09086293588973,111.95411299705769,80,123,15,11
1612314434514,32.84209457518336,-117.09082996285038,112.03347004683205,80,122,15,11
1612314434618,32.84210182039538,-117.09079720449706,112.11498374801685,80,122,15,11
1612314434734,32.842109081014264,-117.09076441293946,112.20656717455252,80,122,15,11
1612314434850,32.84211636955872,-117.09073160187765,112.29730782648582,80,122,15,11
1612314434949,32.84212365756129,-117.09069874831926,112.3926534088023,80,122,15,11
1612314435051,32.842130950851505,-117.09066585602956,112.48463527520457,80,122,15,11
1612314435130,32.8421383195676,-117.09063265499793,112.58013416457815,80,122,15,11
1612314435211,32.84214562967875,-117.09059965348078,112.67284255179837,80,122,15,11
1612314435389,32.84215295729307,-117.09056662773047,112.76596401153199,80,122,15,11
1612314435482,32.84216031088405,-117.09053356358565,112.86524036956895,80,122,15,11
1612314435564,32.84216768866273,-117.09050043171256,112.9724379768997,80,122,15,11
1612314435678,32.84217505958473,-117.09046727743774,113.0724254816761,80,122,15,11
1612314435818,32.842182502267704,-117.09043379484957,113.18268409999956,79,122,15,11
