4925066623989,32.876161333753075,-117.2300623602858,64.03641539409514,107,143,15,11
4925066624112,32.8761610958474,-117.2300589519744,64.03054888533806,105,142,15,11
4925066624208,32.87616090043459,-117.23005539175111,64.02355997777943,104,142,15,11
4925066624294,32.87616071602298,-117.23005166075274,64.02384905611616,102,141,15,11
4925066624458,32.87616051968611,-117.2300477847495,64.02724978938798,100,141,15,11
4925066624529,32.876160345156556,-117.23004378790662,64.02842757629854,99,140,15,11
4925066624618,32.876160196544596,-117.23003963662856,64.03060313043555,97,139,15,11
4925066624760,32.87616010367518,-117.23003534838539,64.03646996346957,96,139,15,11
4925066624896,32.87616000944376,-117.23003092396313,64.03901035710963,94,138,15,11
4925066625003,32.876159909864725,-117.23002635221708,64.04067081031592,93,137,15,11
4925066625081,32.87615984928998,-117.23002163328924,64.04413493555319,92,137,15,11
4925066625232,32.87615987019343,-117.23001675062979,64.05006534056616,91,136,15,11
4925066625359,32.876160623802335,-117.22999566680058,64.0748114070209,88,134,15,11
4925066625438,32.876161045386,-117.22999007227523,64.08505011837131,87,134,15,11
4925066625535,32.87616158623075,-117.22998432106863,64.1000869477963,86,133,15,11
4925066625641,32.876162295867076,-117.22997848490355,64.10630440445033,86,133,15,11
4925066625744,32.87616319914556,-117.22997254357543,64.11513225288374,85,132,15,11
4925066625835,32.87616432847341,-117.22996653587268,64.12611372405755,85,132,15,11
4925066625950,32.87616567742536,-117.22996048214586,64.1398544127169,85,132,15,11
4925066626041,32.876167190024006,-117.22995435594015,64.14577295042056,84,131,15,11
4925066626141,32.87616893545491,-117.22994819215096,64.15389051594342,84,131,15,11
4925066626301,32.8761709048517,-117.22994200512376,64.16138006532799,84,131,15,11
4925066626374,32.876173131535104,-117.22993582197408,64.17277396678283,84,130,15,11
4925066626536,32.87617561670399,-117.22992966444485,64.18453906707194,84,130,15,11
4925066626621,32.87617834977304,-117.2299235362197,64.19078459739107,84,130,15,11
4925066626722,32.87618130823756,-117.2299174467371,64.19629247153759,84,130,15,11
4925066626833,32.876184480989636,-117.2299113594278,64.20709200498109,84,129,14,11
4925066626907,32.876187937807046,-117.22990535288106,64.2166070851096,83,129,13,11
4925066627020,32.87619168230307,-117.2298994982779,64.22035810725916,83,129,13,11
4925066627122,32.876195666084676,-117.22989374241057,64.22174957502313,83,129,12,11
4925066627205,32.8761998480203,-117.22988807757162,64.21276505940142,83,128,13,11
4925066627306,32.87620431448635,-117.22988257228553,64.20527698793393,84,128,12,11
4925066627382,32.876209031491854,-117.22987718971557,64.20072978001531,84,128,12,11
4925066627531,32.8762139750048,-117.2298719367902,64.19833103861609,83,128,12,11
4925066627614,32.87621915075459,-117.22986687272875,64.19832439881897,84,128,12,11
4925066627717,32.87622456966702,-117.22986202152065,64.19530747721609,84,127,11,11
4925066627821,32.876230205617055,-117.22985733974072,64.18396675779047,84,127,11,11
4925066627901,32.87623608689175,-117.22985282435575,64.17026161504323,84,127,10,11
4925066628010,32.87624221432129,-117.22984859409092,64.15990321949174,84,127,10,11
4925066628111,32.87624799163944,-117.22984494464424,64.14419375300643,86,128,8,11
4925066628190,32.876254676534536,-117.22984107475466,64.12153284272296,89,130,8,11
4925066628359,32.87626159448446,-117.2298375022591,64.08808188453735,92,132,8,11
4925066628465,32.87626873797848,-117.22983423554706,64.05267996648168,94,134,7,11
4925066628601,32.87627630836727,-117.22983125549416,64.02148668513276,97,135,0,13
4925066628709,32.87628378138635,-117.22982874505858,63.99062888662879,100,137,0,13
4925066628797,32.87629144738666,-117.2298265880006,63.95714767589943,103,139,0,13
4925066628893,32.876299317846104,-117.2298247705665,63.926630901093134,106,141,0,13
4925066628984,32.87630736117218,-117.22982326406232,63.89479872696237,109,143,0,13
4925066629063,32.876315585221384,-117.22982202001589,63.86663069860821,112,145,0,13
4925066629153,32.876323971020014,-117.22982101081668,63.835383759866616,116,146,0,13
4925066629259,32.87633253146201,-117.22982014047567,63.80675535689315,119,148,0,13
4925066629367,32.87634128197083,-117.2298194257311,63.77646192132155,122,150,0,13
4925066629453,32.87635022090576,-117.22981880318635,63.746974335135576,126,152,0,13
4925066629615,32.87635934887832,-117.22981821794296,63.72055283598708,129,154,0,13
4925066629725,32.87636867331643,-117.22981765701792,63.691699862850676,133,156,0,13
4925066629813,32.876378212070726,-117.22981711588251,63.66676551253256,137,158,0,13
4925066629933,32.8763879648084,-117.22981654625345,63.64837423574129,141,161,0,13
4925066630031,32.87639791887545,-117.22981596614606,63.628196923692755,144,162,0,13
4925066630127,32.876408072300116,-117.22981535778543,63.604346089006484,148,165,0,13
4925066630233,32.876418425643855,-117.22981476464793,63.57824188584505,152,167,0,13
4925066630310,32.876428980626564,-117.22981415692266,63.551987082717815,157,169,0,13
4925066630506,32.87647308973159,-117.22981126613762,63.454170507600175,174,178,0,13
4925066630601,32.87648452048648,-117.22981029811153,63.43422907817432,178,180,0,13
4925066630722,32.876496058848424,-117.22980920196407,63.41014257516115,183,182,0,13
4925066630811,32.87650769250606,-117.22980799175654,63.387600742568935,188,185,0,13
4925066630926,32.876519405251656,-117.22980667565783,63.36612864789341,193,187,0,13
4925066631013,32.876531186311816,-117.22980521816427,63.348097662011014,197,189,0,13
4925066631110,32.87654303106795,-117.22980362876311,63.33220924769456,202,191,0,13
4925066631219,32.87655491822029,-117.2298019077675,63.31286612697685,207,194,0,13
4925066631319,32.87656683615952,-117.22980002969199,63.287058953448735,212,196,0,13
4925066631425,32.87657878629823,-117.22979798199725,63.25944088095934,218,199,0,13
4925066631579,32.876590673778175,-117.22979581848652,63.235285450217795,223,201,15,11
4925066631672,32.87660301385177,-117.22979382459262,63.2103375142004,222,202,14,11
4925066631781,32.876615339301864,-117.22979189773986,63.1764304159384,218,204,14,11
4925066631861,32.876627730444326,-117.2297898943921,63.135802147148446,212,204,14,11
4925066631967,32.87664016721171,-117.22978767965478,63.09398156566209,205,205,14,11
4925066632061,32.876652695358715,-117.22978523766585,63.05572015979961,198,205,14,11
4925066632142,32.87666530102371,-117.22978256433542,63.02228463842473,191,204,14,11
4925066632304,32.876677992796935,-117.22977968640296,62.98750284992587,183,204,14,11
4925066632394,32.87669075668559,-117.2297765738792,62.949929415508294,177,203,14,11
4925066632486,32.87670362972586,-117.22977326875672,62.912748891060836,170,202,15,11
4925066632628,32.87671661409742,-117.22976973832243,62.87772324672605,164,201,15,11
4925066632717,32.876729715117214,-117.22976598124929,62.842654872157695,159,200,15,11
4925066632828,32.87674294381206,-117.22976201860705,62.803535409556204,154,199,15,11
4925066632914,32.87675631382052,-117.2297579092558,62.76378745699108,149,197,15,11
4925066633020,32.87676984855996,-117.2297536628403,62.726761465587295,144,196,15,11
4925066633116,32.87678354581751,-117.22974926874831,62.6958860839033,140,194,15,11
4925066633185,32.87679737980776,-117.2297446891523,62.66744861199603,137,193,15,11
4925066633305,32.87681137408975,-117.22973993462769,62.641295795233866,133,191,15,11
4925066633390,32.87682551876886,-117.22973502967176,62.610809262962896,130,190,15,11
4925066633473,32.87683979515872,-117.22972998074124,62.57486647810051,127,188,15,11
4925066633630,32.87685422978472,-117.22972475906049,62.54460250452205,124,186,15,11
4925066633720,32.87686882472815,-117.229719400374,62.517816201206735,122,185,15,11
4925066633823,32.87688357254181,-117.22971388849683,62.490705753927514,119,183,15,11
4925066633914,32.876898456577145,-117.22970828960847,62.46053683454174,117,182,15,11
4925066634025,32.87691352683903,-117.22970254599144,62.44273978201218,115,180,15,11
