1614546147086,32.727948408409155,-117.18271561078389,-31.08389591616942,25,48,14,11
1614546147264,32.72794839909534,-117.18271560435329,-31.082603918076877,25,48,14,11
1614546147436,32.72794840014616,-117.182715615912,-31.082962440618992,25,47,14,11
1614546147675,32.72794837662075,-117.18271562895264,-31.080596974221557,24,46,14,11
1614546147785,32.72794837533551,-117.18271562948287,-31.08102751659802,23,45,14,11
1614546147929,32.72794837314842,-117.18271563162408,-31.080394715801233,23,44,14,11
1614546148046,32.72794836574978,-117.18271563148484,-31.079274578983387,23,44,14,11
1614546148170,32.72794836551561,-117.18271562765831,-31.07949546504784,23,44,14,11
1614546148459,32.72794835169407,-117.18271562974388,-31.077410330417006,23,44,14,11
1614546148571,32.72794835340058,-117.18271563349498,-31.0772489307134,23,44,14,11
1614546148713,32.72794834734487,-117.18271562662399,-31.076827446631906,23,44,14,11
1614546148822,32.72794834324037,-117.18271562894739,-31.076615619494618,23,44,14,11
1614546148991,32.727948338424525,-117.18271562754124,-31.076568948573037,23,44,14,11
1614546149071,32.72794833956332,-117.18271562074081,-31.07618217241752,23,44,14,11
1614546149195,32.727948334442175,-117.1827156262865,-31.075606470638764,23,44,14,11
1614546149353,32.72794832434941,-117.18271561807538,-31.073081007852313,24,44,13,11
1614546149499,32.72794832590758,-117.18271562105298,-31.072554449549134,24,44,13,11
1614546149620,32.72794832001636,-117.18271561730113,-31.072298487730485,24,45,13,11
1614546149758,32.72794832079615,-117.18271561253087,-31.072896757460377,24,44,13,11
1614546149848,32.7279483206082,-117.18271561480167,-31.072543054009582,24,44,13,11
1614546150048,32.727948314471156,-117.18271561717957,-31.07210393030445,24,44,13,11
1614546150276,32.727948303715266,-117.18271562082327,-31.072988055883936,23,43,13,11
1614546150448,32.72794830459941,-117.18271561902567,-31.07348119772475,23,43,13,11
1614546150561,32.72794830627229,-117.18271562757344,-31.074493823358385,22,43,13,11
1614546150828,32.72794826866407,-117.18271552874043,-31.07561220657158,22,43,13,11
1614546150940,32.72794823132305,-117.18271543138809,-31.076620755818492,22,42,14,11
1614546151025,32.727948185049975,-117.18271527780736,-31.0769758577018,22,42,14,11
1614546151168,32.72794811781543,-117.18271507867469,-31.076601479690844,22,42,14,11
1614546151286,32.72794804131964,-117.18271482763865,-31.07720941497338,22,42,14,11
1614546151455,32.7279476412291,-117.18271358220115,-31.081794763043384,22,42,14,11
1614546151568,32.72794742236462,-117.18271290792663,-31.082608175323685,22,41,14,11
1614546151703,32.727947138008936,-117.1827120657672,-31.082720981284858,22,42,14,11
1614546151875,32.727946795789805,-117.18271104006394,-31.08173623255516,22,42,14,11
1614546151988,32.72794638997455,-117.18270983806553,-31.08023128902559,23,43,14,11
1614546152108,32.727945931316384,-117.18270845979379,-31.079238727827143,23,43,14,11
1614546152219,32.72794542090318,-117.18270689737844,-31.07872847889207,23,43,14,11
1614546152459,32.72794269467188,-117.18269854766953,-31.07632213017017,25,44,14,11
1614546152572,32.72794182219785,-117.18269584171436,-31.074324775868455,26,45,14,11
1614546152765,32.72794085810847,-117.18269286852515,-31.072545627257604,26,45,14,11
1614546152879,32.72793979728455,-117.18268962090924,-31.071397219711017,27,46,14,11
1614546152990,32.7279386341619,-117.18268608245113,-31.069969777246477,28,46,14,11
1614546153103,32.72793736118439,-117.18268223962752,-31.06799945836317,28,47,14,11
1614546153216,32.7279359706408,-117.1826780804003,-31.06538908616469,29,48,14,11
1614546153362,32.727931173549166,-117.18266356451554,-31.058568130174972,29,48,14,11
1614546153506,32.72792934050802,-117.18265805506987,-31.057092714376747,29,48,14,11
1614546153618,32.727927368355616,-117.18265221677082,-31.05438426957746,29,48,14,11
1614546153764,32.727925286985645,-117.18264605863925,-31.052436660026267,29,48,14,11
1614546153935,32.7279231197246,-117.18263957432626,-31.051315509941414,28,48,14,11
1614546154046,32.72792085238151,-117.18263279081178,-31.048568255117125,28,48,14,11
1614546154158,32.72791848812003,-117.18262574992134,-31.04293422195633,28,48,14,11
1614546154361,32.72790839512862,-117.18259563964425,-31.03612102428648,27,46,14,11
1614546154507,32.727905743271855,-117.18258773228614,-31.03767317741311,26,46,14,11
1614546154620,32.72790303044938,-117.18257970153896,-31.037107351447244,27,46,14,11
1614546154754,32.72790027915653,-117.18257153778752,-31.034321603680826,27,47,14,11
1614546154874,32.72789747784961,-117.1825632381798,-31.03069863678372,29,48,14,11
1614546155043,32.72789462266112,-117.18255478247463,-31.027085027874985,30,49,13,11
1614546155320,32.7278825117585,-117.18251915016904,-31.01655933880089,31,50,11,11
1614546155478,32.72787931465311,-117.18250974614345,-31.01782165449431,30,50,11,11
1614546155596,32.727876043605626,-117.18250015326679,-31.019081921953095,30,49,11,11
1614546155716,32.72787268703319,-117.18249037679361,-31.021520453120264,29,49,11,11
1614546155954,32.727858555374354,-117.18244940809211,-31.027156412952344,27,46,11,11
1614546156066,32.72785486526833,-117.18243869581345,-31.03206535730956,25,45,11,11
1614546156181,32.727851103434006,-117.18242779311063,-31.035268130065866,25,44,11,11
1614546156329,32.72784726083188,-117.18241673164394,-31.039362020221343,24,44,11,11
1614546156462,32.727843384378424,-117.18240549399742,-31.04742273859936,24,44,13,11
1614546156612,32.727839419987546,-117.18239410296356,-31.05191543994356,24,44,13,11
1614546156724,32.72783538946105,-117.18238254793822,-31.052280760876652,24,44,13,11
1614546156856,32.72782307851698,-117.18234704686441,-31.051208818713263,24,43,13,11
1614546156967,32.72781897838729,-117.18233496098648,-31.05191396185436,24,43,13,11
1614546157084,32.72781487718878,-117.18232279985129,-31.049986418485563,24,43,13,11
1614546157199,32.727810741047286,-117.1823105960797,-31.048061448428204,25,44,13,11
