1632260042282,32.909579432819726,-117.22655997344718,-7.926043968292005,34,70,14,11
1632260042603,32.90966677789706,-117.22662241874309,-7.835661567258677,36,73,14,11
1632260042691,32.90968866331933,-117.22663795303517,-7.813671973126142,37,75,14,11
1632260042858,32.90971058034693,-117.22665343244212,-7.790134979180284,37,76,14,11
1632260042980,32.90973253092271,-117.22666890610893,-7.768130812750452,38,77,14,11
1632260043167,32.909754511029284,-117.2266843521214,-7.74141816932637,38,77,14,11
1632260043307,32.90982055884981,-117.22673038905947,-7.603725259833216,40,80,14,11
1632260043417,32.909842622373695,-117.22674563087871,-7.554389038162853,41,81,14,11
1632260043531,32.90986469746797,-117.22676089229698,-7.502013945211736,41,82,14,11
1632260043652,32.909886841804635,-117.22677618316594,-7.450027870736508,42,82,14,11
1632260043742,32.9099089369778,-117.2267913954392,-7.401424337445994,42,83,14,11
1632260043907,32.90993106129326,-117.22680658967616,-7.353861227677752,42,84,14,11
1632260044028,32.90995319807139,-117.22682169150049,-7.314558407184796,42,84,14,11
1632260044308,32.910042150514975,-117.22688166028819,-7.141230642478891,42,85,14,11
1632260044421,32.91006442226326,-117.226896551164,-7.095039237671928,42,85,14,11
1632260044534,32.91008671590078,-117.22691140026885,-7.042270732098228,42,85,14,11
1632260044646,32.910109009217784,-117.22692624392147,-6.985880236279135,42,85,14,11
1632260044736,32.910131330470044,-117.2269410619511,-6.925562062702237,41,84,14,11
1632260044902,32.910153783892184,-117.22695594666106,-6.865558107815114,40,83,14,11
1632260045023,32.91017610036385,-117.22697070094333,-6.806190942079094,39,81,14,11
1632260045267,32.91024324414556,-117.22701478422617,-6.631658208777505,36,78,14,11
1632260045399,32.91026567215007,-117.22702938792123,-6.588328221376024,35,77,14,11
1632260045515,32.91028827980977,-117.22704407046787,-6.535105552361866,35,76,14,11
1632260045629,32.910310717756424,-117.22705857718516,-6.478907447284082,33,74,14,11
1632260045743,32.910333228274176,-117.22707301469924,-6.4214882623356075,33,73,14,11
1632260045831,32.91035576086576,-117.22708740270939,-6.3654235308372416,32,71,14,11
1632260046071,32.91044627410472,-117.22714469043682,-6.187333574736825,30,67,14,11
1632260046270,32.910468858829674,-117.22715899905744,-6.136944742940851,29,66,14,11
1632260046403,32.91049145815847,-117.22717328591429,-6.095319723876878,29,65,14,11
1632260046519,32.91051404764344,-117.22718757560128,-6.053981130534527,29,64,14,11
1632260046638,32.91053667153616,-117.22720186226421,-6.013671672934104,29,64,14,11
1632260046754,32.910559291639885,-117.22721612365538,-5.978727470652228,29,64,14,11
1632260046840,32.910581912931896,-117.22723036875138,-5.945992410971893,29,64,14,11
1632260047107,32.910672553919994,-117.2272873029423,-5.818310696266143,29,63,14,11
1632260047221,32.91069527743754,-117.22730151551787,-5.785762470860095,29,63,14,11
1632260047605,32.910786264139304,-117.2273582756336,-5.689915886395322,29,63,14,11
1632260047695,32.91080903860661,-117.22737246997858,-5.662244679396085,29,62,14,11
1632260047861,32.91083184021218,-117.22738664363868,-5.636344855606121,29,61,14,11
1632260047973,32.910854675954404,-117.22740081572442,-5.607588314966215,28,61,14,11
1632260048110,32.91087753394404,-117.22741498982212,-5.585316479938379,28,60,14,11
1632260048320,32.91090040285554,-117.22742917240491,-5.571464184170427,28,60,14,11
1632260048433,32.91092325919162,-117.22744336526516,-5.557811670812865,28,60,15,11
1632260048570,32.91094616337036,-117.22745758621616,-5.538860618191988,27,59,15,11
1632260048677,32.91103791002032,-117.22751434910687,-5.503078583259958,28,59,15,11
1632260048842,32.91106091720499,-117.22752851908615,-5.4945340606605795,28,59,15,11
1632260048953,32.911083921333706,-117.22754269458893,-5.488771270370621,28,58,15,11
1632260049123,32.91110694617241,-117.22755693311703,-5.477842656679965,27,58,15,11
1632260049309,32.91117595218549,-117.22759988795347,-5.446052486951238,28,58,15,11
1632260049422,32.91119900485338,-117.22761422111662,-5.433265519917436,28,58,15,11
1632260049539,32.91122209646428,-117.22762852861526,-5.4137546367018015,28,58,15,11
1632260049659,32.9112451821297,-117.22764280625995,-5.397390747694672,27,58,15,11
1632260049778,32.911268293790755,-117.2276571262883,-5.378159185095433,27,58,15,11
1632260049917,32.91129136844784,-117.22767147206496,-5.3617255799526475,27,57,15,11
1632260050027,32.91131445840149,-117.22768584412096,-5.348310763227916,27,58,15,11
1632260050306,32.911406949327386,-117.22774373853815,-5.321944690800954,28,58,15,11
1632260050422,32.91143012072722,-117.22775822418147,-5.316893873698343,28,58,15,11
1632260050534,32.91145327219589,-117.22777269106258,-5.317775525055542,28,58,15,11
1632260050649,32.91147647871517,-117.2277871711319,-5.3130129573934175,28,59,15,11
1632260050738,32.91149977764151,-117.22780173279477,-5.309055140211146,28,59,15,11
1632260050903,32.91152298756931,-117.22781624218894,-5.308479000171006,28,59,15,11
1632260051023,32.911546219517014,-117.22783075692894,-5.307951803020761,28,59,15,11
1632260051156,32.91156946976751,-117.22784528065554,-5.303301496289913,29,59,15,11
1632260051335,32.91163943639294,-117.22788898389304,-5.303532776839706,29,60,15,11
1632260051454,32.91166273685729,-117.22790352688195,-5.303165508637392,29,60,15,11
1632260051566,32.91168605003779,-117.22791807604104,-5.304909201522654,29,60,15,11
1632260051681,32.91170936563916,-117.22793259270314,-5.310084687398313,29,60,15,11
1632260051803,32.91173271116787,-117.22794709858046,-5.308000278869893,29,60,15,11
1632260051936,32.9117560580031,-117.2279616106012,-5.311017380647635,29,60,15,11
1632260052047,32.911779570255625,-117.22797621485924,-5.312554103149804,29,60,15,11
1632260052304,32.911872924531714,-117.22803428051901,-5.321422651731278,28,60,15,11
1632260052428,32.911896234286885,-117.2280488273736,-5.31885198548765,28,60,15,11
1632260052538,32.91191969881926,-117.22806348943165,-5.321124853151542,28,60,15,11
1632260052658,32.91194296804385,-117.22807800269415,-5.316712275943206,29,60,15,11
