1616284191384,32.81837801198264,-117.21166705912563,64.54408083162586,77,127,8,11
1616284191603,32.818416416405796,-117.21168509558446,64.699471482622,70,118,8,11
1616284191749,32.81842621279907,-117.21168951313868,64.73527102916955,69,117,8,11
1616284191861,32.818436074534155,-117.21169392247964,64.77153633867918,69,116,8,11
1616284191973,32.81844599209775,-117.21169833844581,64.8040655496399,69,115,8,11
1616284192167,32.81845598939864,-117.2117027676975,64.8249454213528,69,116,8,11
1616284192302,32.81846604068062,-117.21170723261802,64.84789435306955,69,116,8,11
1616284192510,32.818506862605936,-117.21172496182974,64.96342515686622,65,113,8,11
1616284192654,32.81851722863014,-117.21172938788496,64.99244238253779,66,113,8,11
1616284192771,32.81852767476793,-117.21173378310988,65.02599852945819,65,113,8,11
1616284192884,32.818538104356385,-117.21173817711447,65.05383200628489,65,113,8,11
1616284192998,32.81854860252171,-117.21174258855274,65.078847775549,65,113,8,11
1616284193139,32.81855912500599,-117.2117470414151,65.10708179978296,64,112,8,11
1616284193311,32.818569711513824,-117.2117515200734,65.14381064054673,64,112,8,11
1616284193424,32.81858040769182,-117.21175595484509,65.18297324069863,64,112,8,11
1616284193645,32.818623367643845,-117.21177409039618,65.34625744788336,61,109,8,11
1616284193756,32.818634168081296,-117.21177864282411,65.38203035747732,60,109,8,11
1616284193868,32.81864503398572,-117.2117831766228,65.41745694649246,60,109,8,11
1616284193984,32.81865592296384,-117.2117877696765,65.46023621244952,60,109,8,11
1616284194176,32.81866683945575,-117.21179229153992,65.49201477170286,59,109,8,11
1616284194444,32.81871050985027,-117.21181112627764,65.61792653084348,57,106,8,11
1616284194559,32.81872147107262,-117.2118159008717,65.64383262712099,56,105,8,11
1616284194703,32.818732385882456,-117.21182071498102,65.6681771833413,54,103,8,11
1616284194813,32.81874333304089,-117.21182548021137,65.69212214654029,54,102,8,11
1616284194934,32.81875436193867,-117.21183029592468,65.71551666365966,52,100,8,11
1616284195050,32.81876535567993,-117.21183504355572,65.73694138639476,52,99,8,11
1616284195186,32.81877637347885,-117.21183984698465,65.75764089022894,51,98,8,11
1616284195309,32.81878735706588,-117.21184466221275,65.775989688937,51,97,8,11
1616284195513,32.81883146945286,-117.21186435977295,65.84713443998939,51,97,8,11
1616284195656,32.81884243487756,-117.21186943940305,65.85402954396221,51,98,8,11
1616284195782,32.81885333517571,-117.21187455843206,65.85036165822444,51,98,8,11
1616284195899,32.818864268612494,-117.21187973702808,65.85571535941322,52,99,8,11
1616284196033,32.81887522318609,-117.21188500201455,65.8731465232607,52,99,8,11
1616284196228,32.818886287134504,-117.211890366501,65.88065732885495,52,100,8,11
1616284196451,32.81892967018099,-117.21191241088155,65.8494355573273,52,100,8,11
1616284196601,32.818940447580914,-117.21191814960565,65.84183892089814,53,101,8,11
1616284196747,32.8189512895636,-117.2119241695893,65.85210890442043,53,101,8,11
1616284196866,32.81896201544005,-117.2119302263611,65.861898784681,53,101,8,11
1616284196980,32.81897269205828,-117.2119364003505,65.8527706834303,53,101,8,11
1616284197097,32.81898330578101,-117.21194266715074,65.84328122354691,54,102,8,11
1616284197341,32.819025349154444,-117.21196897043741,65.80746097679238,54,101,8,11
1616284197461,32.81903577914031,-117.21197580485136,65.79824720789969,54,101,8,11
1616284197630,32.81904619258924,-117.21198273324995,65.78769911789391,55,101,8,11
1616284197762,32.81905656153618,-117.21198981150717,65.77770551194132,55,101,8,11
1616284197878,32.81906685174872,-117.21199705092818,65.76159547594783,54,99,8,11
1616284197990,32.81907711383205,-117.21200435695125,65.7331875113236,53,98,8,11
1616284198245,32.81911794886541,-117.21203433645252,65.64466212608006,47,89,8,11
1616284198365,32.81912799918999,-117.21204221620255,65.63086707264482,47,89,7,11
1616284198494,32.81913793578694,-117.2120503481254,65.62011361520355,47,88,7,11
1616284198645,32.81914782350544,-117.21205858922535,65.60417664660278,47,88,7,11
1616284198790,32.819157671743184,-117.21206692536805,65.58578327269329,47,87,7,11
1616284198900,32.81916744738022,-117.21207537607782,65.5536598579328,47,87,7,11
1616284199019,32.81917723139572,-117.21208374531223,65.51641537059554,47,86,7,11
1616284199133,32.81918708693615,-117.21209211687598,65.48609142430766,46,85,7,11
1616284199281,32.81919698828116,-117.21210050567778,65.45921064928142,45,84,7,11
1616284199405,32.819206896012254,-117.21210888225608,65.43459311187658,44,83,7,11
1616284199593,32.819246707358204,-117.21214239692377,65.34503986140668,42,80,7,11
1616284199738,32.81925664577433,-117.21215090176175,65.32338469151846,42,80,7,11
1616284199853,32.81926654277186,-117.2121594674349,65.29743273888742,41,78,7,11
1616284199973,32.81927638200846,-117.21216821256809,65.27116644500765,41,78,7,11
1616284200087,32.8192862393008,-117.21217694672609,65.24646948561855,42,79,7,11
1616284200237,32.81931535254355,-117.21220409066044,65.16520843878418,43,79,7,11
1616284200350,32.819324954128746,-117.21221329364792,65.12934089804105,43,79,7,11
1616284200518,32.819334491388815,-117.21222260421213,65.10096766163406,44,80,7,11
1616284200631,32.81934400304453,-117.21223202456476,65.07386266185206,44,80,7,11
1616284200780,32.81935348995668,-117.21224145378176,65.04716047660094,44,80,7,11
1616284200890,32.819362956819745,-117.21225092929663,65.0193044433454,45,80,7,11
1616284201007,32.81937239860291,-117.21226047815263,64.99527062934166,45,81,8,11
1616284201123,32.81938180979235,-117.21227009691125,64.97295124975903,44,80,8,11
1616284201304,32.819419511255695,-117.21230864500359,64.88559609418708,44,80,8,11
1616284201507,32.819428932301484,-117.21231830928845,64.8605414643569,44,79,8,11
