1483234491103,32.79822176781641,-117.15646627733807,83.14483826615002,81,122,15,11
1483234491197,32.798244064928106,-117.15645815831309,83.17026730925198,81,122,15,11
1483234491299,32.79826626644288,-117.15645008064968,83.19958677702053,82,122,15,11
1483234491380,32.79828837480824,-117.15644204838094,83.23078635165089,82,122,15,11
1483234491470,32.798310382018215,-117.15643406311888,83.25749925424971,82,122,15,11
1483234491553,32.798332297251626,-117.15642612342525,83.28355920957706,82,122,15,11
1483234491636,32.798354097177274,-117.15641821569578,83.30409089857967,82,122,15,11
1483234491782,32.798375793133246,-117.1564103400217,83.3254458340849,82,122,15,11
1483234491932,32.798397409825455,-117.15640245664052,83.35693022622237,83,122,15,11
1483234492011,32.79841892669793,-117.15639461542878,83.38257848745337,83,122,15,11
1483234492111,32.798440371033195,-117.15638680779573,83.40851583418285,83,122,15,11
1483234492194,32.79846173550781,-117.15637902262593,83.42930264515148,83,122,15,11
1483234492422,32.79848303061258,-117.15637126305194,83.44759135797156,83,122,15,11
1483234492501,32.79850424434135,-117.15636353493979,83.46234049833177,83,122,15,11
1483234492600,32.79852540233098,-117.15635583469259,83.48300198960311,84,122,15,11
1483234492685,32.79854654309768,-117.15634810095062,83.51885640919623,84,122,15,11
1483234492766,32.798567645012334,-117.15634039199273,83.54352364348941,84,122,15,11
1483234492909,32.79858866518436,-117.15633270977337,83.54364536179008,84,122,15,11
1483234493001,32.79860962973634,-117.15632502130241,83.54485130773621,84,122,15,11
1483234493083,32.79863058130327,-117.15631725401343,83.5707660437314,84,122,15,11
1483234493165,32.79865151439447,-117.15630943430114,83.60273193792128,84,122,15,11
1483234493259,32.79867238715892,-117.15630157125682,83.62958231561946,84,122,15,11
1483234493427,32.798693190275415,-117.15629363706879,83.65065892368274,83,122,15,11
1483234493517,32.798713940194155,-117.15628557900413,83.67188284976102,83,122,15,11
1483234493600,32.7987346115949,-117.15627742439564,83.69018311505722,83,122,15,11
1483234493683,32.79875519974623,-117.15626919452814,83.7053090494712,83,122,15,11
1483234493766,32.798775725442546,-117.15626090121796,83.72665453265859,83,122,15,11
1483234493906,32.7987961767509,-117.1562524904724,83.74987289013065,83,122,15,11
1483234494064,32.79881654727481,-117.15624400416357,83.77420905792094,83,122,15,11
1483234494165,32.79889712348262,-117.1562093022943,83.87348923121175,83,122,15,11
1483234494271,32.798917057673556,-117.15620048076626,83.90436213110782,83,122,15,11
1483234494367,32.79893693934127,-117.15619164501183,83.93262204194872,82,122,15,11
1483234494469,32.798956724714174,-117.15618275907862,83.95199917090106,83,122,15,11
1483234494565,32.798976456399664,-117.15617381207375,83.96786425726648,82,122,14,11
1483234494714,32.79899610363025,-117.15616480832911,83.98538488799,83,122,14,11
1483234494804,32.7990156961739,-117.15615578506706,84.00421370775429,83,122,14,11
1483234494890,32.79903526841281,-117.15614667423728,84.01338304430574,83,122,15,11
1483234494977,32.79905479440303,-117.15613754082005,84.01613169968938,83,122,14,11
1483234495133,32.79907424754046,-117.15612838788742,84.02437063237925,83,122,13,11
1483234495247,32.799093709801895,-117.15611923759427,84.04980101681619,83,122,13,11
1483234495335,32.79911322793462,-117.15611008153098,84.08739234577536,83,122,14,11
1483234495418,32.79913271024105,-117.15610093164237,84.12034617403424,83,122,15,11
1483234495500,32.79915215303043,-117.15609179262711,84.14132629070602,83,122,15,11
1483234495579,32.799171589551484,-117.15608263632426,84.1546775258216,83,122,15,11
1483234495705,32.79919099938395,-117.156073464384,84.18072050857228,83,122,15,11
1483234495855,32.79921040919886,-117.15606427980521,84.20868180569938,83,122,15,11
1483234495937,32.79922979079256,-117.15605511405839,84.22892547073363,83,123,15,11
1483234496022,32.799249183217434,-117.15604594553108,84.25900794463361,83,123,15,11
1483234496172,32.79926856915078,-117.1560367399267,84.29174043858188,84,123,15,11
1483234496272,32.79928798287202,-117.15602750413323,84.31920495659143,83,122,15,11
1483234496371,32.79930734044369,-117.15601826569959,84.3461325726026,84,123,15,11
1483234496452,32.799326688126655,-117.15600901158157,84.36920146554448,84,123,15,11
1483234496545,32.79934603069417,-117.15599973613317,84.39189082298753,84,123,15,11
1483234496624,32.799365356679,-117.15599044075303,84.41314968443746,84,123,15,11
1483234496778,32.79938469211813,-117.15598112695561,84.43650138891562,84,123,15,11
1483234496853,32.79940407968709,-117.15597176761668,84.46230639429946,83,123,15,11
1483234496950,32.79942340766923,-117.15596242672171,84.48191626938797,83,123,15,11
1483234497037,32.79944271041828,-117.15595308828776,84.49282987649333,83,123,15,11
1483234497182,32.79946200084784,-117.15594372779941,84.50885552619361,83,123,15,11
1483234497284,32.79948130091525,-117.15593434287379,84.53300169983144,84,123,15,11
1483234497366,32.79950055913993,-117.15592493886,84.55863182463912,84,123,15,11
1483234497445,32.79951993753283,-117.15591550408747,84.60049773590913,83,123,15,11
1483234497543,32.79953929021721,-117.1559061794935,84.62443776882021,83,123,15,11
1483234497629,32.79955861027168,-117.15589694251517,84.6173657006598,83,123,15,11
1483234497785,32.79957794790085,-117.1558876945268,84.6147584561763,83,123,15,11
1483234497924,32.79959733777441,-117.15587844053148,84.63439251502805,83,123,15,11
1483234498006,32.799616770710394,-117.15586920997573,84.6661667390769,83,123,15,11
1483234498089,32.79963633349392,-117.15585995477021,84.7017620550185,83,123,15,11
1483234498189,32.799655848242146,-117.15585076600708,84.72799389535706,83,123,15,11
1483234498312,32.79967537669912,-117.1558416066117,84.75070841019334,83,123,15,11
1483234498393,32.799694950711135,-117.15583245199045,84.77956459642265,83,123,15,11
1483234498472,32.79971456058882,-117.15582328307404,84.8166572535799,83,123,15,11
1483234498555,32.79973420357871,-117.15581407669336,84.85892948120444,83,123,15,11
1483234498637,32.79975395329588,-117.15580481930878,84.90089586826628,83,123,15,11
1483234498784,32.79977364299567,-117.15579558546528,84.94403963288308,83,123,15,11
1483234498875,32.799793367305355,-117.15578632410299,84.9895471298039,83,123,15,11
1483234498959,32.799813101907034,-117.15577704698833,85.03732732908898,83,123,15,11
1483234499030,32.79983287140138,-117.15576774840713,85.09013051086123,83,123,15,11
1483234499247,32.79985267130888,-117.15575844197679,85.1503892721407,83,123,15,11
1483234499359,32.799872595168814,-117.15574909634674,85.20678938375514,82,122,15,11
1483234499454,32.79989245244,-117.1557397822306,85.26244085906241,82,122,15,11
1483234499540,32.799912336316986,-117.15573046545853,85.31752767751699,82,122,15,11
1483234499627,32.799932228454985,-117.15572112691545,85.3765706873866,82,122,15,11
1483234499710,32.799952156872685,-117.15571175090587,85.44046974928546,82,122,15,11
1483234499861,32.79997209310929,-117.1557023957601,85.50242680481912,82,122,15,11
1483234500010,32.79999215892241,-117.15569300328188,85.56941007266852,82,122,15,11
1483234500092,32.800012131204916,-117.15568364858717,85.63441508593577,82,122,15,11
1483234500163,32.80003207728605,-117.15567427362822,85.69994119948038,82,122,15,11
1483234500268,32.80005201718331,-117.15566487216162,85.76796091026458,82,122,15,11
1483234500387,32.800071941813776,-117.15565548336703,85.83442942011327,82,122,15,11
1483234500468,32.80009183267696,-117.15564611469223,85.90149468399288,82,122,15,11
1483234500549,32.80011181578734,-117.15563672090383,85.9770121818246,82,122,14,11
1483234500633,32.80013166388149,-117.15562738050016,86.06041605158138,82,122,14,11
1483234500712,32.8001514423509,-117.15561806290314,86.14329257510448,82,122,14,11
1483234500867,32.80017114544883,-117.15560873281606,86.22865024895547,82,122,14,11
1483234500946,32.8001907634181,-117.15559943085223,86.31540361275107,82,122,14,11
1483234501040,32.80021030654162,-117.15559017491921,86.40757559764535,82,122,14,11
1483234501153,32.80026845038182,-117.1555624622732,86.7003502298924,82,122,14,11
