1483237040926,32.871996605297504,-117.23031826297988,52.41193352827534,43,74,14,11
1483237041116,32.87199660509615,-117.23031825786724,52.41157599621933,43,74,14,11
1483237041264,32.87199660625174,-117.2303182755427,52.41204400605948,43,74,14,11
1483237041361,32.87199661845795,-117.23031830392492,52.412935477827844,43,74,14,11
1483237041516,32.871996586179876,-117.2303183854588,52.41241370471662,43,74,14,11
1483237041628,32.87199657574727,-117.23031852925824,52.41135691621711,43,75,14,11
1483237041829,32.87199623881817,-117.23032040055685,52.39785394636176,43,74,14,11
1483237041994,32.87199602367561,-117.23032153365897,52.39374106094183,43,74,14,11
1483237042204,32.87199573730602,-117.23032301040442,52.38872192553908,43,74,14,11
1483237042314,32.871995370451046,-117.2303248670649,52.383483827522085,43,73,14,11
1483237042405,32.87199492210636,-117.23032712369667,52.37721360384615,43,73,14,11
1483237042626,32.871992406799166,-117.23034053966197,52.34227878742612,42,70,14,11
1483237042793,32.87199156492089,-117.23034502062218,52.33043499097529,42,70,14,11
1483237042914,32.871990631183,-117.23034994192496,52.31356111813748,41,68,14,11
1483237043083,32.87198964456415,-117.23035532730688,52.303898985419856,41,68,14,11
1483237043185,32.871988549631794,-117.2303611468293,52.29143346629208,40,66,14,11
1483237043334,32.87198736923383,-117.23036737670671,52.27621882353591,39,65,14,11
1483237043425,32.87198608000389,-117.2303740154541,52.256912257533635,39,65,14,11
1483237043632,32.87198026763187,-117.23040461716171,52.16782137119477,39,62,13,11
1483237043775,32.871978615534765,-117.23041323318249,52.140612616825166,39,62,13,11
1483237043920,32.871976902658,-117.23042222156316,52.11319142981289,39,62,13,11
1483237044035,32.87197513462213,-117.23043159739699,52.08614552412594,39,61,13,11
1483237044194,32.871969390344326,-117.23046191344217,51.98261739441953,39,61,12,11
1483237044346,32.871967322013916,-117.23047275353676,51.94330653143123,39,60,12,11
1483237044459,32.87196519354656,-117.23048398955248,51.90517454216218,39,60,12,11
1483237044561,32.871963009529594,-117.23049561579509,51.87215680874103,39,60,12,11
1483237044707,32.87196074185325,-117.23050760957739,51.834632550077366,39,60,12,11
1483237044862,32.871958413655165,-117.23051997042981,51.79384550510491,40,59,12,11
1483237044976,32.871956026518006,-117.23053269843159,51.744949509666846,39,59,12,11
1483237045182,32.871946095966706,-117.23058726974001,51.54642871581408,39,58,12,11
1483237045329,32.8719435233481,-117.2306017887773,51.49468420094338,39,58,12,11
1483237045442,32.87194094742795,-117.23061663944938,51.43884001147972,38,57,12,11
1483237045577,32.87193835873063,-117.23063180564645,51.385650229158955,38,57,12,11
1483237045689,32.87193578458434,-117.2306472664906,51.328653250966504,38,57,12,11
1483237045814,32.87193318597619,-117.23066295149343,51.26379111137228,39,58,12,11
1483237045969,32.87193058573317,-117.23067891484551,51.20085633694263,40,58,12,11
1483237046123,32.87192286288602,-117.23072840261096,51.01919999857112,41,59,11,11
1483237046245,32.87192034716162,-117.23074531587415,50.95609893901343,43,61,11,11
1483237046374,32.87191786344999,-117.23076246515866,50.89849873270414,45,62,11,11
1483237046488,32.871915448539056,-117.23077984022653,50.847545179445376,46,63,11,11
1483237046624,32.871913075293456,-117.23079740844261,50.79226922771836,47,64,11,11
1483237046736,32.871910742663815,-117.23081518066586,50.736936364719774,49,65,11,11
1483237046857,32.871908439956115,-117.23083308583774,50.67247670683467,50,66,11,11
1483237047126,32.87189973048391,-117.23090637094174,50.42714547975114,52,69,13,11
1483237047224,32.871897646555915,-117.23092505080051,50.36515151104024,51,69,13,11
1483237047370,32.871895615195314,-117.23094383836325,50.300978614373285,51,70,13,11
1483237047483,32.871893634003264,-117.23096270972044,50.23271407572336,51,70,13,11
1483237047618,32.87189169610234,-117.23098167582882,50.16111172054896,51,71,13,11
1483237047733,32.87188980156416,-117.2310007417517,50.086705498200196,51,71,13,11
1483237047861,32.871887947771974,-117.23101987998372,50.01085747445454,51,71,13,11
1483237048034,32.87188255928807,-117.23107772560913,49.77493702101656,51,72,15,11
1483237048161,32.87188074932525,-117.231097110762,49.705222487833005,51,73,15,11
1483237048250,32.87187897694797,-117.23111656855984,49.64166803248146,50,73,15,11
1483237048397,32.87187730652261,-117.23113605905425,49.5752389070172,50,73,15,11
1483237048508,32.871875681577876,-117.23115564166311,49.51496846561437,49,72,15,11
1483237048645,32.87187407196068,-117.23117523447698,49.44940170071648,48,72,15,11
1483237048757,32.87187240683761,-117.23119484250589,49.37575380415696,46,72,15,11
1483237049037,32.87186601992106,-117.23127350088546,49.09241291219036,43,70,15,11
1483237049167,32.871864422638765,-117.23129320429442,49.020016508894024,43,71,15,11
1483237049289,32.87186286993158,-117.23131294408093,48.948256256209135,42,71,14,11
1483237049403,32.871861323075784,-117.23133273946725,48.876930965497884,42,70,14,11
1483237049516,32.871859806700684,-117.23135252064175,48.79901893270639,41,70,14,11
1483237049651,32.871858341779614,-117.23137230654464,48.714810114374494,41,69,14,11
1483237049763,32.87185687203871,-117.23139209882963,48.63479691105961,41,70,14,11
1483237050086,32.871851091130715,-117.23147153495803,48.330034411085165,39,68,14,11
1483237050202,32.87184967873106,-117.23149145918524,48.25285367117784,39,68,14,11
1483237050291,32.87184827863701,-117.23151138770369,48.17944656438185,38,68,14,11
1483237050433,32.87184690919067,-117.23153130621483,48.10974823925847,38,68,14,11
1483237050566,32.87184554613622,-117.23155127084365,48.04131957928206,38,68,14,11
1483237050833,32.871840322185115,-117.23163102374741,47.729868640013486,38,67,14,11
1483237050950,32.87183909037991,-117.23165091731464,47.65462781394525,37,67,14,11
1483237051092,32.87183793355377,-117.23167082847681,47.582888026782555,37,67,14,11
