1618180559083,32.7978887519186,-117.21534402650407,-31.225125904496963,46,90,11,11
1618180559196,32.79788874476515,-117.21534400474347,-31.223187812082084,46,90,11,11
1618180559308,32.7978887466636,-117.21534399153684,-31.221237766220927,46,90,11,11
1618180559390,32.79788875442989,-117.2153439862561,-31.21807715337203,46,90,11,11
1618180559562,32.797888759297415,-117.21534399353607,-31.217055288242243,46,90,11,11
1618180559777,32.79788876399999,-117.21534399489285,-31.21566693013822,45,89,11,11
1618180559946,32.79788881021303,-117.21534397594617,-31.20476679424458,45,89,11,11
1618180560080,32.79788880779949,-117.21534398176586,-31.20258458350641,45,88,11,11
1618180560190,32.79788881904779,-117.2153439806742,-31.200507882178602,45,88,11,11
1618180560310,32.79788883046479,-117.21534396424079,-31.19831882787497,45,88,11,11
1618180560501,32.797888845949224,-117.21534396434797,-31.192701543315025,44,87,11,11
1618180560647,32.79788887029287,-117.21534394897563,-31.189132654869848,44,87,11,11
1618180560757,32.79788887497622,-117.2153439645562,-31.187555075991913,44,87,11,11
1618180560875,32.797888878196645,-117.21534395822995,-31.18625467013746,44,87,11,11
1618180560987,32.79788888542529,-117.21534396370849,-31.183752897943542,44,86,11,11
1618180561119,32.79788889380235,-117.21534395397015,-31.1815431274952,44,86,11,11
1618180561234,32.797888913582305,-117.21534394450039,-31.177048943310396,44,86,11,11
1618180561352,32.79788892369415,-117.21534394895619,-31.17606212708934,43,85,11,11
1618180561465,32.79788892359595,-117.21534395082193,-31.17465801474508,43,85,11,11
1618180561674,32.79788896468444,-117.21534396023495,-31.166999260820926,42,84,11,11
1618180561786,32.79788895959543,-117.21534395281556,-31.165218852526507,42,83,11,11
1618180561900,32.79788897968007,-117.21534395127206,-31.16200946678683,42,83,11,11
1618180562014,32.7978889787729,-117.2153439597425,-31.16007845060658,42,83,11,11
1618180562151,32.797888993276864,-117.21534396978443,-31.15715227760343,42,82,11,11
1618180562264,32.79788899036892,-117.21534395863083,-31.15526793607024,41,82,11,11
1618180562377,32.79788900004428,-117.21534396796883,-31.153205878700476,41,81,11,11
1618180562521,32.797889031060116,-117.21534396206545,-31.144797893103615,41,80,11,11
1618180562664,32.79788903531072,-117.21534396544973,-31.14214525155367,41,80,11,11
1618180562847,32.797889039019424,-117.21534396434886,-31.139967154600534,41,80,11,11
1618180562926,32.7978890567048,-117.21534397292653,-31.137319726110526,41,80,11,11
1618180563074,32.79788905714583,-117.2153439811678,-31.135706442839744,40,79,11,11
1618180563220,32.79788906370077,-117.21534397252532,-31.13302525301897,40,79,11,11
1618180563331,32.79788906989333,-117.21534397188873,-31.130751485396953,40,79,11,11
1618180563521,32.797889085710686,-117.21534399310438,-31.122868891424513,40,78,11,11
1618180563667,32.797889097152165,-117.21534399063933,-31.121545514175274,40,78,11,11
1618180563781,32.797889083061435,-117.21534398743314,-31.11851725458527,40,77,11,11
1618180563899,32.79788908379619,-117.21534398564629,-31.117272174919226,40,77,11,11
1618180564012,32.79788910603493,-117.2153439794427,-31.114109444568655,40,77,11,11
1618180564146,32.797889093920745,-117.21534399001135,-31.112698380893683,40,77,11,11
1618180564259,32.79788910649273,-117.21534399553948,-31.11071099810984,40,77,11,11
1618180564372,32.79788910135085,-117.21534398749282,-31.107836881957418,40,77,11,11
1618180564532,32.79788912456598,-117.21534400624368,-31.101066108290162,40,77,11,11
1618180564676,32.797889102646344,-117.21534400184701,-31.10072813684127,40,77,11,11
1618180564794,32.79788911770978,-117.21534398583272,-31.09722695819057,40,77,11,11
1618180564910,32.797889129356754,-117.21534399767648,-31.094775924416265,40,77,11,11
1618180565024,32.79788913143159,-117.21534400571474,-31.091820396460843,40,77,11,11
1618180565155,32.7978891238158,-117.21534400469704,-31.090308886630577,40,77,11,11
1618180565268,32.79788912880296,-117.21534399605842,-31.08652336816148,40,77,11,11
1618180565380,32.79788913897995,-117.21534399195502,-31.08476297371986,40,77,11,11
1618180565461,32.79788913834412,-117.21534400022786,-31.08233578833056,40,76,11,11
1618180565644,32.79788915783332,-117.21534400304986,-31.07495291117434,39,76,11,11
1618180565757,32.797889157492335,-117.21534399810291,-31.07391039701196,39,76,11,11
1618180565873,32.79788916722856,-117.21534399782831,-31.07039776470786,39,75,11,11
1618180565992,32.79788916573915,-117.21534401002602,-31.06806536983456,39,75,11,11
1618180566128,32.79788917898149,-117.21534400394565,-31.06497059600969,39,75,11,11
1618180566238,32.797889180821784,-117.21534399738073,-31.062620066780735,39,74,11,11
1618180566351,32.79788918798909,-117.21534401766299,-31.06050228119816,39,74,11,11
1618180566592,32.797889204179,-117.21534399114772,-31.05135719603843,39,75,11,11
1618180566706,32.79788921115451,-117.21534398976182,-31.04890121864004,39,74,11,11
1618180566817,32.797889216445085,-117.21534398609013,-31.045651568847035,39,74,11,11
1618180566933,32.79788921782196,-117.2153439962884,-31.044085192466298,39,74,11,11
1618180567055,32.797889230696654,-117.21534397967007,-31.040497786451358,38,74,11,11
1618180567156,32.797889229504,-117.21534397282592,-31.03748289808072,38,74,11,11
1618180567303,32.79788924185399,-117.21534396893345,-31.03471259587997,39,74,11,11
1618180567416,32.79788924888724,-117.21534396929914,-31.03173558745605,39,74,11,11
1618180567589,32.79788926360145,-117.21534397324481,-31.024754723021903,39,75,11,11
1618180567703,32.79788927019602,-117.21534397552051,-31.022520194521775,39,75,11,11
1618180567820,32.79788928221919,-117.21534397404687,-31.021077050363868,39,75,11,11
1618180567930,32.79788930206521,-117.21534397433756,-31.017210093611226,39,75,11,11
1618180568060,32.79788930712997,-117.21534396596597,-31.014304550254728,39,74,11,11
1618180568192,32.797889321896655,-117.21534397807845,-31.012457623011308,39,74,11,11
1618180568306,32.7978893280083,-117.21534397238757,-31.00991770980956,39,74,11,11
1618180568574,32.7978893959076,-117.21534397560062,-30.99995867065028,37,72,11,11
1618180568718,32.79788940446517,-117.2153439722406,-30.998350937474232,37,71,11,11
1618180568878,32.7978894134406,-117.2153439708917,-30.99498647234544,37,71,11,11
1618180569010,32.797889427463794,-117.21534397695056,-30.992166128612094,37,71,11,11
1618180569124,32.79788942126066,-117.21534398412206,-30.990839464675595,37,71,11,11
1618180569255,32.79788944507733,-117.21534398167557,-30.988190533575146,37,71,11,11
