1483236138731,32.721854598855096,-117.10245996556205,6.3354335842912,183,256,12,11
1483236138853,32.7218815514215,-117.10245816458463,6.414683450971315,180,254,12,11
1483236139024,32.721962295710895,-117.10245273859654,6.684702673759465,167,247,12,11
1483236139147,32.72198932152888,-117.1024509457983,6.775024163799674,163,245,12,11
1483236139259,32.722016316282705,-117.10244911856822,6.853945820345013,160,243,12,11
1483236139398,32.72204337238504,-117.10244737446256,6.9392374505210475,157,241,14,11
1483236139511,32.72207046852861,-117.10244561770412,7.034502053382024,154,239,13,11
1483236139604,32.72209761876881,-117.10244394414988,7.131384346254643,152,237,13,11
1483236139751,32.722124784267265,-117.10244235213688,7.213275127439284,149,235,13,11
1483236139868,32.722151967124695,-117.1024408462526,7.291814146401056,147,233,12,11
1483236140021,32.72223362958743,-117.1024367772686,7.536707708332113,139,226,12,11
1483236140195,32.7222608703629,-117.10243562104928,7.6208810577305774,136,224,12,11
1483236140307,32.72228809853135,-117.10243465147533,7.712643802039017,133,220,13,11
1483236140441,32.72231533180443,-117.10243375116958,7.784841142869091,130,217,13,11
1483236140557,32.72234257151991,-117.10243300332777,7.874072477635977,127,214,13,11
1483236140649,32.722369796446394,-117.1024323054419,7.955140884536958,125,211,13,11
1483236140927,32.722478639815,-117.10243032717813,8.244172939622501,116,201,13,11
1483236141063,32.7225057828715,-117.10243007880342,8.304892250118403,114,199,13,11
1483236141234,32.72253296321396,-117.10242994940516,8.371189470400122,113,197,13,11
1483236141345,32.72256007365944,-117.10242990859972,8.426749214430354,112,196,13,11
1483236141481,32.7225871643956,-117.10242997170262,8.483926483365416,110,194,13,11
1483236141595,32.72261427568438,-117.10243026951599,8.546040916767025,109,192,13,11
1483236141689,32.72264144861481,-117.10243062571998,8.606313147555971,107,190,14,11
1483236141827,32.72272255694669,-117.10243262926554,8.781806763722075,104,184,14,11
1483236141998,32.72274953462091,-117.1024335007004,8.849789657987687,103,181,14,11
1483236142177,32.72277649364806,-117.10243449883352,8.914193626377028,101,179,14,11
1483236142292,32.722803432985714,-117.1024356011521,8.971207094910254,100,176,14,11
1483236142423,32.722830362586095,-117.10243679881629,9.030353352741722,99,174,14,11
1483236142632,32.722937811698074,-117.10244262846726,9.269809690647422,95,165,14,11
1483236142820,32.72296463088167,-117.10244433212584,9.332063315865675,93,162,14,11
1483236142930,32.72299145489551,-117.10244613394777,9.385316276093757,92,160,14,11
1483236143045,32.72301827216973,-117.10244802440364,9.431374964429013,92,159,14,11
1483236143219,32.723045041584406,-117.10244980022183,9.478272077676037,90,157,14,11
1483236143332,32.723071753608146,-117.10245170280517,9.532578016566633,89,154,14,11
1483236143480,32.723098563924566,-117.10245389528846,9.587238053758831,88,153,14,11
1483236143590,32.723125541332884,-117.10245609400287,9.638720519467855,87,151,13,11
1483236143751,32.72323276414827,-117.10246573510244,9.843066423568436,83,146,13,11
1483236143897,32.72325960618317,-117.10246843655042,9.88646858124065,82,145,13,11
1483236144038,32.72328644992474,-117.1024712480394,9.93359849591545,82,145,13,11
1483236144319,32.7233940408497,-117.10248313611173,10.08692862853474,83,145,12,11
1483236144435,32.72342092636239,-117.10248643737813,10.140707897020555,82,144,12,11
1483236144527,32.72344780070028,-117.10248981142767,10.18819527590313,81,143,12,11
1483236144672,32.72347466136282,-117.10249322930372,10.23262540240273,81,142,12,11
1483236144846,32.72350150863163,-117.10249681483067,10.28044436089331,80,141,12,11
1483236144957,32.723528361674894,-117.10250045615953,10.331324101888624,78,139,13,11
1483236145137,32.723555215044755,-117.10250423854488,10.376055773862076,77,137,13,11
1483236145317,32.72366263802361,-117.10252033170423,10.559087495308345,75,133,13,11
1483236145436,32.72368946293815,-117.10252459626635,10.600498702379232,74,132,12,11
1483236145528,32.72371627767674,-117.10252900535463,10.646461126367855,74,131,13,11
1483236145673,32.723743078082876,-117.10253344187782,10.69406628578266,72,129,13,11
1483236145844,32.72376986370067,-117.10253798344036,10.738319375579367,71,128,13,11
1483236145957,32.723796651510604,-117.1025426612075,10.786866811458943,71,126,13,11
1483236146130,32.7238769799578,-117.1025571744288,10.917754849991033,70,125,14,11
1483236146264,32.72390377547229,-117.10256225160501,10.96160810481125,71,125,13,11
1483236146384,32.723930564018545,-117.1025674314736,11.002061889407784,72,126,13,11
1483236146515,32.72395733806369,-117.10257273002247,11.041664009876511,73,127,13,11
1483236146628,32.723984074865974,-117.10257807102744,11.08566034487922,73,127,13,11
1483236146721,32.72401082604713,-117.10258360618911,11.128214479898618,74,127,13,11
1483236147025,32.72411771672849,-117.10260705292227,11.307058035864525,76,127,15,11
1483236147137,32.72414442160019,-117.10261322073355,11.353103977645592,77,127,15,11
1483236147272,32.724171112897466,-117.10261948960608,11.397191855087186,77,127,15,11
1483236147396,32.72419778785489,-117.10262584389277,11.44460361114634,77,127,15,11
1483236147512,32.724224454668395,-117.10263230471331,11.492419217236643,78,126,15,11
1483236147625,32.72425111144823,-117.10263887157393,11.54599928379265,78,126,15,11
1483236147716,32.72427774951129,-117.10264551521774,11.600569042224466,77,124,15,11
1483236147935,32.724357624690384,-117.1026659749422,11.756441576947116,75,122,15,11
1483236148054,32.72438421919433,-117.1026730409273,11.810830864405068,75,121,15,11
1483236148180,32.72441078983731,-117.10268022402408,11.867740923671564,74,119,15,11
1483236148317,32.724437354470226,-117.10268753215611,11.923396795310419,74,119,15,11
1483236148430,32.7244638963417,-117.10269491131032,11.983538640322633,72,116,15,11
1483236148544,32.72449043317985,-117.1027024288367,12.039637180783757,72,116,15,11
1483236148657,32.724516948908914,-117.10271004561778,12.098731892857648,71,115,15,11
1483236148746,32.72454344776276,-117.10271775062891,12.162191150521824,70,112,15,11
