1616282387266,32.81061251858559,-117.2501218802238,18.228925907466103,33,49,11,11
1616282387380,32.81061087155805,-117.25013570228106,18.246342872735447,33,50,11,11
1616282387515,32.81060902025095,-117.25014947267634,18.234229036615286,33,50,11,11
1616282387679,32.81060703588065,-117.25016320728369,18.194942072712994,32,49,11,11
1616282387771,32.810604935846655,-117.2501770602681,18.17088816713989,32,49,11,11
1616282388043,32.8105952427477,-117.2502329763116,18.136905455169753,33,49,11,11
1616282388171,32.810592550726305,-117.25024700541869,18.12605395334737,32,49,11,11
1616282388334,32.81058978774985,-117.25026103366007,18.11617631886943,32,48,11,11
1616282388444,32.81058701671479,-117.25027506881207,18.105499326812314,31,47,11,11
1616282388588,32.8105842522754,-117.25028915972662,18.097775880163685,30,47,11,11
1616282388744,32.81058146050094,-117.25030325250574,18.088431780512646,31,47,11,11
1616282388834,32.81057867809656,-117.25031735702962,18.07676730684598,31,48,11,11
1616282389048,32.81056738100651,-117.25037391058461,18.06618818185639,32,49,11,11
1616282389181,32.810564490228096,-117.25038807888805,18.070766769336007,31,49,11,11
1616282389325,32.81056159697153,-117.25040226455077,18.073342812237325,31,49,11,11
1616282389454,32.81055868086203,-117.2504164839635,18.071894778525653,31,48,11,11
1616282389556,32.810555722369145,-117.25043077934941,18.06803355416215,30,48,11,11
1616282389857,32.81054384883587,-117.25048792148625,18.034022164189288,30,49,11,11
1616282389991,32.810540827887976,-117.25050228050551,18.02342325169628,30,49,11,11
1616282390106,32.81053777867637,-117.25051670166208,18.013391729427983,30,49,11,11
1616282390236,32.81053468103359,-117.25053105081432,18.007139581117173,30,49,10,11
1616282390397,32.81053159564224,-117.25054548462104,17.99850052500519,31,50,10,11
1616282390612,32.81051899289249,-117.25060340773996,17.935641521724037,32,51,10,11
1616282390760,32.810515795217604,-117.25061790620492,17.918970712395282,32,52,10,11
1616282390872,32.81051256976449,-117.25063246784173,17.90363653929675,32,52,10,11
1616282391011,32.81050934878425,-117.25064703093993,17.887963641256473,32,53,11,11
1616282391124,32.81050610839093,-117.25066162919654,17.86560894572638,32,53,11,11
1616282391257,32.810502870254766,-117.25067623681251,17.836102049746913,32,53,11,11
1616282391418,32.81049960753442,-117.25069094106205,17.80644418275903,32,53,11,11
1616282391622,32.81048663339271,-117.25074981617935,17.67808552186384,31,53,11,11
1616282391825,32.81048340604064,-117.25076463918094,17.644508122305993,31,53,11,11
1616282391945,32.81048014883151,-117.25077956313814,17.609494175620714,31,53,11,11
1616282392083,32.810476900101655,-117.25079444213068,17.57591173996614,31,53,11,11
1616282392196,32.81047366273702,-117.25080934669673,17.54246022697027,31,53,11,11
1616282392458,32.81046062434161,-117.25086942947586,17.396422886558028,31,52,11,11
1616282392570,32.810457335881786,-117.25088449210261,17.356563868025898,30,52,11,11
1616282392658,32.81045405988529,-117.25089960248131,17.3146292463894,30,52,11,11
1616282392808,32.81045078191207,-117.25091474623363,17.27273582173088,30,52,9,11
1616282392918,32.81044751880751,-117.25092991033894,17.22308662963868,29,51,9,11
1616282393055,32.810444229697964,-117.25094507767206,17.178386019212954,30,51,9,11
1616282393170,32.81044092143025,-117.25096039244438,17.12410286072918,29,51,9,11
1616282393309,32.81043762899615,-117.25097558808038,17.07460771544544,29,51,9,11
1616282393454,32.81042770923936,-117.25102127525805,16.949545440184565,29,51,9,11
1616282393571,32.81042435693182,-117.25103648323741,16.905499798141804,29,51,9,11
1616282393658,32.810421023052285,-117.25105179127237,16.85853335083176,29,51,9,11
1616282393882,32.810417733179406,-117.25106700141477,16.818395246891928,30,51,9,11
1616282393992,32.8104144291851,-117.2510822159556,16.786041127038434,31,52,9,11
1616282394245,32.810401484045734,-117.2511428836491,16.606202465481452,34,54,11,11
1616282394356,32.81039832754064,-117.25115798980524,16.56306957799934,34,55,11,11
1616282394541,32.810395174818325,-117.25117308166483,16.52462994223106,35,56,10,11
1616282394700,32.81039201451386,-117.25118819044019,16.49024458048063,36,57,9,11
1616282394794,32.81038886673559,-117.25120327724804,16.459087304070334,37,57,9,11
1616282394939,32.81038579313649,-117.2512182885951,16.412120989110647,37,58,8,11
1616282395155,32.81037337151402,-117.25127840180313,16.24921239276667,39,60,7,11
1616282395265,32.81037029887657,-117.25129332343634,16.19839003302283,39,61,7,11
1616282395380,32.81036719612968,-117.25130821298042,16.140009459973598,38,60,8,11
1616282395513,32.810364102513326,-117.25132312088446,16.08391668893855,36,59,8,11
1616282395669,32.81036097292417,-117.25133798582425,16.028037877128494,35,58,8,11
1616282395790,32.81035791017782,-117.25135284662632,15.970175011685889,35,58,8,11
1616282395948,32.81034863467272,-117.25139732585707,15.797855736927326,33,56,8,11
1616282396059,32.810345530312404,-117.25141214322691,15.754858535361528,32,55,8,11
1616282396215,32.81034239824708,-117.25142691059843,15.710012954980456,31,54,8,11
1616282396330,32.81033927299118,-117.25144165292738,15.669655959218147,31,54,8,11
1616282396442,32.81033614938335,-117.25145633959731,15.624794829166932,31,53,8,11
1616282396581,32.81033301997446,-117.25147092422527,15.585114560444968,31,53,11,11
1616282396734,32.81032992071613,-117.25148540933395,15.548518051113401,31,54,11,11
1616282396824,32.810326826200594,-117.25149978635152,15.508922284009138,31,53,11,11
1616282397042,32.81031469581492,-117.25155582149976,15.325182779039977,31,54,10,11
1616282397178,32.810311742125414,-117.2515694368714,15.276787050349022,30,53,10,11
1616282397322,32.81030881342405,-117.25158289203891,15.22427182403532,30,52,10,11
