1483321974928,32.8412022433753,-117.09489479466762,104.18622660826502,81,111,15,11
1483321975008,32.84120608178182,-117.0948615538276,104.236970873757,82,111,15,11
1483321975194,32.84121002354542,-117.0948283244546,104.29324737955213,80,111,15,11
1483321975333,32.84121396889421,-117.09479518805601,104.3515636305007,79,110,15,11
1483321975445,32.84121796827177,-117.0947620330304,104.40837000293331,77,109,15,11
1483321975566,32.841222049984374,-117.09472892835748,104.46214116549721,75,108,15,11
1483321975713,32.841226240338955,-117.09469577070736,104.51781400700763,74,107,15,11
1483321975781,32.84123909281275,-117.09459645562285,104.67967205400014,69,103,15,11
1483321975901,32.8412435131343,-117.09456336540082,104.73275663601474,67,102,15,11
1483321976046,32.84124803624692,-117.0945302867416,104.79116186987075,66,101,15,11
1483321976189,32.841252611109944,-117.09449722542175,104.85496487139204,65,100,15,11
1483321976335,32.84125725593666,-117.09446415933046,104.91467254098427,64,98,15,11
1483321976448,32.841261968106345,-117.09443111903153,104.97515884043167,63,97,15,11
1483321976560,32.84126677459745,-117.09439811605465,105.0345354036144,61,95,15,11
1483321976721,32.84127167047126,-117.09436512386648,105.0956158500211,59,93,15,11
1483321976979,32.84129225463239,-117.09423330019689,105.3403204251368,57,90,15,11
1483321977061,32.841297626782456,-117.09420039435925,105.40219764787831,56,89,15,11
1483321977226,32.841303096339004,-117.09416748679598,105.46444128080125,56,89,15,11
1483321977372,32.84130867004245,-117.09413460580855,105.52566974742543,56,90,15,11
1483321977590,32.841331547829924,-117.0940032482259,105.76686834793581,56,89,15,11
1483321977703,32.84133736757207,-117.09397044798995,105.8220571116089,56,88,15,11
1483321977819,32.84134328521355,-117.09393765620435,105.88175400019043,55,87,15,11
1483321977956,32.841349276422214,-117.09390486185652,105.9398761006212,55,87,15,11
1483321978124,32.84135535371738,-117.0938721104479,106.00170426743006,54,86,15,11
1483321978293,32.84136148040438,-117.09383935065544,106.06207832489662,54,87,15,11
1483321978496,32.8413868838239,-117.09370848450601,106.27909333357184,55,87,15,11
1483321978610,32.84139346379712,-117.09367582685597,106.33102046978712,55,87,15,11
1483321978720,32.8414001463384,-117.09364318678784,106.38368539144756,55,87,15,11
1483321978834,32.84140689190861,-117.09361058813928,106.43287652429969,55,87,15,11
1483321979038,32.841413705920054,-117.09357796351786,106.47756404743923,55,87,15,11
1483321979190,32.8414345003305,-117.09348016752948,106.61329963602786,54,86,15,11
1483321979313,32.841441556873,-117.09344762382413,106.65118327801228,55,86,15,11
1483321979460,32.8414486424552,-117.09341508956224,106.69330369884386,55,86,15,11
1483321979577,32.841455744460944,-117.09338254654938,106.73849115216683,55,87,15,11
1483321979689,32.84146285437881,-117.09334991109789,106.78175801442397,55,87,15,11
1483321979801,32.84146998187531,-117.09331741070531,106.82651011364821,55,87,15,11
1483321979913,32.84147714911177,-117.09328486951088,106.87483542557595,55,87,15,11
1483321980021,32.841484293681354,-117.09325234697658,106.92052938898306,55,86,15,11
1483321980193,32.84150572985856,-117.09315469099614,107.06444210025195,52,83,15,11
1483321980323,32.841512850178404,-117.09312218164946,107.12018225760353,49,80,15,11
1483321980468,32.84151995333408,-117.09308966339177,107.16194034676826,48,78,15,11
1483321980588,32.84152716165978,-117.09305716960219,107.19724321959932,49,78,15,11
1483321980700,32.84153419231074,-117.09302465737647,107.23630641225031,49,78,15,11
1483321980815,32.84154120653805,-117.09299211316576,107.2877994089654,49,78,15,11
1483321980956,32.84156219241839,-117.09289433511768,107.43689995317035,48,76,15,11
1483321981126,32.841569214003556,-117.0928618152301,107.49026517512729,47,76,15,11
1483321981272,32.84157626971149,-117.09282930203831,107.5437695577804,47,75,15,11
1483321981387,32.841583328938036,-117.09279681348626,107.5943170924775,47,75,15,11
1483321981544,32.84159040953953,-117.09276408316255,107.64062252072014,47,75,15,11
1483321981659,32.84159759568907,-117.09273160827188,107.6911252573994,47,75,15,11
1483321981769,32.8416047062098,-117.09269915945434,107.73983286052261,47,75,15,11
1483321981993,32.84163364773239,-117.092569277375,107.98219549964166,45,72,15,11
1483321982164,32.84164089040092,-117.0925369048611,108.04032953937852,45,71,15,11
1483321982287,32.841648138999545,-117.09250455335534,108.1003706444298,45,71,15,11
1483321982417,32.84165540572055,-117.09247222600973,108.16590510516487,45,71,15,11
1483321982570,32.84166270362987,-117.09243987396681,108.23904351637589,44,70,15,11
1483321982680,32.84167007171486,-117.09240753248795,108.31262408719212,45,71,15,11
1483321982973,32.84169946147187,-117.09227792334062,108.58163432005409,46,72,15,11
1483321983086,32.84170683138202,-117.09224567271792,108.64671523170675,47,72,15,11
1483321983224,32.841714242777265,-117.09221335082492,108.7255519388645,46,72,15,11
1483321983373,32.84172164723602,-117.09218106968154,108.8006679942045,46,72,15,11
1483321983593,32.84175123233318,-117.09205194758015,109.09219006556219,44,69,15,11
1483321983703,32.84175861766025,-117.09201966023502,109.14715303816678,43,68,15,11
1483321983873,32.84176597815397,-117.09198735673232,109.20585722879412,44,68,15,11
1483321983987,32.84177331585631,-117.09195502024903,109.27280204042944,44,68,15,11
1483321984136,32.84178067599495,-117.0919226814403,109.33860263107937,44,68,15,11
1483321984401,32.84181028834395,-117.09179333004268,109.61225279788916,44,69,15,11
1483321984494,32.84181775369571,-117.09176098819223,109.68115737183018,44,69,15,11
1483321984640,32.84182523737944,-117.09172867943812,109.75013042026174,44,69,15,11
1483321984752,32.841832733849046,-117.09169634110887,109.81698581050117,44,68,15,11
1483321984866,32.84184022096519,-117.09166401948345,109.88799731277807,44,68,15,11
1483321985209,32.841870120068265,-117.09153460558771,110.15868623078043,44,68,15,11
