1612398434801,32.80867287066391,-117.21753515050361,-16.792456010387554,79,126,15,11
1612398434883,32.808647283417464,-117.21751451585149,-16.72028867690021,79,126,15,11
1612398434956,32.808621727839295,-117.21749391994753,-16.65110303308983,79,126,15,11
1612398435115,32.80859621563067,-117.21747332809032,-16.580779185959376,79,125,15,11
1612398435199,32.80857075355247,-117.21745273343112,-16.50928504130392,79,125,15,11
1612398435288,32.80854535959289,-117.21743208147684,-16.4366048617145,79,125,15,11
1612398435431,32.808519915312885,-117.21741127619944,-16.365208327354797,79,125,15,11
1612398435524,32.808494687589246,-117.21739055219483,-16.298363464968766,79,125,15,11
1612398435616,32.80846952240403,-117.21736980275489,-16.228989926342877,79,125,15,11
1612398435699,32.80844441343642,-117.21734904171088,-16.159711158750984,79,125,15,11
1612398435803,32.808419356701926,-117.21732826115958,-16.087324809990715,79,125,15,11
1612398435886,32.8083943852315,-117.21730745050503,-16.020740455962507,79,125,15,11
1612398435958,32.80836933999655,-117.21728650544598,-15.951732065973644,79,125,15,11
1612398436115,32.80834452023169,-117.21726565623256,-15.884914322633223,79,125,15,11
1612398436255,32.80831974353035,-117.21724479831035,-15.816390790623455,79,125,15,11
1612398436349,32.80829503246462,-117.21722395687598,-15.754506851273538,79,124,15,11
1612398436482,32.80827037016171,-117.21720313263955,-15.68646038948241,79,124,15,11
1612398436573,32.80824572045732,-117.21718231465275,-15.613739513968127,79,124,15,11
1612398436672,32.80822099143554,-117.21716138892063,-15.545603736659741,79,124,15,11
1612398436751,32.80819642585812,-117.21714055927093,-15.477900110952492,79,124,15,11
1612398436857,32.80817189236858,-117.21711974197567,-15.410361817552944,79,124,15,11
1612398436946,32.808147343355294,-117.21709892376339,-15.342921154369902,79,124,15,11
1612398437093,32.80812279288907,-117.21707816039131,-15.281609397704624,79,124,15,11
1612398437172,32.8080981905661,-117.21705743362283,-15.212816597414895,79,124,15,11
1612398437254,32.80807345288632,-117.21703663671748,-15.145756710946785,78,124,15,11
1612398437347,32.808048830891366,-117.21701598924128,-15.076146863783947,78,124,15,11
1612398437475,32.80802421045534,-117.21699535355488,-15.008577408237176,79,124,15,11
1612398437571,32.80799957827417,-117.21697471463588,-14.939301097891693,79,124,15,11
1612398437665,32.807974953354325,-117.21695407704375,-14.873265555659883,79,124,15,11
1612398437750,32.807950299092994,-117.2169334268589,-14.803197100367369,79,124,15,11
1612398437850,32.80792550268217,-117.21691266378392,-14.737366717679631,78,124,15,11
1612398437923,32.807900868081624,-117.21689200698349,-14.675363286634372,78,124,15,11
1612398438079,32.80787620422223,-117.21687135220792,-14.610312318538753,78,124,15,11
1612398438160,32.80785150567122,-117.21685067683862,-14.542795782857624,78,124,15,11
1612398438320,32.807752396185236,-117.216767315086,-14.273625858329522,78,123,15,11
1612398438433,32.80772760080477,-117.21674638277011,-14.210335162295014,78,123,15,11
1612398438537,32.80770280293397,-117.2167253900585,-14.150142412803028,78,123,15,11
1612398438640,32.80767796659359,-117.21670434736131,-14.083630846430014,78,123,15,11
1612398438787,32.80765311688079,-117.21668329808492,-14.015208759472563,78,123,15,11
1612398438868,32.807628076557975,-117.21666208801864,-13.94283490802182,78,123,15,11
1612398438967,32.80760320558343,-117.21664097270879,-13.865912358664904,78,123,15,11
1612398439049,32.80757833434659,-117.21661980684797,-13.795034924935687,78,123,15,11
1612398439144,32.80755348584759,-117.21659861577004,-13.734544639661006,78,123,15,11
1612398439275,32.80752865910827,-117.21657740250859,-13.681074823941714,78,123,15,11
1612398439397,32.80750382235973,-117.2165561919974,-13.625565283620817,78,123,15,11
1612398439494,32.80747880406588,-117.21653484086879,-13.567750240480894,78,123,15,11
1612398439579,32.80745393913771,-117.21651362629117,-13.514760368847092,78,123,15,11
1612398439681,32.80742907704563,-117.21649244646882,-13.471849397140199,78,123,15,11
1612398439827,32.80740415201403,-117.21647129156936,-13.427158082508052,78,123,15,11
1612398439917,32.8073791683975,-117.21645017010998,-13.384789358582946,78,123,15,11
1612398439999,32.807354118183376,-117.21642906698023,-13.34528568357762,78,123,15,11
1612398440138,32.80732881562774,-117.21640785178616,-13.307000145003718,78,123,15,11
1612398440229,32.80730362471517,-117.21638681475783,-13.271751818045919,78,123,15,11
1612398440362,32.807278370092625,-117.21636580111273,-13.241570278204986,78,123,15,11
1612398440449,32.80725304773241,-117.21634477104737,-13.20906024270087,78,123,15,11
1612398440544,32.80722770394441,-117.21632370738338,-13.181794320210317,78,123,15,11
1612398440635,32.80720235912324,-117.21630259878847,-13.161135148317769,78,123,15,11
1612398440741,32.807176826690885,-117.21628132258269,-13.141505711596704,78,123,15,11
1612398440810,32.807151437647306,-117.2162602397634,-13.12024887357722,78,123,15,11
1612398440968,32.80712598584048,-117.21623917703924,-13.09059439097208,78,123,15,11
1612398441049,32.80710049799128,-117.21621818472173,-13.065940623638282,78,123,15,11
1612398441134,32.807074939914905,-117.21619725853596,-13.032801157600199,78,123,15,11
1612398441224,32.807049327560144,-117.21617641051142,-13.001638741307898,78,123,15,11
1612398441357,32.80702345360338,-117.2161554921505,-12.964496144959542,78,123,15,11
1612398441448,32.806997680950644,-117.21613476842707,-12.917004782396045,78,123,15,11
1612398441547,32.80697189277987,-117.21611416379635,-12.882016849284586,78,123,15,11
1612398441628,32.80694587838351,-117.21609364788848,-12.807343437055165,78,123,15,11
1612398441738,32.806919747847445,-117.21607312648962,-12.757175794119505,78,123,15,11
1612398441820,32.806893633245984,-117.2160525976153,-12.753707717349497,78,123,15,11
1612398441966,32.806867239725264,-117.21603196562917,-12.761851814935206,78,123,15,11
1612398442046,32.806840936293675,-117.21601147522551,-12.751651138645549,78,123,15,11
1612398442203,32.80681460112184,-117.21599103396693,-12.7504534470169,78,123,15,11
1612398442297,32.80678823197853,-117.21597062998171,-12.74290905154217,78,123,15,11
1612398442432,32.806761854178774,-117.21595017124127,-12.725815742503995,78,123,15,11
1612398442521,32.806735458766674,-117.2159296918699,-12.711436742379586,78,123,15,11
1612398442614,32.80670886175443,-117.21590905383945,-12.703527079483681,78,123,15,11
1612398442695,32.80668247478295,-117.21588863499235,-12.696905196095782,78,123,15,11
1612398442801,32.80665607305856,-117.21586824969953,-12.68060453447061,78,123,15,11
1612398442880,32.8066297043843,-117.21584786829102,-12.659812301718212,78,123,15,11
1612398442957,32.806603439737074,-117.21582750316212,-12.654835773253234,78,123,15,11
1612398443114,32.80657729838405,-117.21580714480461,-12.658407950210645,78,123,15,11
1612398443200,32.80655106090352,-117.2157866674896,-12.662923368858236,78,122,15,11
1612398443298,32.80652507964805,-117.21576633150724,-12.639796982355191,78,122,15,11
1612398443433,32.80649925296676,-117.21574603850948,-12.638727200147375,78,122,15,11
1612398443527,32.80647357584071,-117.21572576327351,-12.642797081401959,78,122,15,11
1612398443619,32.80644799164299,-117.21570548291552,-12.6396344974928,78,123,15,11
1612398443704,32.80642248044891,-117.21568523766697,-12.635104423598015,78,122,15,11
1612398443806,32.80639686343943,-117.21566485131349,-12.63855634690794,78,122,15,11
1612398443885,32.80637159606706,-117.21564463586323,-12.647297257662107,78,122,15,11
1612398443967,32.80634643536785,-117.21562441752735,-12.655291217951765,78,122,15,11
1612398444118,32.806321381520576,-117.21560420501818,-12.663706277000578,78,122,15,11
1612398444280,32.806296419727865,-117.21558402318279,-12.671179594014603,78,122,15,11
1612398444351,32.80627152284071,-117.21556389490554,-12.678539563136402,77,122,15,11
1612398444480,32.80624650823804,-117.21554364372992,-12.694482733034052,77,122,15,11
1612398444571,32.80622181356118,-117.21552357570647,-12.713966393767976,77,122,15,11
1612398444664,32.80619721598395,-117.21550352336347,-12.736746492537163,77,122,15,11
1612398444747,32.80617265567083,-117.2154835027178,-12.758632951970236,77,122,15,11
1612398444852,32.8061481411366,-117.21546348011843,-12.779994703010702,77,122,15,11
