1621184565202,32.861740931538215,-117.23042416768261,64.1632971715466,61,129,11,11
1621184565343,32.86171275003206,-117.23042680531816,64.1485224688268,61,128,11,11
1621184565527,32.86168454848256,-117.2304294031316,64.13275484681193,61,128,11,11
1621184565603,32.86165633924933,-117.23043196289609,64.11411133563496,61,127,10,11
1621184565914,32.861543609161046,-117.23044231041995,63.99836176167541,58,123,10,11
1621184566029,32.861515464042135,-117.23044489435605,63.973407355816164,57,121,10,11
1621184566139,32.861487313583375,-117.23044751818576,63.94344123342956,57,121,10,11
1621184566277,32.86145916114727,-117.23045013971361,63.91261477380742,56,120,10,11
1621184566389,32.861430989604884,-117.23045274270244,63.88229212879368,56,119,10,11
1621184566479,32.861402755691266,-117.23045534701063,63.85018540480542,55,118,10,11
1621184566769,32.861290184698525,-117.2304656813097,63.68372642623441,54,116,10,11
1621184566885,32.86126205460737,-117.23046825500398,63.6413712669978,54,115,10,11
1621184567000,32.86123381478934,-117.23047079347846,63.59703709079429,53,114,10,11
1621184567116,32.86120569693078,-117.23047337159394,63.549609954808055,53,114,10,11
1621184567248,32.861177569526404,-117.23047590436691,63.50003991172991,53,113,10,11
1621184567329,32.861149430884865,-117.23047841339381,63.44948207512178,53,113,10,11
1621184567481,32.86112129238283,-117.23048097266593,63.39679801417191,53,113,10,11
1621184567654,32.861093137654535,-117.23048345394814,63.34545778869647,52,112,10,11
1621184567715,32.86100861803016,-117.23049103655057,63.175082874733654,52,111,10,11
1621184567898,32.86098043895997,-117.2304935969344,63.11882094546467,52,111,10,11
1621184568010,32.860952284747036,-117.23049618777848,63.063655089780525,51,110,10,11
1621184568134,32.86092414677912,-117.23049877199787,63.006652880935285,51,109,10,11
1621184568267,32.86089588174012,-117.2305013816253,62.94803327971311,50,108,10,11
1621184568380,32.860867719803714,-117.23050399020491,62.888367497220266,50,108,10,11
1621184568501,32.860839538943765,-117.23050663424546,62.827199541805875,50,108,10,11
1621184568730,32.86072668498106,-117.23051716830899,62.55771265120796,50,108,9,11
1621184568877,32.860698489499846,-117.23051983072732,62.49086254218927,50,107,9,11
1621184568990,32.86067024527651,-117.23052241428049,62.422963521514504,50,107,9,11
1621184569102,32.86064203269678,-117.23052503668823,62.34522637414753,50,108,9,11
1621184569244,32.86061386361126,-117.23052775713988,62.25959612034692,50,107,9,11
1621184569355,32.86058565400189,-117.2305304122293,62.180587313145004,50,107,9,11
1621184569498,32.86055730064263,-117.23053309214971,62.1074618592198,48,104,9,11
1621184569618,32.86052905663907,-117.23053573100272,62.02875103761843,49,105,10,11
1621184569725,32.86044432025726,-117.23054372331782,61.76875999303148,49,105,10,11
1621184569916,32.860416061246504,-117.23054642797479,61.68061569769902,49,105,10,11
1621184570029,32.860387639085694,-117.23054915355496,61.59393662065643,48,104,10,11
1621184570144,32.86035936033045,-117.23055188713215,61.50940473342641,48,103,10,11
1621184570282,32.860331079343105,-117.23055455977916,61.42175450075711,47,101,10,11
1621184570398,32.86030283381091,-117.23055723379925,61.32761935928908,46,100,10,11
1621184570669,32.860189501912835,-117.23056815678721,60.96405078034933,45,97,10,11
1621184570793,32.86016119776027,-117.23057087336495,60.8689024363216,45,97,11,11
1621184570947,32.86013291769603,-117.23057360968642,60.774070110097306,45,98,11,11
1621184571067,32.86010467430415,-117.2305762891583,60.6776286452481,45,97,11,11
1621184571177,32.860076411297996,-117.23057900231645,60.59473094250841,45,97,10,11
1621184571413,32.85996356539106,-117.23059007908712,60.1898944313567,46,97,10,11
1621184571557,32.85993544879227,-117.23059279118759,60.08994308621203,46,97,10,11
1621184571694,32.85990736181923,-117.23059553355209,59.98528648897837,46,97,10,11
1621184571810,32.85987911491231,-117.23059829174723,59.88094305309216,46,96,10,11
1621184572016,32.85985108292122,-117.23060106393729,59.77800931415512,47,97,11,11
1621184572129,32.85982309560496,-117.23060380859975,59.67300868205585,47,97,11,11
1621184572304,32.859711145249406,-117.23061457025679,59.283956405928514,48,97,11,11
1621184572513,32.85968329276156,-117.23061722695238,59.182227119563585,48,97,11,11
1621184572622,32.85965545471261,-117.23061986013322,59.088850528359146,48,97,11,11
1621184572756,32.85962763839673,-117.23062248404464,58.99441120536963,48,97,11,11
1621184572908,32.859599863450036,-117.23062511621036,58.903848141319166,48,97,11,11
1621184573022,32.85957211972739,-117.23062775226991,58.81575996598159,48,97,11,11
1621184573243,32.85946113697343,-117.23063820047379,58.44832194092248,48,97,11,11
1621184573372,32.859433504486816,-117.23064079816297,58.35904729813084,48,96,11,11
1621184573488,32.859405923005646,-117.2306434089942,58.26440926460211,47,96,11,11
1621184573605,32.8593781131875,-117.23064602068419,58.17644852486596,47,95,11,11
1621184573741,32.85935057380323,-117.23064865213587,58.08199949516239,47,95,10,11
1621184573888,32.859323077938406,-117.23065129204338,57.98809532795449,47,95,10,11
1621184574065,32.85929557484769,-117.23065391804477,57.902034463763655,47,95,10,11
1621184574264,32.85918563917461,-117.23066444148756,57.5535534574162,46,94,10,11
1621184574351,32.859158285711764,-117.23066709011745,57.46493974255886,45,93,10,11
1621184574500,32.85913097784883,-117.23066981519798,57.365952862732684,45,92,10,11
1621184574609,32.85910364227196,-117.23067256432881,57.27577312812466,45,92,10,11
1621184574742,32.859076294450766,-117.23067519706015,57.17945599102845,45,93,10,11
1621184574899,32.85904907259558,-117.2306779836637,57.078841401088546,45,93,10,11
1621184575016,32.85902179512339,-117.23068069518888,56.98282522770236,45,94,10,11
1621184575249,32.858912966519824,-117.23069162298924,56.6102610663194,44,92,10,11
1621184575336,32.85888579161147,-117.23069435397585,56.522745840220566,43,91,10,11
