1616532453263,32.80635777322378,-117.21920385399251,-25.877962655825808,44,67,11,11
1616532453413,32.80635612252457,-117.21920320452433,-25.87721066890015,44,67,11,11
1616532453581,32.80635014932893,-117.21920093556558,-25.881826299881876,43,66,11,11
1616532453741,32.80634887967508,-117.21920040964896,-25.880703268665695,43,66,11,11
1616532453861,32.8063476202844,-117.21919993760434,-25.881235846652494,42,65,11,11
1616532454036,32.806346449481204,-117.21919948118426,-25.882969101264568,42,64,11,11
1616532454246,32.806342270147276,-117.2191978469245,-25.888208932748945,42,64,12,11
1616532454371,32.80634141987343,-117.21919751003264,-25.8897514672311,42,64,12,11
1616532454523,32.80634066221653,-117.21919717920414,-25.889626475539092,43,64,12,11
1616532454657,32.806339889969934,-117.21919686639313,-25.892104046698613,43,65,12,11
1616532454820,32.806339153082504,-117.21919654488254,-25.89273079414941,43,65,12,11
1616532454933,32.806338382692125,-117.21919626298441,-25.894638626729062,44,65,12,11
1616532455103,32.80633762835273,-117.21919599004595,-25.89691213129588,44,66,12,11
1616532455250,32.80633436222181,-117.21919471771574,-25.90161775789516,45,67,12,11
1616532455408,32.80633350940966,-117.21919430511268,-25.90069407385981,46,68,12,11
1616532455520,32.8063326479736,-117.21919396421582,-25.9005177999621,46,69,12,11
1616532455661,32.806331797717114,-117.2191936268433,-25.90321428167248,47,69,12,11
1616532455832,32.806330936574206,-117.21919335823834,-25.906429578304664,47,69,12,11
1616532455949,32.806330092975834,-117.21919306372322,-25.906454151185503,48,70,12,11
1616532456253,32.80632712904248,-117.21919192435354,-25.91263079030364,50,73,12,11
1616532456335,32.8063265188926,-117.2191916877956,-25.913676056258147,51,74,12,11
1616532456456,32.80632596188714,-117.21919142022995,-25.91340747338284,51,74,12,11
1616532456602,32.80632547948176,-117.21919119507486,-25.912392068392634,51,75,11,11
1616532456740,32.80632503909343,-117.21919101778687,-25.913147495373654,52,75,10,11
1616532456898,32.80632387813073,-117.21919053101497,-25.9126212433533,52,75,10,11
1616532457011,32.80632353246391,-117.21919041294184,-25.914825574793436,52,75,10,11
1616532457113,32.80632322019866,-117.21919027941755,-25.915232476647866,52,76,10,11
1616532457261,32.80632299771993,-117.21919019611505,-25.91426962877668,52,75,10,11
1616532457373,32.80632282436966,-117.21919009367565,-25.915048901582026,51,75,11,11
1616532457466,32.8063227351285,-117.21919006746548,-25.914922837613386,51,75,11,11
1616532457609,32.80632273878083,-117.21919005232009,-25.914816406035726,51,75,11,11
1616532457743,32.80632278742192,-117.21919008215018,-25.916343945424288,51,75,11,11
1616532457896,32.80632279986393,-117.21919005419994,-25.916093225899722,50,74,11,11
1616532458028,32.80632280480416,-117.21919007320125,-25.91787264157693,50,75,11,11
1616532458136,32.80632280618924,-117.21919007178948,-25.91804789737235,50,75,11,11
1616532458341,32.80632280550811,-117.21919006678482,-25.917274801412443,50,75,11,11
1616532458422,32.80632281030407,-117.2191900644795,-25.91763606370391,50,75,11,11
1616532458546,32.806322800364775,-117.2191900642617,-25.918558818809363,51,75,11,11
1616532458799,32.80632277428896,-117.21919002583634,-25.921158861819137,52,77,12,11
1616532458945,32.806322773763185,-117.21919002821637,-25.922760979771805,52,78,12,11
1616532459066,32.806322780681526,-117.21919002684498,-25.92310346342055,53,78,12,11
1616532459172,32.80632276569334,-117.2191900243646,-25.923447393037947,53,79,12,11
1616532459322,32.80632275870447,-117.21919004139471,-25.924192467218486,54,79,12,11
1616532459436,32.80632276626765,-117.21919004718212,-25.92291523870789,54,80,12,11
1616532459535,32.80632275342852,-117.2191900660256,-25.92458498988652,54,80,12,11
1616532459761,32.8063227298955,-117.21919004802535,-25.92651172621654,54,81,12,11
1616532459965,32.80632270596622,-117.21919005413204,-25.928355362653395,55,82,12,11
1616532460078,32.806322722088574,-117.2191900611392,-25.928306952174445,54,82,12,11
1616532460182,32.80632270226741,-117.21919004402497,-25.928848584497207,55,82,12,11
1616532460489,32.80632269066372,-117.21919007922168,-25.9310568999244,55,83,12,11
1616532460632,32.806322679719024,-117.21919007287067,-25.932050903904408,55,83,12,11
1616532460762,32.80632268037751,-117.21919006733002,-25.93212730587728,55,83,12,11
1616532460913,32.806322690493616,-117.21919008370051,-25.930815565403744,55,83,12,11
1616532461023,32.80632269276658,-117.21919008383458,-25.932603441829738,55,83,12,11
1616532461199,32.806322689515035,-117.21919007063634,-25.933506756818083,55,84,12,11
1616532461353,32.806322657712826,-117.21919009522648,-25.93593516936614,55,85,12,11
1616532461498,32.80632265225946,-117.21919010248705,-25.93620256452044,56,85,12,11
1616532461640,32.80632264483981,-117.21919009222587,-25.937073220809864,56,85,12,11
1616532461776,32.80632264541865,-117.21919011778274,-25.936554167827357,56,86,12,11
1616532461924,32.80632264149343,-117.21919012254075,-25.93846777522285,56,86,12,11
1616532462005,32.80632264372199,-117.21919011810485,-25.938762277768625,56,86,12,11
1616532462173,32.806322608326305,-117.21919013871496,-25.942204166175966,56,87,12,11
1616532462265,32.80632259388453,-117.21919014583605,-25.944349478919964,56,87,12,11
1616532462386,32.806322593682445,-117.21919014570794,-25.946139611254328,56,86,12,11
1616532462532,32.80632258736441,-117.21919016100595,-25.946547643162283,55,86,12,11
1616532462663,32.80632256868983,-117.21919016112508,-25.94596126497632,55,86,12,11
1616532462829,32.806322567051794,-117.21919017077232,-25.947918235528967,55,86,12,11
1616532462950,32.80632255774442,-117.21919015962062,-25.948223888600847,55,86,12,11
1616532463058,32.80632255482841,-117.21919017382585,-25.951663711956705,54,85,12,11
1616532463206,32.80632253866552,-117.21919017307076,-25.953616752207523,54,85,12,11
1616532463320,32.80632254372393,-117.21919018000087,-25.95457723509034,54,85,12,11
