1620507834903,32.85348092604525,-117.23225951035306,36.96636935514253,34,55,10,11
1620507835020,32.853505583920146,-117.23224212437114,37.02927793907913,34,55,10,11
1620507835224,32.853530270707985,-117.23222475233479,37.097722002664824,34,55,10,11
1620507835316,32.8535551077603,-117.23220730698087,37.167286493651986,34,54,10,11
1620507835462,32.85357979621147,-117.23219000362928,37.24813474714869,34,54,10,11
1620507835609,32.85367872139446,-117.23212090745662,37.64561747804155,33,53,10,11
1620507835806,32.85370376642641,-117.2321036056198,37.760428596748376,34,53,10,11
1620507835924,32.85372853587237,-117.2320864555141,37.86377502375329,34,53,10,11
1620507836036,32.85375327361904,-117.23206932696206,37.9666894189588,34,54,10,11
1620507836171,32.85377801556754,-117.23205221442926,38.09441952012768,34,54,10,11
1620507836288,32.85380275982864,-117.2320350507505,38.25420296550118,34,54,10,11
1620507836401,32.85382751299787,-117.23201786252145,38.41204999073192,34,53,10,11
1620507836603,32.85392659767524,-117.23194941567186,38.913144055731614,34,53,10,11
1620507836800,32.853951360650186,-117.23193233063877,39.03461145992234,34,53,10,11
1620507836910,32.85397612608008,-117.2319152531124,39.15870755930703,34,54,10,11
1620507837022,32.85400091563902,-117.2318981997294,39.29148989522024,34,54,10,11
1620507837162,32.854025689059775,-117.23188115647336,39.42895970480269,35,54,10,11
1620507837341,32.85405048997953,-117.23186412944649,39.568571424833905,35,54,10,11
1620507837460,32.8540752572776,-117.2318470893541,39.70493693496034,35,55,10,11
1620507837597,32.85417438569038,-117.23177901965394,40.27773278460954,36,55,10,11
1620507837835,32.854199219452596,-117.2317620679223,40.41939283317286,36,55,10,11
1620507837945,32.85422404303527,-117.2317451570468,40.549381227393255,36,55,10,11
1620507838060,32.854248907362845,-117.23172832547908,40.675448635516354,36,55,10,11
1620507838194,32.85427386574724,-117.23171150141575,40.798741064424426,36,55,10,11
1620507838324,32.85429879107508,-117.23169478449205,40.92481840010802,36,56,10,11
1620507838435,32.85432373754521,-117.23167809859191,41.03876855558351,36,55,10,11
1620507838549,32.854348728878186,-117.23166150370926,41.145160534961015,35,55,10,11
1620507838788,32.85444921421542,-117.23159584480426,41.553745570665626,33,53,10,11
1620507838898,32.85447445256803,-117.23157971724739,41.6553873245853,34,54,10,11
1620507839011,32.85449973700841,-117.23156370835503,41.75703229248568,34,54,10,11
1620507839149,32.854525086260345,-117.23154779797537,41.85585823594817,35,55,10,11
1620507839332,32.854550509952254,-117.2315320282698,41.95705257740657,35,55,10,11
1620507839552,32.854652822606965,-117.23147023607825,42.350280967319634,36,56,10,11
1620507839648,32.85467853445957,-117.23145503837686,42.44504778453226,37,56,10,11
1620507839843,32.85470429039255,-117.23143993373661,42.53642939857765,37,56,10,11
1620507839954,32.85473007867709,-117.2314248947903,42.626439390109596,37,56,10,11
1620507840066,32.854755899411124,-117.2314098972554,42.71855983648759,37,56,10,11
1620507840217,32.854781781786,-117.2313950500195,42.809556341712266,37,56,10,11
1620507840341,32.85480770607301,-117.23138027852934,42.900953174452916,37,56,10,11
1620507840559,32.85491189588949,-117.23132216419876,43.276591791283586,38,57,10,11
1620507840651,32.854938024201786,-117.23130782430015,43.36727106637337,38,57,10,11
1620507840846,32.85496417470565,-117.23129352019886,43.458948317151346,38,57,10,11
1620507840957,32.854990376506855,-117.23127930975838,43.55356649562794,38,58,10,11
1620507841136,32.85506917170166,-117.23123703929701,43.83791843837873,37,57,10,11
1620507841247,32.85509553484532,-117.23122311340055,43.929747679480926,37,57,10,11
1620507841361,32.85512190444132,-117.23120925761664,44.0195179333303,36,56,10,11
1620507841476,32.85514834410483,-117.23119557367171,44.107136097869116,36,56,10,11
1620507841614,32.85517488291861,-117.23118195845593,44.2048978263194,36,56,10,11
1620507841781,32.855201428622415,-117.23116848171063,44.3076279142952,36,56,10,11
1620507841945,32.85522802761981,-117.23115512588988,44.40159565835997,36,56,10,11
1620507842133,32.85533483203257,-117.23110284000776,44.77770605919577,37,57,10,11
1620507842248,32.85536165593902,-117.231090051473,44.87594714995275,37,57,10,11
1620507842360,32.85538851596319,-117.23107737134576,44.97139704044789,38,58,10,11
1620507842515,32.855415422555865,-117.2310648018162,45.06990754287303,39,58,10,11
1620507842647,32.85544237550093,-117.23105229128893,45.16975904739787,39,58,10,11
1620507842737,32.85546938220487,-117.23103994287439,45.26569438690997,39,59,10,11
1620507842903,32.85549642430357,-117.23102771073998,45.353559994702515,39,59,10,11
1620507843134,32.85560507184077,-117.23097994393801,45.72808679944067,38,58,10,11
1620507843261,32.855632344795495,-117.23096828719966,45.821974971689095,38,57,10,11
1620507843374,32.8556596566938,-117.23095673556391,45.9128711240073,37,57,10,11
1620507843486,32.855687015499726,-117.23094527790387,46.00580314774921,37,56,10,11
1620507843674,32.85571441605432,-117.2309339362564,46.097494447505916,37,56,10,11
1620507843771,32.85574185847902,-117.23092269530571,46.18522926354657,37,56,10,11
1620507843969,32.85576934017488,-117.23091158754801,46.27290149863759,37,56,10,11
1620507844136,32.855879710885766,-117.23086838689468,46.652224408425134,40,58,10,11
1620507844249,32.855907401056704,-117.23085788873149,46.74356179905559,40,58,10,11
1620507844363,32.85593512885872,-117.23084753001575,46.833742633814715,41,59,10,11
1620507844483,32.85596291042637,-117.23083729629654,46.92987084792465,42,60,10,11
1620507844660,32.8559907225811,-117.23082719352996,47.02568762952668,43,60,10,11
1620507844785,32.85601857149,-117.23081719787626,47.12203401777184,44,61,10,11
1620507844950,32.856046450696006,-117.23080729570142,47.21890438891942,45,62,10,11
