1621184575249,32.858912966519824,-117.23069162298924,56.6102610663194,44,92,10,11
1621184575336,32.85888579161147,-117.23069435397585,56.522745840220566,43,91,10,11
1621184575449,32.85885866402858,-117.23069710047656,56.42050372006118,43,91,10,11
1621184575593,32.85883154562244,-117.23069982062809,56.33080247307286,43,91,10,11
1621184575730,32.85880443877387,-117.23070253997903,56.23919011014188,43,91,10,11
1621184575852,32.85877735223083,-117.23070524394592,56.143139646749674,43,91,10,11
1621184576058,32.85875028088874,-117.23070797107358,56.050529299093895,43,90,10,11
1621184576266,32.858642281520076,-117.23071877307785,55.653332160997635,41,89,11,11
1621184576352,32.858615288634105,-117.2307215294708,55.584343917234,42,89,11,11
1621184576509,32.85858826790607,-117.23072421959539,55.51182592356241,41,89,11,11
1621184576617,32.85856129561763,-117.23072683462671,55.42106379181984,41,88,11,11
1621184576749,32.858534385350936,-117.23072947760069,55.314298142266985,41,88,11,11
1621184576909,32.858507464509884,-117.23073209475598,55.211869133999905,42,89,11,11
1621184577032,32.85848054310072,-117.23073474531898,55.129458108790864,42,88,10,11
1621184577250,32.858372909022506,-117.23074522089806,54.784956402290454,42,89,11,11
1621184577337,32.85834606468021,-117.23074791091236,54.68603738307068,43,90,11,11
1621184577492,32.85831921031266,-117.23075053353413,54.59309063141332,43,90,10,11
1621184577600,32.85829235427217,-117.23075316629384,54.50141326848798,44,91,9,11
1621184577732,32.858265522920625,-117.23075580870658,54.405157165903475,45,92,9,11
1621184577851,32.85823870700067,-117.23075845055305,54.30782336675106,45,92,9,11
1621184578158,32.858131420983284,-117.23076907731938,53.987548255692055,45,92,9,11
1621184578327,32.85810463450162,-117.23077177206045,53.90050960462508,45,92,10,11
1621184578414,32.858077850058194,-117.23077447483858,53.809562579587634,45,92,10,11
1621184578528,32.858051061763575,-117.23077719111926,53.71728905784008,45,91,10,11
1621184578671,32.85802427795342,-117.23077989952996,53.625774068232026,44,91,10,11
1621184578772,32.857997506384145,-117.23078261735643,53.53372103736236,44,90,10,11
1621184578925,32.85797074067815,-117.23078531338967,53.43952301696593,43,89,9,11
1621184579124,32.85786372223873,-117.2307960947328,53.040346657216105,43,89,10,11
1621184579332,32.85783698891165,-117.23079883585606,52.93022315364122,43,88,10,11
1621184579422,32.85781028351065,-117.2308016445033,52.81514193629765,43,88,10,11
1621184579536,32.85778357894505,-117.23080452660915,52.70133554479409,42,88,10,11
1621184579684,32.85775685481093,-117.23080750130964,52.59053437442569,42,88,10,11
1621184579947,32.857649976888354,-117.23082027713819,52.17121651870128,43,88,10,11
1621184580151,32.857623235476474,-117.23082370769454,52.079393785629435,42,87,10,11
1621184580293,32.857596469924474,-117.23082721626594,51.99262253711547,43,87,10,11
1621184580441,32.85751612233628,-117.2308382716726,51.72242040345589,43,87,10,11
1621184580585,32.85748930259649,-117.23084212195847,51.63639809013775,43,87,10,11
1621184580723,32.85746247377808,-117.23084604039055,51.55312457606851,42,87,11,11
1621184580879,32.85743563403063,-117.23085005431511,51.473737998361656,41,85,11,11
1621184580999,32.85740872348627,-117.23085398097884,51.39967890511112,42,86,11,11
1621184581113,32.85738186300617,-117.23085815456449,51.319973522000964,42,87,11,11
1621184581348,32.85727425825351,-117.23087570595239,50.99367666055046,42,86,11,11
1621184581435,32.857247341586756,-117.23088035026558,50.9022547959164,42,86,11,11
1621184581579,32.85722040481563,-117.23088505300305,50.813628809190746,42,86,11,11
1621184581680,32.85719346254879,-117.23088988974176,50.72876128931502,42,86,11,11
1621184581871,32.85716653278933,-117.23089482515014,50.63946934671452,42,86,11,11
1621184582044,32.85713958961603,-117.23089988149455,50.5595357155009,42,85,11,11
1621184582300,32.857031839682044,-117.23092176958089,50.24504952844463,42,85,11,11
1621184582388,32.857004893659195,-117.2309275786598,50.16990829073884,43,84,11,11
1621184582501,32.85697794669478,-117.2309335032064,50.08997095477975,43,85,11,11
1621184582645,32.856951005528366,-117.2309395498963,50.006431689613706,44,85,11,11
1621184582748,32.85692406403739,-117.23094572570457,49.923323330899514,44,85,11,11
1621184582899,32.85689712964298,-117.23095202193355,49.84115815107992,44,85,11,11
1621184583050,32.85687017742954,-117.23095845522609,49.76486621390499,44,85,11,11
1621184583265,32.85676239688119,-117.23098529116965,49.41996028010369,43,83,11,11
1621184583355,32.856735452071206,-117.23099229585783,49.33922096415899,43,82,11,11
1621184583467,32.85670849643827,-117.2309994328274,49.26390978198501,43,82,11,11
1621184583612,32.8566815474432,-117.23100667688216,49.184125742741784,43,82,11,11
1621184583712,32.856654603388826,-117.23101399198416,49.10109442974303,42,81,11,11
1621184583867,32.85662765421335,-117.2310214129977,49.02263236152371,42,81,11,11
1621184584072,32.856600710052,-117.23102896020845,48.94222872673755,43,81,11,11
1621184584248,32.85649295091542,-117.23106011275434,48.62045203578878,47,84,11,11
1621184584425,32.85646601914042,-117.23106806794858,48.53611551342058,47,84,11,11
1621184584506,32.856439098762515,-117.23107612731756,48.45296473793004,47,85,11,11
1621184584658,32.856412190519364,-117.23108443048848,48.37397237887128,48,85,11,11
1621184584790,32.85638529837608,-117.23109283201126,48.29031633453588,49,86,11,11
1621184584947,32.856358376273484,-117.23110123258266,48.20601864762187,49,87,11,11
1621184585067,32.85633143797486,-117.231109771354,48.118656593289295,50,87,11,11
1621184585248,32.85622401362837,-117.23114506875297,47.7468856351228,51,89,11,11
1621184585338,32.856197179214284,-117.23115426497255,47.6620255150719,51,90,11,11
