1611882358814,0.0,0.0,0.0,0,0,0,8
1611882359036,0.0,0.0,0.0,0,0,0,8
1611882359123,0.0,0.0,0.0,0,0,0,8
1611882359225,0.0,0.0,0.0,0,0,0,8
1611882359344,0.0,0.0,0.0,0,0,0,8
1611882359433,0.0,0.0,0.0,0,0,0,8
1611882359573,32.80703981372926,-117.21494061388606,-20.927624647146725,5843,1347,15,14
1611882359656,32.80687939652861,-117.21518013819801,-21.566851164566447,743,994,15,14
1611882359757,32.80688010975792,-117.21516915692314,-21.60567396226114,519,818,15,14
1611882359838,32.806882037770215,-117.21515660402714,-21.6090744751745,414,706,15,14
1611882359985,32.80688425268425,-117.21514346281242,-21.6038652532627,351,627,15,14
1611882360070,32.80688679902576,-117.21513010624668,-21.60123107473053,309,569,15,14
1611882360154,32.80688946502851,-117.21511660357037,-21.61313028092671,278,523,15,14
1611882360252,32.80689208409334,-117.21510276901121,-21.584952055441022,255,487,15,14
1611882360343,32.806894695332495,-117.21508891728391,-21.525756121043955,238,458,15,14
1611882360445,32.80689727688888,-117.21507511422098,-21.459563013435776,224,434,15,14
1611882360554,32.806899815494496,-117.21506131394978,-21.422853109918588,214,414,13,14
1611882360737,32.806910919025064,-117.21500530599074,-21.225031431043774,220,402,0,13
1611882360894,32.80691380478787,-117.21499124097994,-21.16482224179551,226,404,0,13
1611882360974,32.80691663559018,-117.21497723094704,-21.130640631840564,232,405,0,13
1611882361081,32.806919526289334,-117.2149633725002,-21.119931068042582,238,407,0,13
1611882361160,32.8069223686345,-117.2149495235567,-21.108502798455937,244,409,0,13
1611882361254,32.80692517861113,-117.21493559476669,-21.054300885872504,251,411,0,13
1611882361346,32.80692799960887,-117.2149216831214,-21.00045444144444,259,412,0,13
1611882361450,32.80693080672374,-117.21490795576132,-20.982459513273525,266,414,0,13
1611882361561,32.80693364051796,-117.21489429789874,-20.98155451540793,275,416,0,13
1611882361651,32.80693648459716,-117.21488049191169,-20.928616931455554,283,418,0,13
1611882361794,32.80693934727604,-117.2148666621538,-20.857203540254357,291,420,0,13
1611882361888,32.80694216780839,-117.21485293843868,-20.824309913062134,300,422,0,13
1611882361961,32.80694505412519,-117.21483927636288,-20.800857494829767,309,424,0,13
1611882362063,32.80694789766407,-117.21482548302323,-20.73774736379528,319,426,0,13
1611882362159,32.80695075818801,-117.21481158951653,-20.64475839668399,329,428,0,13
1611882362273,32.80695364692852,-117.2147977326126,-20.573918352486444,339,430,0,13
1611882362347,32.80695649915844,-117.214783938165,-20.544341256575027,348,432,0,13
1611882362438,32.80695928616091,-117.21477012640226,-20.516081082973677,359,434,0,13
1611882362558,32.80696208288552,-117.214756225369,-20.461648428180357,370,436,0,13
1611882362635,32.80696481729191,-117.21474227824723,-20.38365597068502,381,438,0,13
1611882362794,32.806967653978994,-117.2147284058884,-20.32168126198947,392,440,0,13
1611882362942,32.80697048789878,-117.21471456193042,-20.2665702891169,403,442,0,13
1611882363025,32.80697331275937,-117.21470072051537,-20.20673053712895,413,444,0,13
1611882363131,32.80697613129911,-117.21468691755854,-20.145247440510225,425,446,0,13
1611882363224,32.80697892656127,-117.21467316049696,-20.083470125089335,437,448,0,13
1611882363335,32.80698166333014,-117.2146594383259,-20.019696575456717,449,451,0,13
1611882363413,32.80698445919902,-117.21464579321058,-19.950702435972307,461,453,0,13
1611882363494,32.80698724995006,-117.21463222487746,-19.889098854125475,473,455,0,13
1611882363609,32.80699003855326,-117.2146187347065,-19.83249020705006,485,457,0,13
1611882363700,32.806992820318676,-117.21460530034976,-19.773517477732984,497,460,0,13
1611882363849,32.806995648774596,-117.2145919257264,-19.71043672455436,510,462,0,13
1611882363922,32.80699840445638,-117.21457865481364,-19.658042348757427,523,464,0,13
1611882364008,32.80700111523513,-117.21456547720597,-19.615251008694152,536,467,0,13
1611882364111,32.807003884210154,-117.21455236503034,-19.559121785052923,549,469,0,13
1611882364192,32.80700656726519,-117.2145392810275,-19.48818353939201,561,471,0,13
1611882364307,32.807009259377885,-117.21452629112342,-19.42588500235485,574,474,0,13
1611882364402,32.80701198478161,-117.2145133942803,-19.368807655474175,588,476,0,13
1611882364483,32.80701470109959,-117.21450056333646,-19.31138861012212,601,478,0,13
1611882364599,32.807017409187246,-117.21448780303919,-19.252302338093422,615,481,0,13
1611882364680,32.807020117560256,-117.21447512697677,-19.195898599787874,629,483,0,13
1611882364825,32.807022801322,-117.2144625147615,-19.141674962690253,642,486,0,13
1611882364989,32.807025478552475,-117.21444997418789,-19.086816823060104,656,488,0,13
1611882365076,32.80702817183007,-117.21443754474754,-19.034391006084057,670,491,0,13
1611882365189,32.80703083056525,-117.21442513031812,-18.974563443862536,684,493,0,13
1611882365281,32.80703348944292,-117.21441275611635,-18.909489181075703,699,496,0,13
1611882365390,32.807036140032636,-117.21440044274327,-18.840883247846566,714,498,0,13
1611882365526,32.807037984364655,-117.21439249873774,-18.71745842467918,636,491,14,11
1611882365621,32.80703955243977,-117.21438554156865,-18.550631312090704,550,478,14,11
1611882365730,32.80704138817077,-117.21437673968923,-18.370738690104396,488,461,14,11
1611882365816,32.80704357087925,-117.21436704475433,-18.199063132056033,440,441,14,11
1611882365961,32.807045940406944,-117.21435670656501,-18.031358271960855,402,421,14,11
1611882366046,32.807048386046745,-117.21434591020808,-17.866741670330608,373,401,14,11
1611882366132,32.80705111104208,-117.21433471469331,-17.69034485102523,344,382,15,11
1611882366225,32.807053878065844,-117.21432333471805,-17.526314621475755,320,364,15,11
1611882366316,32.807056620900575,-117.2143120170155,-17.365073677364986,290,348,15,11
1611882366397,32.80705937546911,-117.2143004887637,-17.19837543214485,263,333,15,11
1611882366530,32.80706206718956,-117.21428885878834,-17.051460242140468,241,319,15,11
1611882366639,32.807064707511245,-117.21427709084357,-16.90783578456571,222,307,15,11
1611882366740,32.80706740391024,-117.2142652109468,-16.777410781783956,206,295,15,11
1611882366829,32.807070122072346,-117.21425311145725,-16.640576314624486,192,285,15,11
1611882366899,32.80707280491055,-117.21424102037587,-16.51210072811638,181,275,15,11
1611882367112,32.80707558599234,-117.2142288766034,-16.39042213871887,172,266,15,11
1611882367198,32.807078324266946,-117.21421660961148,-16.26005384190735,163,258,15,11
1611882367294,32.80708106470887,-117.21420435440731,-16.14282517878706,156,251,15,11
1611882367389,32.807083811404084,-117.2141920333137,-16.02578292486976,149,244,15,11
1611882367470,32.807086581060766,-117.21417950937263,-15.903109610943368,144,237,15,11
1611882367602,32.807089335823015,-117.21416708458743,-15.789319703912339,138,231,15,11
1611882367715,32.80709208369235,-117.21415456672841,-15.681254701964688,134,226,15,11
1611882367815,32.80709484936664,-117.2141419675954,-15.571430728332906,130,221,15,11
1611882367902,32.80709766488513,-117.21412927952466,-15.457653783721113,126,216,15,11
1611882368047,32.807100460658084,-117.21411651674488,-15.349069594389524,123,211,15,11
1611882368129,32.807103355692384,-117.21410356838655,-15.245466450493353,120,207,15,11
1611882368210,32.807106206210854,-117.21409066809701,-15.144607534329518,117,203,15,11
1611882368304,32.80710905201773,-117.21407769003193,-15.04842058187574,115,199,15,11
1611882368397,32.80711189457672,-117.2140646237655,-14.95157375739737,113,196,15,11
1611882368477,32.8071147126483,-117.21405148550892,-14.851670666938938,111,193,15,11
1611882368621,32.80711754108788,-117.21403826677707,-14.753748166280324,109,189,15,11
1611882368766,32.807128997717875,-117.21398455685649,-14.347562292369949,104,179,15,11
1611882368908,32.8071318954994,-117.21397100671419,-14.246868739576222,103,176,15,11
1611882368992,32.80713481096549,-117.21395740010409,-14.14778431471089,101,174,15,11
