1610059886186,32.761255058413475,-117.22340741309385,-28.53953066014206,82,121,15,11
1610059886327,32.761259179254104,-117.22343359167571,-28.55887518147119,82,121,15,11
1610059886401,32.76126331592463,-117.22345981742848,-28.571744872078725,82,121,15,11
1610059886510,32.761267462811794,-117.22348606333424,-28.585883894477945,82,121,15,11
1610059886643,32.76127162083322,-117.22351234101127,-28.59569011710337,82,121,15,11
1610059886734,32.76127578191536,-117.22353866587969,-28.595362046110406,82,121,15,11
1610059886824,32.761279978779996,-117.22356505328891,-28.579675381791077,82,121,15,11
1610059886907,32.76128417976755,-117.22359152826925,-28.549801364144606,82,121,15,11
1610059887009,32.76128836757924,-117.22361803872067,-28.529168712845962,82,121,15,11
1610059887078,32.76129257938746,-117.22364460001853,-28.510963826144188,81,121,15,11
1610059887247,32.761296831738825,-117.22367123732,-28.487739592069516,82,121,15,11
1610059887328,32.76130111574483,-117.22369794688029,-28.46395415709277,82,121,15,11
1610059887399,32.761305440629435,-117.22372473948093,-28.44179709437532,82,121,15,11
1610059887511,32.76130982324442,-117.22375160098612,-28.42447066224552,82,121,15,11
1610059887645,32.76131424923823,-117.2237784732416,-28.423548645982216,82,121,15,11
1610059887751,32.76131871034527,-117.22380543765725,-28.41001509667104,82,121,15,11
1610059887832,32.761323222070914,-117.22383249627754,-28.387398151909515,82,121,15,11
1610059887912,32.76132776897064,-117.22385967154752,-28.362422971443152,82,121,15,11
1610059888094,32.761346141365266,-117.2239690927104,-28.353589612355606,82,121,15,11
1610059888187,32.761350813119726,-117.22399664517299,-28.3521009956645,82,121,15,11
1610059888287,32.76135548364616,-117.22402432298698,-28.34012676482704,82,121,15,11
1610059888439,32.761360165612764,-117.22405208243529,-28.33102361349377,82,121,15,11
1610059888531,32.76136486103281,-117.2240798932661,-28.331174557599486,82,121,15,11
1610059888617,32.76136956733475,-117.22410779951373,-28.326660659329168,82,121,15,11
1610059888700,32.76137427828369,-117.22413581335938,-28.316490108181966,82,121,15,11
1610059888820,32.76137899582317,-117.22416387731839,-28.313109812806452,82,121,15,11
1610059888901,32.761383744277715,-117.22419201145892,-28.300769068159646,82,121,15,11
1610059889050,32.761388507626876,-117.22422026871186,-28.27216834278947,82,121,15,11
1610059889135,32.76139326323068,-117.2242485994714,-28.24740644616576,82,121,15,11
1610059889208,32.76139802246957,-117.22427700611898,-28.22091196787338,82,121,15,11
1610059889321,32.761402821998516,-117.22430550532204,-28.19258680076094,82,121,15,11
1610059889459,32.76140764353007,-117.22433407610863,-28.174231957176097,82,121,15,11
1610059889551,32.76141245141111,-117.2243627380761,-28.159092180092863,82,121,15,11
1610059889632,32.76141728270971,-117.22439147443137,-28.14805256882682,82,121,15,11
1610059889752,32.76142211885434,-117.22442031067277,-28.134016759149606,82,121,15,11
1610059889856,32.76142695305021,-117.22444923648189,-28.121121765925498,82,121,15,11
1610059889933,32.76143177926965,-117.22447825136899,-28.11399601635571,81,121,15,11
1610059890017,32.76143659817599,-117.2245073402736,-28.11661782130868,81,121,15,11
1610059890221,32.76144141908922,-117.2245364793011,-28.12478256679708,81,121,15,11
1610059890294,32.76144627446559,-117.22456569816309,-28.119884406189765,81,121,15,11
1610059890415,32.761451171870796,-117.2245950154296,-28.105087063551807,81,121,15,11
1610059890556,32.761456142048395,-117.22462439838361,-28.089204008306858,81,121,15,11
1610059890647,32.76146120349453,-117.22465385052219,-28.0762021861677,81,121,15,11
1610059890728,32.76146632788503,-117.2246833534179,-28.068299083503707,81,121,15,11
1610059890810,32.76147153462604,-117.22471292457993,-28.05717598316515,81,121,15,11
1610059890916,32.76147684688323,-117.22474255408618,-28.04446168956411,81,121,15,11
1610059890997,32.76148225484148,-117.22477224150735,-28.032373965383137,81,121,15,11
1610059891158,32.76148775856881,-117.22480200152285,-28.02217979350353,81,121,15,11
1610059891240,32.76149334069966,-117.22483181180597,-28.017444823858977,81,121,15,11
1610059891313,32.761498966747006,-117.2248616894326,-28.013964490938317,81,121,15,11
1610059891426,32.761504659711946,-117.22489163887391,-28.00531192376122,81,121,15,11
1610059891567,32.76151039102445,-117.22492165683813,-27.996560938132443,81,121,15,11
1610059891659,32.761516146001526,-117.22495175227212,-27.988102606050827,81,121,15,11
1610059891738,32.76152189587925,-117.22498191763852,-27.97882690778775,81,121,15,11
1610059891825,32.76152762675032,-117.22501214446434,-27.963794260768488,80,121,15,11
1610059891941,32.761533444347414,-117.22504271265915,-27.941030268117935,80,121,15,11
1610059892094,32.76153924468558,-117.22507305140877,-27.909899066261918,81,121,15,11
1610059892172,32.7615450901013,-117.22510342564703,-27.873848550573427,81,121,15,11
1610059892324,32.761550932528195,-117.22513384929451,-27.840062370558034,81,121,15,11
1610059892395,32.76155674979194,-117.22516430875517,-27.81662579387074,81,121,15,11
1610059892507,32.76156254499306,-117.22519477328986,-27.804898115416115,81,121,15,11
1610059892650,32.7615683872095,-117.22522554446981,-27.78785173882924,81,121,15,11
1610059892731,32.76157417589405,-117.2252560394471,-27.770238989187618,81,121,15,11
1610059892819,32.76157998400901,-117.22528652221827,-27.75537654740099,81,121,15,11
1610059892901,32.76158579791951,-117.22531702914425,-27.736039404386823,81,121,15,11
1610059893004,32.761591550507475,-117.22534750204802,-27.726254616521494,81,121,15,11
1610059893153,32.761597297161515,-117.22537803037685,-27.693574552185257,81,121,15,11
1610059893232,32.76160305085721,-117.22540884992097,-27.66329118500372,81,121,15,11
1610059893314,32.76160869913018,-117.22543936600219,-27.65030252084183,81,121,15,11
1610059893399,32.76161430026186,-117.22546989348851,-27.64019362901368,81,121,15,11
1610059893503,32.761619883023215,-117.22550045096696,-27.627608814706583,81,121,15,11
1610059893632,32.761625413212855,-117.22553100963555,-27.62352979498432,81,121,15,11
1610059893725,32.76163090418616,-117.22556155009366,-27.622750938578008,81,121,15,11
1610059893809,32.761636417428626,-117.22559239990876,-27.608954379095007,81,121,15,11
1610059893894,32.76164186525805,-117.22562298841142,-27.598745065401296,81,121,15,11
1610059894088,32.76166333267695,-117.22574542808648,-27.637344555983905,81,121,15,11
1610059894176,32.76166866366934,-117.22577631681558,-27.647285160244365,81,121,15,11
1610059894286,32.761673957897116,-117.22580695967912,-27.65384311791718,82,121,15,11
1610059894427,32.761679260250965,-117.22583760469989,-27.661171491967767,82,121,15,11
1610059894514,32.761684561257425,-117.2258682552642,-27.668924993437297,82,121,15,11
1610059894596,32.76168983835113,-117.22589892623019,-27.668664136482427,82,121,15,11
1610059894701,32.76169510768998,-117.22592963129702,-27.662679216328375,82,121,15,11
1610059894803,32.761700379245255,-117.22596059572972,-27.65932821820615,82,121,15,11
1610059894884,32.761705579731235,-117.22599135713243,-27.64906917394347,82,121,15,11
1610059895040,32.76171076080619,-117.22602214650055,-27.645722763749944,82,121,15,11
1610059895126,32.76171593914262,-117.22605292843966,-27.658835493891797,82,121,15,11
1610059895201,32.761721124665854,-117.2260836937452,-27.679236412913873,82,121,15,11
1610059895313,32.76172631388698,-117.22611448430467,-27.680433339028482,82,121,15,11
1610059895454,32.7617315544464,-117.22614555075049,-27.6602847569725,82,121,15,11
1610059895558,32.761736772966614,-117.2261764173315,-27.635002695842584,82,121,15,11
1610059895638,32.76174196743577,-117.22620729818682,-27.62467391742585,82,121,15,11
1610059895743,32.76174714068546,-117.22623822183223,-27.62182434664947,82,121,15,11
1610059895849,32.76175230880243,-117.226269152407,-27.631618837911372,82,121,15,11
1610059895928,32.7617575106593,-117.22630009488952,-27.644315115623748,82,121,15,11
1610059896036,32.761762787127964,-117.22633130520818,-27.642876892249475,82,121,15,11
1610059896219,32.76176805260248,-117.22636231725812,-27.64629115200574,82,121,15,11
