1612140332769,32.88552258286848,-117.15029939423746,100.80069851676832,77,120,15,11
1612140332853,32.885507076042224,-117.15032601698388,100.820412503618,77,120,15,11
1612140332944,32.88549153601304,-117.15035262766291,100.83642969477165,77,120,15,11
1612140333042,32.885475981772835,-117.15037927706271,100.85895480140917,77,120,15,11
1612140333132,32.8854603940431,-117.1504059147221,100.88019242168772,77,120,15,11
1612140333322,32.88544478746193,-117.15043251710635,100.8947747304358,77,120,15,11
1612140333412,32.885429148009926,-117.15045920826816,100.91728186211444,77,120,15,11
1612140333506,32.885413560994714,-117.15048589353349,100.94667534775039,77,120,15,11
1612140333576,32.885397971303775,-117.15051255271932,100.96755157288163,77,120,15,11
1612140333741,32.885382367960446,-117.15053923596231,100.99266670287109,77,120,15,11
1612140333834,32.885366754834614,-117.15056593345861,101.01516167577547,78,120,15,11
1612140333912,32.885351143328634,-117.15059263726279,101.02977532499328,78,120,15,11
1612140334004,32.885335497884604,-117.15061940884979,101.0385681510314,78,120,15,11
1612140334084,32.88531989741086,-117.15064614398015,101.04551414211205,78,120,15,11
1612140334176,32.88530430228431,-117.15067290352118,101.04566800381886,78,120,15,11
1612140334306,32.88528870078463,-117.15069967202218,101.04129862958854,78,120,15,11
1612140334399,32.885273112410644,-117.15072645849621,101.03495622343713,78,121,15,11
1612140334488,32.88525754023064,-117.15075328846933,101.02985224822166,78,121,15,11
1612140334570,32.885241950113894,-117.1507802014672,101.01871924744043,78,120,15,11
1612140334734,32.885226390774605,-117.15080705178595,101.00439405825027,78,120,15,11
1612140334825,32.885210828268626,-117.15083393626462,100.99463651777255,78,120,15,11
1612140334911,32.88519525205657,-117.15086082878146,100.98722701401036,78,121,15,11
1612140334994,32.88517965786546,-117.15088772230698,100.97755623642907,78,121,15,11
1612140335072,32.88516406272384,-117.15091463670505,100.97017005334139,78,121,15,11
1612140335173,32.88514842489441,-117.15094164849988,100.9620836030856,78,120,15,11
1612140335367,32.88513283858685,-117.15096858331904,100.9494131093923,78,120,15,11
1612140335462,32.88511724871184,-117.15099550019946,100.93752922840832,78,121,15,11
1612140335545,32.885101635953205,-117.15102242818564,100.93517092740072,78,121,15,11
1612140335630,32.88508603082097,-117.15104934465924,100.93097871589976,78,121,15,11
1612140335732,32.88507043573761,-117.15107625610494,100.92435934263837,78,121,15,11
1612140335884,32.8850548052077,-117.15110322214753,100.91816791081945,78,120,15,11
1612140335963,32.88503925514057,-117.15113007981098,100.90757213967312,78,121,15,11
1612140336053,32.88502372564003,-117.15115685773803,100.89729019105943,78,121,15,11
1612140336133,32.8850082242477,-117.15118355511866,100.88850691274666,78,121,15,11
1612140336232,32.884992768140656,-117.15121011198518,100.8734428414567,78,121,15,11
1612140336370,32.8849773354503,-117.15123658395336,100.86904373913609,78,121,15,11
1612140336462,32.8849619032068,-117.15126301074196,100.85969516248832,78,121,15,11
1612140336545,32.88494660888085,-117.15128922364767,100.83744674083694,78,121,15,11
1612140336628,32.88493136551548,-117.15131532716437,100.82373946372235,78,121,15,11
1612140336734,32.88491616148851,-117.15134134722426,100.81880863903976,78,121,15,11
1612140336889,32.884901011210864,-117.15136725210019,100.80995417090618,78,121,15,11
1612140336970,32.88488588329722,-117.15139305538541,100.79812746610891,78,121,15,11
1612140337053,32.88487071823146,-117.15141886279967,100.78441422548552,78,121,15,11
1612140337134,32.884855629155105,-117.15144453665853,100.76442757863306,78,121,15,11
1612140337224,32.88484053865092,-117.15147012841152,100.74080060753369,78,121,15,11
1612140337413,32.884825470505525,-117.15149570534247,100.71821431382769,78,121,15,11
1612140337514,32.884810414202306,-117.15152121631279,100.69454410433282,78,121,15,11
1612140337663,32.884750257874906,-117.15162305786934,100.60251554846414,78,121,15,11
1612140337773,32.884735305910525,-117.15164844993026,100.57936732926106,78,121,15,11
1612140337868,32.884720402018885,-117.15167383991107,100.55581394535297,78,121,15,11
1612140337966,32.88470551236783,-117.15169924383814,100.53673864602963,78,121,15,11
1612140338081,32.88469058774669,-117.15172466728832,100.5108651467053,78,121,15,11
1612140338229,32.8846757912354,-117.15175001425007,100.49111393599388,78,121,15,11
1612140338344,32.884660989690666,-117.15177537808,100.47983915598964,78,121,15,11
1612140338427,32.884646162251535,-117.1518007586569,100.47755860966328,78,121,15,11
1612140338584,32.884631311445034,-117.15182612353433,100.46682217862849,78,121,15,11
1612140338678,32.88461646699777,-117.15185147255961,100.44405216200897,78,121,15,11
1612140338763,32.88460158711845,-117.15187690230238,100.41563348016743,78,121,15,11
1612140338855,32.88458673950807,-117.15190224892457,100.3863640631394,78,121,15,11
1612140338945,32.88457188355151,-117.15192761958804,100.36335354242296,78,121,15,11
1612140339069,32.88455703067538,-117.15195301752834,100.34387515515554,78,121,15,11
1612140339159,32.88454217543166,-117.15197843614705,100.32281594399369,78,121,15,11
1612140339364,32.88452733479147,-117.15200387129084,100.29764773180926,78,121,15,11
1612140339443,32.88451245483988,-117.15202942560887,100.27312604249798,78,120,15,11
1612140339528,32.88449760611459,-117.15205491420963,100.25442794842704,78,121,15,11
1612140339609,32.88448274364811,-117.15208042356467,100.24655906717896,78,121,15,11
1612140339772,32.88446788519404,-117.15210597980892,100.24218126655603,78,121,15,11
1612140339865,32.88445300680624,-117.15213159339955,100.24034465024808,78,121,15,11
1612140339954,32.884438119941024,-117.15215723569342,100.23159847476093,78,121,15,11
1612140340038,32.884423172736795,-117.15218296521101,100.21148666393707,78,120,15,11
1612140340120,32.884408267357166,-117.15220864186351,100.19128463755072,78,120,15,11
1612140340218,32.88439337328356,-117.15223441621559,100.17959526670279,78,121,15,11
1612140340350,32.884378455930644,-117.1522602170049,100.1692725161486,78,121,15,11
1612140340442,32.88436352788627,-117.1522860790073,100.15847391616963,78,121,15,11
1612140340532,32.88434857742422,-117.15231196910854,100.14048328464939,78,121,15,11
1612140340676,32.88433358777749,-117.15233797805303,100.12176525054569,78,120,15,11
1612140340778,32.88431864676224,-117.15236399218739,100.10392332632328,78,120,15,11
1612140340868,32.88430369283394,-117.1523900826471,100.08801617761134,78,120,15,11
1612140340950,32.8842887150427,-117.15241620655988,100.06577848807174,78,121,15,11
1612140341041,32.88427372030636,-117.15244235581255,100.0359323952042,78,121,15,11
1612140341121,32.88425870705988,-117.15246852644333,100.00354633577898,78,121,15,11
1612140341214,32.884243637955514,-117.15249483302802,99.98237065941844,78,120,15,11
1612140341405,32.88422859708351,-117.15252110896536,99.97648735173256,78,120,15,11
1612140341495,32.88421352699639,-117.15254744292274,99.97685599123801,78,120,15,11
1612140341582,32.88419844760547,-117.15257382112557,99.97251345286793,78,120,15,11
1612140341663,32.884183355741555,-117.1526002444548,99.96979930669166,78,121,15,11
1612140341829,32.884168219091414,-117.15262670084101,99.9642505396366,78,121,15,11
1612140341919,32.88415299282203,-117.15265328878424,99.95579415370578,77,120,15,11
1612140342000,32.88413780341565,-117.15267982490393,99.93104648139764,77,120,15,11
1612140342090,32.88412260730191,-117.15270639332839,99.8985845134831,77,120,15,11
1612140342179,32.884107387739206,-117.15273301185286,99.86943293006938,77,120,15,11
1612140342276,32.884092145441066,-117.15275966378877,99.83988739049794,78,121,15,11
1612140342414,32.884076872742575,-117.15278636449328,99.81797393093352,78,121,15,11
1612140342504,32.88406153668022,-117.15281320104074,99.79769973717995,77,120,15,11
1612140342589,32.88404623447493,-117.15283996418817,99.77392828758552,77,120,15,11
1612140342690,32.8840308806348,-117.15286673853174,99.75121932498715,77,120,15,11
1612140342800,32.884015503532076,-117.15289356973477,99.73500487173688,77,120,15,11
1612140342951,32.884000077594806,-117.15292045744039,99.7271540289901,77,120,15,11
