1616373783937,32.78975283769761,-117.16761725939725,74.24486939681725,28,50,14,11
1616373784228,32.78975286362725,-117.16761725236623,74.24256401535804,29,53,14,11
1616373784377,32.78975286382157,-117.16761726568654,74.24277125594443,29,54,14,11
1616373784488,32.789752877940586,-117.16761726801754,74.24366644144793,29,55,14,11
1616373784600,32.78975288440213,-117.16761728212138,74.24386552403865,29,55,14,11
1616373784713,32.789752877779485,-117.16761727865077,74.24508347317553,29,56,14,11
1616373784849,32.789752883446106,-117.16761727736952,74.2457136979966,29,56,14,11
1616373785001,32.78975289202786,-117.1676172887919,74.24686162020228,29,57,14,11
1616373785140,32.78975290863367,-117.16761729120765,74.25081121355231,29,58,14,11
1616373785240,32.78975291198741,-117.16761728886007,74.25217130255787,29,58,14,11
1616373785392,32.78975292069063,-117.16761730291725,74.25431851079551,29,59,14,11
1616373785502,32.78975292698274,-117.16761729305675,74.25585577354461,29,59,14,11
1616373785615,32.78975293415692,-117.16761729247521,74.25791307861346,29,59,14,11
1616373785730,32.78975293442976,-117.16761729652485,74.25966889185104,29,59,14,11
1616373785828,32.78975293482832,-117.16761729160353,74.26209561763773,28,59,14,11
1616373785952,32.78975293680883,-117.16761730836758,74.26568331605733,28,59,14,11
1616373786139,32.789752951354394,-117.16761729790515,74.27311477351903,27,59,14,11
1616373786243,32.789752953636885,-117.1676173024378,74.27620117197266,27,59,14,11
1616373786401,32.78975295807406,-117.16761730324994,74.27947149823234,27,59,14,11
1616373786516,32.789752954940305,-117.16761729585096,74.2823055472567,27,59,14,11
1616373786627,32.78975296656372,-117.16761729331152,74.28509516899067,26,58,14,11
1616373786738,32.78975295631956,-117.16761730074998,74.28987257090954,26,58,14,11
1616373786850,32.789752968872065,-117.16761729237199,74.29309692468568,25,57,14,11
1616373786999,32.78975297481541,-117.16761728612319,74.30471047395878,24,55,14,11
1616373787201,32.7897529763427,-117.16761727738353,74.30824292553224,24,55,14,11
1616373787302,32.78975298604397,-117.16761728029802,74.31101145123299,24,55,14,11
1616373787451,32.789752987207315,-117.16761727565184,74.31371257117075,24,55,14,11
1616373787569,32.78975298817148,-117.16761727288218,74.31729581096272,24,55,14,11
1616373787682,32.78975298369603,-117.1676172787051,74.3206635549102,24,55,14,11
1616373787794,32.78975298915151,-117.16761726116914,74.32276288198486,24,55,14,11
1616373787894,32.78975299581095,-117.16761727055076,74.32610053007518,24,55,14,11
1616373787994,32.78975299518662,-117.16761725812917,74.33472856526079,25,55,14,11
1616373788193,32.78975298999063,-117.16761724185447,74.33786424075925,25,55,14,11
1616373788294,32.789752991574815,-117.16761724529601,74.34086148415365,25,55,14,11
1616373788442,32.789752991069335,-117.16761724123302,74.34335022021375,25,56,14,11
1616373788560,32.789752993070174,-117.16761724372569,74.34535931993356,25,56,14,11
1616373788674,32.78975298566232,-117.16761723581206,74.34874563621976,25,56,14,11
1616373788784,32.78975298536168,-117.16761722609311,74.35147618351613,25,55,14,11
1616373789005,32.78975297120931,-117.16761720935776,74.36196862882188,25,55,14,11
1616373789202,32.78975296569077,-117.16761719676785,74.36429448261599,25,56,14,11
1616373789305,32.78975295691954,-117.16761720143731,74.36785622764292,25,56,14,11
1616373789461,32.789752961882755,-117.16761719088571,74.3704270818713,25,56,14,11
1616373789582,32.78975296158345,-117.1676171824824,74.37294091074739,26,56,14,11
1616373789692,32.78975295947158,-117.16761718007474,74.37604750044771,26,56,14,11
1616373789804,32.78975295137568,-117.16761716989964,74.37852017956537,26,56,14,11
1616373790001,32.78975292696905,-117.16761713959603,74.38874713563806,26,56,14,11
1616373790201,32.789752927426306,-117.16761713021116,74.3920552286811,26,57,14,11
1616373790332,32.78975294211499,-117.16761710517159,74.39402280759963,26,57,14,11
1616373790450,32.789752967258416,-117.16761706352075,74.39677340261805,26,57,14,11
1616373790561,32.78975301904826,-117.16761698862221,74.3999111318429,26,57,14,11
1616373790673,32.78975309761585,-117.16761689530355,74.40235182677067,26,57,14,11
1616373790785,32.78975319528079,-117.16761679048949,74.40470031283193,26,57,14,11
1616373790933,32.789753150872535,-117.1676167916359,74.40979655322046,26,57,14,11
1616373791133,32.78975315525722,-117.16761677309239,74.41082458416338,26,57,14,11
1616373791244,32.78975317428858,-117.16761674901176,74.41218244821685,26,57,14,11
1616373791348,32.789753159422006,-117.16761675583312,74.41327737531346,25,57,14,11
1616373791501,32.78975315319406,-117.16761674819654,74.41355139437944,25,56,14,11
1616373791614,32.78975315253456,-117.1676167397969,74.41472930577389,25,56,14,11
1616373791728,32.78975315251777,-117.16761673747705,74.4147632665977,25,56,14,11
1616373791841,32.789753147727524,-117.1676167247974,74.4151165342569,25,56,14,11
1616373792090,32.7897531483007,-117.16761670919014,74.41895735998877,25,56,14,11
1616373792286,32.78975314197831,-117.16761670643434,74.42006930144126,25,56,14,11
1616373792435,32.78975314409695,-117.1676167031172,74.42065425150109,25,56,14,11
1616373792546,32.789753150843964,-117.16761669235837,74.42109214334022,25,56,14,11
1616373792704,32.789753145600834,-117.16761668704744,74.42332342335558,25,56,14,11
1616373792919,32.78975315860095,-117.1676166881586,74.42362416380129,25,56,14,11
1616373793056,32.7897531547513,-117.16761668806812,74.42450996465024,26,57,14,11
1616373793349,32.789753149500456,-117.16761666915525,74.42740163233552,26,57,14,11
1616373793468,32.78975315617705,-117.16761667607211,74.42786147588642,26,57,14,11
1616373793580,32.789753162157425,-117.16761667258814,74.4288288535697,26,58,14,11
1616373793692,32.78975315881028,-117.1676166692568,74.42964348056925,26,58,14,11
1616373793827,32.78975316490217,-117.16761667476587,74.43040179935778,27,58,14,11
1616373793958,32.78975315862443,-117.16761667298901,74.43139828104708,27,58,14,11
1616373794097,32.78975316529856,-117.16761666287681,74.43245951734738,27,59,14,11
