1483235453492,32.87863765584171,-117.22199619961542,68.6199783893993,77,121,15,11
1483235453575,32.87863765682784,-117.22199620060961,68.62102122615995,77,121,15,11
1483235453699,32.878637660120326,-117.22199620222105,68.62245521281434,77,121,15,11
1483235453805,32.878637665564916,-117.22199620241739,68.62388836326116,77,121,15,11
1483235453958,32.878637672131156,-117.22199620647112,68.6252992361612,77,121,15,11
1483235454027,32.87863767794853,-117.22199619913961,68.62693212033666,77,121,15,11
1483235454127,32.878637685236725,-117.22199620077775,68.62794226733715,77,121,15,11
1483235454268,32.87863768240852,-117.22199620354338,68.62907379262657,77,121,15,11
1483235454370,32.878637694092085,-117.22199620439052,68.63030816875361,77,121,15,11
1483235454467,32.878637701782395,-117.22199619984441,68.63170279763243,77,121,15,11
1483235454546,32.87863770615344,-117.22199619966653,68.63271831147108,77,121,15,11
1483235454629,32.878637714695486,-117.22199620926817,68.63379791641685,77,121,15,11
1483235454750,32.878637721739466,-117.22199620806246,68.63497708785624,77,121,15,11
1483235454878,32.878637726183086,-117.22199620847965,68.63617262147257,77,121,15,11
1483235454962,32.878637736683224,-117.22199620714086,68.63779616330353,77,121,15,11
1483235455047,32.87863774376255,-117.22199620251443,68.63907930942231,77,120,15,11
1483235455133,32.878637752041655,-117.22199620059666,68.64024127449555,77,121,15,11
1483235455280,32.87863776301618,-117.22199620517166,68.64109941966356,77,121,15,11
1483235455385,32.878637766001646,-117.22199620502249,68.64238980372932,77,121,15,11
1483235455475,32.87863777616571,-117.22199620568615,68.64307644210413,77,121,15,11
1483235455558,32.87863778232951,-117.22199619804046,68.64389587147068,77,121,15,11
1483235455638,32.87863779626625,-117.22199620693571,68.64468403808395,77,120,15,11
1483235455760,32.87863780890323,-117.22199620441882,68.64558457085758,77,121,15,11
1483235455870,32.87863781516561,-117.22199620381947,68.64660541743271,77,121,15,11
1483235456019,32.87863782287936,-117.22199620096224,68.64690156562457,77,121,15,11
1483235456103,32.87863783071221,-117.22199620765286,68.64728445177208,77,121,15,11
1483235456190,32.87863784264937,-117.22199620484662,68.64781055204479,77,121,15,11
1483235456327,32.87863785335936,-117.22199620690887,68.64802973249797,77,120,15,11
1483235456432,32.878637863133825,-117.2219962078874,68.64816779148919,77,121,15,11
1483235456524,32.87863786748502,-117.22199620534406,68.64889937435,77,121,15,11
1483235456603,32.87863788071778,-117.22199620758312,68.64859410299594,77,121,15,11
1483235456694,32.87863788953262,-117.22199621052478,68.64869450069155,77,121,15,11
1483235456816,32.87863790282609,-117.22199620907507,68.64890715198219,77,120,15,11
1483235456920,32.87863791778895,-117.22199619861148,68.64926720936774,77,120,15,11
1483235457012,32.878637922931034,-117.22199620471487,68.64957921004292,77,121,15,11
1483235457090,32.878637933155595,-117.22199620742356,68.64964356771468,77,121,15,11
1483235457187,32.87863793639965,-117.2219962106282,68.64996469852895,77,121,15,11
1483235457326,32.878637948663076,-117.2219962154991,68.65025861174354,77,121,15,11
1483235457437,32.87863796252018,-117.22199620830263,68.65039183010784,77,120,15,11
1483235457528,32.87863797185693,-117.22199620549705,68.65063547592968,77,120,15,11
1483235457608,32.87863798203965,-117.22199621113302,68.65053812714119,77,121,15,11
1483235457688,32.878637988221946,-117.22199621282819,68.6505563157118,77,121,15,11
1483235457815,32.87863800111837,-117.2219962098433,68.65090690407547,77,121,15,11
1483235457918,32.87863800967136,-117.22199620694774,68.65064812614129,77,121,15,11
1483235458068,32.87863801450405,-117.22199620688767,68.65086669533454,77,120,15,11
1483235458163,32.87863802462797,-117.22199620915914,68.65040300148138,77,120,15,11
1483235458257,32.87863803126976,-117.22199620973306,68.65035900774474,77,121,15,11
1483235458405,32.87863803865938,-117.22199621363065,68.65046937844795,77,121,15,11
1483235458510,32.87863804502244,-117.22199621827326,68.65031049675198,77,121,15,11
1483235458605,32.87863805238176,-117.22199621137881,68.65023862858834,77,121,15,11
1483235458687,32.87863806315169,-117.22199621397094,68.6500754510862,77,120,15,11
1483235458771,32.87863806582716,-117.22199621298698,68.6501751057492,77,120,15,11
1483235458903,32.878638071413086,-117.22199621205503,68.64985635994155,77,121,15,11
1483235458996,32.878638075063776,-117.22199621440313,68.64941650494697,77,121,15,11
1483235459095,32.87863807321371,-117.22199621540125,68.64904093274737,77,121,15,11
1483235459166,32.878638081134746,-117.22199621354595,68.64857442579681,77,121,15,11
1483235459321,32.87863808647586,-117.22199621876477,68.64784320550837,77,120,15,11
1483235459402,32.87863808722569,-117.22199621600606,68.64717823887125,77,121,15,11
1483235459505,32.87863809365874,-117.22199621368627,68.64698910930606,77,121,15,11
1483235459595,32.878638091220516,-117.22199621020214,68.64588175911103,77,121,15,11
1483235459677,32.87863809398136,-117.2219962110029,68.64534516681343,77,121,15,11
1483235459762,32.87863810423456,-117.22199620612349,68.64471360513068,77,121,15,11
1483235459887,32.87863810327852,-117.22199621013087,68.64396379890984,77,120,15,11
1483235460077,32.87863811068771,-117.2219962181568,68.64000259580698,77,121,15,11
1483235460179,32.878638111275336,-117.22199621430724,68.63907372216686,77,121,15,11
1483235460303,32.87863812199194,-117.22199621886396,68.6378146915912,77,120,15,11
1483235460391,32.878638121639746,-117.2219962202734,68.63720917438589,77,121,15,11
1483235460463,32.878638125714055,-117.2219962226199,68.63583356655748,77,121,15,11
1483235460574,32.8786381328063,-117.221996219803,68.63462483214822,77,121,15,11
1483235460696,32.87863813179402,-117.22199622728986,68.6336664549551,77,121,15,11
1483235460798,32.878638134349785,-117.2219962251943,68.63270363675673,77,121,15,11
1483235460887,32.878638136268144,-117.22199622618916,68.63170942142985,77,120,15,11
1483235460974,32.878638140298875,-117.221996233136,68.63066326004247,77,121,15,11
1483235461138,32.87863813718272,-117.22199623333974,68.62932745553766,77,121,15,11
1483235461219,32.87863813529245,-117.22199623656944,68.62846850167415,77,121,15,11
1483235461330,32.87863813935127,-117.22199624154526,68.62743502603902,77,121,15,11
1483235461420,32.87863814088724,-117.22199624683395,68.6262865938454,77,121,15,11
1483235461489,32.878638142669814,-117.2219962392028,68.62532310968803,77,120,15,11
1483235461595,32.87863813772888,-117.22199624395756,68.62440217825309,77,121,15,11
1483235461718,32.87863814577087,-117.22199624710784,68.62329386471099,77,121,15,11
1483235461822,32.87863814631105,-117.22199624942795,68.62248012772034,77,121,15,11
1483235461974,32.87863814360924,-117.2219962548656,68.6212551023415,77,121,15,11
1483235462050,32.878638137061216,-117.22199625558484,68.62024629067001,77,121,15,11
1483235462136,32.87863814303847,-117.22199626021217,68.61901691770143,77,120,15,11
1483235462300,32.878638144031235,-117.22199626482794,68.61796672682,77,121,15,11
1483235462402,32.878638141071576,-117.22199626918494,68.61656575061649,77,121,15,11
1483235462494,32.87863814414819,-117.22199626984506,68.61532759583089,77,121,15,11
1483235462577,32.87863814162091,-117.22199626847394,68.61430366680453,77,121,15,11
1483235462658,32.8786381357913,-117.2219962762045,68.6132509495609,77,121,15,11
1483235462778,32.878638127743926,-117.22199627557872,68.61198772684808,77,120,15,11
1483235462900,32.87863813413389,-117.22199627640927,68.61071622671449,77,121,15,11
1483235462993,32.87863812245742,-117.22199627640035,68.60969295685877,77,121,15,11
1483235463069,32.87863811922743,-117.22199628222327,68.60870572020386,77,121,15,11
1483235463222,32.8786381134273,-117.22199628202792,68.60742763373186,77,121,15,11
1483235463303,32.878638109427044,-117.22199627627735,68.60670441189494,77,121,15,11
1483235463417,32.87863810020172,-117.22199627746942,68.6055845072303,77,120,15,11
1483235463510,32.87863809341419,-117.22199627868889,68.60457309636875,77,121,15,11
1483235463593,32.87863808140821,-117.2219962790771,68.60337464081849,77,121,15,11
