4925064222972,33.09824914232981,-117.08818334771654,171.96700110677716,94,136,15,11
4925064223087,33.09827359036115,-117.08820419495476,172.06869786419873,94,136,15,11
4925064223237,33.098298146262096,-117.08822511313,172.17183281229413,93,135,15,11
4925064223337,33.09832258777136,-117.08824592106042,172.2716750908416,93,135,15,11
4925064223431,33.098347015862046,-117.08826669798866,172.36582989408356,92,135,15,11
4925064223511,33.09837144006701,-117.08828746670886,172.46841625192232,92,135,15,11
4925064223627,33.09839583948589,-117.08830820837233,172.56949441934313,91,135,15,11
4925064223717,33.09842022120295,-117.08832891520304,172.66942768890135,91,134,15,11
4925064223798,33.0984446773574,-117.08834967530049,172.77223725610685,90,134,15,11
4925064223880,33.0984690251261,-117.08837030086,172.87610922821767,90,134,15,11
4925064224059,33.098493358712666,-117.08839087027235,172.97782035241832,89,134,15,11
4925064224232,33.09851770281335,-117.08841135929757,173.08493733422387,89,134,15,11
4925064224309,33.09854201934719,-117.08843185539904,173.20072185972285,89,133,15,11
4925064224405,33.098566319624716,-117.08845229950907,173.31114882053117,88,133,15,11
4925064224487,33.098590674945534,-117.08847276363475,173.41552795552644,88,133,15,11
4925064224574,33.09861491508939,-117.0884931495959,173.5286437166602,87,133,15,11
4925064224685,33.098639177358464,-117.08851346929099,173.6523855508094,87,132,15,11
4925064224807,33.09866341993958,-117.08853375657881,173.77353267474123,87,132,15,11
4925064224908,33.098687659845446,-117.08855401193337,173.89245748227268,87,132,15,11
4925064224989,33.098711865752904,-117.08857421932943,174.00003451785173,87,132,15,11
4925064225112,33.09873615132626,-117.08859446127023,174.1195073320431,86,131,15,11
4925064225233,33.098760373326925,-117.08861457529879,174.23771437886933,86,131,15,11
4925064225369,33.098784592565714,-117.08863461969959,174.34887798034316,86,131,15,11
4925064225454,33.09880882610347,-117.08865459270406,174.46410851892705,86,131,15,11
4925064225550,33.09883305171323,-117.08867451403823,174.57851428169906,86,131,15,11
4925064225633,33.09885727711706,-117.08869437098019,174.68834332808018,86,131,15,11
4925064225735,33.09888157595214,-117.08871421372245,174.79703551607747,86,130,15,11
4925064225826,33.09890579545094,-117.08873395387448,174.9009634331212,85,130,15,11
4925064225909,33.09893003163416,-117.08875362977173,175.01333338525023,85,130,15,11
4925064225990,33.09895426730117,-117.0887732522531,175.12586870069163,85,130,15,11
4925064226169,33.098978503248404,-117.08879284293266,175.2374839931387,85,130,15,11
4925064226341,33.09900273703178,-117.0888123690534,175.34111238375291,85,129,15,11
4925064226419,33.09902702957664,-117.08883186781767,175.44451204791437,85,129,15,11
4925064226500,33.099051303161055,-117.08885123671841,175.5499526033402,85,129,15,11
4925064226588,33.09907559796034,-117.08887053057435,175.65259468257653,85,129,15,11
4925064226689,33.09909989749297,-117.0888897502713,175.75779635148118,85,129,15,11
4925064226791,33.09912420495296,-117.08890890288924,175.86669288929858,85,129,15,11
4925064226887,33.09914850426353,-117.08892797545856,175.97073121270287,85,128,15,11
4925064226968,33.099172834967746,-117.08894700198414,176.07441238987707,85,128,15,11
4925064227050,33.099197124130896,-117.08896591653581,176.1775764308921,85,128,15,11
4925064227166,33.09922139974248,-117.08898478392751,176.27583190938245,85,128,15,11
4925064227282,33.09924563622016,-117.08900359456123,176.36628747028186,85,128,15,11
4925064227416,33.09926984454614,-117.08902234208473,176.46022058388388,85,128,15,11
4925064227497,33.09929403117445,-117.08904106243008,176.55886926679165,85,127,15,11
4925064227602,33.09931821433263,-117.08905978807842,176.65292541650103,84,127,15,11
4925064227685,33.099342342645144,-117.08907846156025,176.73833267207903,85,127,15,11
4925064227786,33.09936645226176,-117.08909709467731,176.81394715915127,85,127,15,11
4925064227889,33.099390552620385,-117.08911570047684,176.8968296702016,85,127,15,11
4925064228024,33.099486652834074,-117.0891902797968,177.26676871522028,84,126,15,11
4925064228126,33.09951066270844,-117.08920886127646,177.36928460759876,84,126,15,11
4925064228261,33.09953464026403,-117.08922742739003,177.46722796511102,84,126,15,11
4925064228360,33.099558587421846,-117.08924601901286,177.57050401511324,84,126,15,11
4925064228444,33.09958250863618,-117.08926456645352,177.66911604595745,84,126,15,11
4925064228547,33.09960643050827,-117.08928308634495,177.77279632432305,84,126,15,11
4925064228644,33.09963034874658,-117.08930156607612,177.87789300972747,84,126,15,11
4925064228733,33.09965425850325,-117.08932003172967,177.9868615451921,84,126,15,11
4925064228834,33.099678134863574,-117.08933850152177,178.08751456777142,84,125,15,11
4925064228957,33.099701981436155,-117.08935692432387,178.17618306359216,84,125,15,11
4925064229071,33.099725833632974,-117.0893752827582,178.26945297645042,84,125,15,11
4925064229140,33.09974969834143,-117.08939359282218,178.37172305279657,84,125,15,11
4925064229316,33.09977357788719,-117.0894118780565,178.48004144756652,84,125,15,11
4925064229397,33.09979744336075,-117.08943014986419,178.5767188354794,84,125,15,11
4925064229493,33.09982128718113,-117.08944839490337,178.66179873262217,84,125,15,11
4925064229596,33.09984510999642,-117.08946666971077,178.74992073983813,84,125,15,11
4925064229686,33.09986893018444,-117.08948500946441,178.84442828146638,84,125,15,11
4925064229767,33.09989272568499,-117.0895033658578,178.93432359998764,84,125,15,11
4925064229848,33.099916503954546,-117.08952178263539,179.02658724519952,83,125,15,11
4925064230020,33.09994031010621,-117.08954019737956,179.11281793190244,83,124,15,11
4925064230132,33.099964120770984,-117.08955861646766,179.19042307251354,83,124,15,11
4925064230275,33.09998791059634,-117.0895770578346,179.26271944957168,83,124,15,11
4925064230370,33.10001170102445,-117.08959549616858,179.33812082069483,83,124,15,11
4925064230451,33.100035512546064,-117.08961391529841,179.4190317077016,83,124,15,11
4925064230535,33.10005936083858,-117.08963233718747,179.50456507648275,83,124,15,11
4925064230638,33.10008321073336,-117.08965073215782,179.5787054767113,83,124,15,11
4925064230729,33.10010708158532,-117.08966911471472,179.6496039381618,82,124,15,11
4925064230808,33.100130926902644,-117.08968753087186,179.716572854153,82,124,15,11
4925064230889,33.100154802129225,-117.08970596641245,179.7935205475409,82,124,15,11
4925064231015,33.10017871680532,-117.08972435000155,179.86723431942698,82,124,15,11
4925064231133,33.100202645369656,-117.08974274018904,179.93888793829353,82,124,15,11
4925064231264,33.10022658821986,-117.08976113848493,180.01264777831062,82,124,15,11
4925064231345,33.10025056410488,-117.08977952196733,180.08456237584403,82,124,15,11
4925064231430,33.10027456338748,-117.08979788103767,180.15492615755716,82,124,15,11
4925064231512,33.10029860108407,-117.0898161980991,180.22325016020943,81,124,15,11
4925064231615,33.10032266420882,-117.0898344940212,180.29694746846656,81,123,15,11
4925064231712,33.10034674869888,-117.08985280771184,180.3759387606287,81,123,15,11
4925064231793,33.100370830433576,-117.08987111115559,180.44483015791738,81,123,15,11
4925064231874,33.1003949454757,-117.08988937877466,180.51405283293627,81,123,15,11
4925064232051,33.10041908624936,-117.0899075952806,180.5778289449136,81,123,15,11
4925064232228,33.10044323303967,-117.08992578179765,180.64580685084266,81,123,15,11
4925064232307,33.10046740462301,-117.08994390933496,180.71438894400114,81,123,15,11
4925064232393,33.100491613461905,-117.08996196810824,180.78192464700894,80,123,15,11
4925064232478,33.100515837514294,-117.08997995272081,180.84418995573063,80,123,15,11
4925064232565,33.100540073509585,-117.08999789115273,180.90433743764464,80,123,15,11
4925064232666,33.100564327535196,-117.09001574829824,180.9624965464361,80,123,15,11
4925064232758,33.10058859218975,-117.090033560332,181.02451057633434,80,123,15,11
4925064232837,33.100612862043306,-117.09005132229603,181.08612230403637,80,123,15,11
4925064232918,33.10063712604214,-117.09006903359109,181.14717266896324,80,123,15,11
4925064233054,33.100661393192425,-117.09008671100956,181.20695972920268,80,123,15,11
