1631836720809,32.84605369198521,-116.9577416555754,79.56638371735878,23,49,15,11
1631836721004,32.84599048704276,-116.95782176411929,79.60121786460796,22,48,15,11
1631836721163,32.8459694959242,-116.95784841288922,79.6075532789427,22,48,15,11
1631836721255,32.845948554848874,-116.95787502636094,79.61059137509883,22,49,15,11
1631836721401,32.84592764217027,-116.95790162350792,79.61225893574517,23,49,15,11
1631836721518,32.84590677068265,-116.95792816194808,79.62152934430794,23,49,15,11
1631836721632,32.845885933829706,-116.95795465368533,79.63279178197736,23,49,15,11
1631836721767,32.84586512032125,-116.95798107948396,79.63961657798245,23,50,15,11
1631836722013,32.845782115040386,-116.95808641496284,79.68879437935684,25,52,15,11
1631836722145,32.84576144980911,-116.95811259327564,79.7044278578919,25,52,15,11
1631836722237,32.84574080210389,-116.95813869657543,79.72935902269738,26,53,15,11
1631836722386,32.845720173438124,-116.95816474188427,79.76143938758713,26,53,15,11
1631836722499,32.845699568524275,-116.95819073583014,79.80200841380777,26,53,15,11
1631836722660,32.84567896549739,-116.95821674478064,79.83744854731911,26,54,15,11
1631836722913,32.84559737650934,-116.9583194754175,80.01696817845173,27,55,15,11
1631836723001,32.84557713067919,-116.9583448811647,80.05382408607224,28,56,15,11
1631836723229,32.845556849806734,-116.95837029690577,80.0899401457105,27,56,15,11
1631836723342,32.845536714270196,-116.95839550747742,80.12760580209093,27,56,15,11
1631836723432,32.84551660912078,-116.95842065449283,80.16708718925581,28,56,15,11
1631836723575,32.84549652916691,-116.95844569622646,80.20997216006599,27,56,15,11
1631836723698,32.845476471376806,-116.95847067849209,80.25108226664247,27,56,15,11
1631836723888,32.84539615506223,-116.95857001489402,80.40439762691987,25,55,15,11
1631836724062,32.84537608042489,-116.95859469160418,80.44244030854739,24,53,15,11
1631836724201,32.845355953905504,-116.9586193303415,80.47270730747782,24,53,15,11
1631836724312,32.84533578725081,-116.95864390860996,80.4973840139985,24,53,15,11
1631836724401,32.84531542999068,-116.95866861388181,80.52002401899401,24,53,15,11
1631836724545,32.845295158996024,-116.95869309884304,80.53951531507965,24,53,15,11
1631836724676,32.84527485175923,-116.95871754317281,80.56095500657617,24,53,15,11
1631836724978,32.84519293439172,-116.9588151412985,80.63366914620144,24,52,15,11
1631836725092,32.845172356615606,-116.95883937373965,80.64615716201206,24,53,15,11
1631836725223,32.84515177263627,-116.9588635860341,80.65930880251705,24,53,15,11
1631836725340,32.84513112230956,-116.95888778072771,80.68289260453733,24,52,15,11
1631836725438,32.845110403589324,-116.95891194276643,80.70833110261383,24,52,15,11
1631836725584,32.845089628590216,-116.95893604947375,80.72928197998905,23,52,15,11
1631836725700,32.84506877770672,-116.9589600857036,80.7418335119847,23,52,15,11
1631836725983,32.844984698264376,-116.95905571207645,80.80266168026502,25,54,15,11
1631836726104,32.84496352649881,-116.95907945831162,80.81771800854769,25,54,15,11
1631836726236,32.844942343882934,-116.9591031390515,80.83003685431966,26,55,15,11
1631836726353,32.84492112257987,-116.95912674246958,80.84655974047713,26,55,15,11
1631836726468,32.84489984964451,-116.95915024649449,80.86036124558238,26,55,15,11
1631836726563,32.84487854509207,-116.95917366073152,80.87299513119834,26,55,15,11
1631836726804,32.844792846459754,-116.95926626846561,80.9124445179921,26,55,15,11
1631836726948,32.8447713311904,-116.95928918946213,80.92238796084932,26,55,15,11
1631836727062,32.84474974728738,-116.95931200420397,80.93267153451379,26,56,15,11
1631836727239,32.84472811936019,-116.95933471576757,80.94301274346364,27,56,15,11
1631836727356,32.84470645357126,-116.95935734130617,80.95740289423753,27,56,15,11
1631836727469,32.844684745048376,-116.95937988747808,80.97234146577746,27,57,15,11
1631836727558,32.84466300301456,-116.9594023431391,80.9881398973533,27,57,15,11
1631836727713,32.844641202490145,-116.95942470841231,81.00727288141194,27,57,15,11
1631836727913,32.844553618926916,-116.95951328331019,81.08120829808915,27,57,15,11
1631836728031,32.84453158174319,-116.95953518809428,81.100844803066,27,57,15,11
1631836728133,32.84450948633366,-116.95955699041662,81.1179993095164,27,57,15,11
1631836728395,32.844487342473364,-116.95957869601273,81.13082020577524,27,57,15,11
1631836728508,32.844465110383446,-116.95960027690003,81.14291965331961,27,57,15,11
1631836728702,32.844375572702454,-116.95968567445222,81.18281692010441,26,55,15,11
1631836728903,32.84435306227639,-116.95970683775684,81.18879380678487,25,54,15,11
1631836729049,32.844330472316365,-116.95972789247283,81.20081883258983,24,54,15,11
1631836729308,32.844239529634,-116.95981115792601,81.25803684830501,25,54,15,11
1631836729429,32.84421665040401,-116.95983175416391,81.2781155615582,25,54,15,11
1631836729549,32.84419372379581,-116.95985226291654,81.29461184016624,25,54,15,11
1631836729682,32.844170701778204,-116.95987270501226,81.31081923026932,26,55,15,11
1631836729792,32.84414766482649,-116.95989301231494,81.33050637485702,26,55,15,11
1631836729932,32.84412460216475,-116.95991321308723,81.34939476871702,26,56,15,11
1631836730108,32.8440551146154,-116.95997335522384,81.4075259336062,26,56,15,11
1631836730222,32.84403180541424,-116.95999329721502,81.41423103364487,26,55,15,11
1631836730335,32.84400851980574,-116.96001308108974,81.4277864410485,26,55,15,11
1631836730458,32.843985195942075,-116.96003282975799,81.43799646818442,25,54,15,11
1631836730583,32.84396182160523,-116.96005248757352,81.45126175213346,25,54,15,11
1631836730722,32.843938411592276,-116.96007209575427,81.46281286394581,24,53,15,11
1631836730836,32.843914919467466,-116.96009164361273,81.48873279015264,24,53,15,11
1631836730884,32.84386770550288,-116.9601305834314,81.5358179351598,24,53,15,11
