1483235667552,32.63807009259535,-117.03540739794602,31.692813345485455,33,39,12,11
1483235667669,32.638074376244646,-117.0354219816273,31.647527034747934,33,39,13,11
1483235667780,32.63807873213179,-117.03543672651575,31.611957391007905,33,39,13,11
1483235667923,32.6380918365103,-117.03548155652808,31.448308943995105,33,39,13,11
1483235668090,32.63809623705761,-117.03549671518498,31.391957137804347,34,39,13,11
1483235668206,32.63810064875862,-117.03551196814284,31.33774924817105,33,39,13,11
1483235668338,32.638105082085254,-117.03552732589874,31.28648078118529,33,39,13,11
1483235668426,32.63810950771169,-117.03554279944343,31.238174622978597,33,38,13,11
1483235668571,32.63811393124925,-117.03555836058881,31.187282556735596,32,38,13,11
1483235668720,32.63811834993628,-117.03557401745786,31.133483483803367,32,38,13,11
1483235668956,32.638135940719884,-117.03563770443952,30.928280860108373,31,37,13,11
1483235669070,32.63814031844978,-117.03565385802634,30.872247879716923,31,37,13,11
1483235669203,32.638144665796325,-117.0356701170165,30.81776045817857,31,36,13,11
1483235669314,32.63814900281236,-117.03568648637209,30.765975591167983,30,36,13,11
1483235669395,32.63815332888557,-117.03570294052743,30.719143427992762,30,36,13,11
1483235669538,32.6381576116673,-117.03571946407702,30.664449860148615,29,35,13,11
1483235669688,32.6381618801009,-117.03573605539393,30.613924054276605,29,35,13,11
1483235669911,32.63817451678664,-117.0357863803649,30.45805917070648,29,35,13,11
1483235670098,32.63817869489727,-117.03580333381392,30.40159772091672,28,34,13,11
1483235670210,32.63818285026443,-117.03582043466729,30.34658038833211,28,34,13,11
1483235670327,32.63818700472727,-117.03583764222414,30.29057258297911,28,34,13,11
1483235670540,32.63820358204403,-117.03590754297647,30.050078613325567,28,34,13,11
1483235670653,32.63820768114705,-117.03592530384395,29.995483571644098,28,34,13,11
1483235670818,32.638211763309016,-117.03594316778839,29.942223657222765,28,34,13,11
1483235670932,32.63821585178308,-117.03596111431283,29.885727088401055,29,34,14,11
1483235671119,32.63821992759181,-117.03597915619936,29.828367389972822,29,34,14,11
1483235671240,32.63822396935415,-117.03599726453294,29.7706128622333,29,35,14,11
1483235671417,32.63824004846252,-117.03607049126416,29.533978604231052,30,35,14,11
1483235671547,32.63824399521536,-117.03608894261252,29.468599908964293,30,36,14,11
1483235671657,32.638247933242184,-117.03610744383711,29.402655454010667,30,36,14,11
1483235671793,32.63825183424975,-117.03612609116156,29.34092769712313,30,36,14,11
1483235672125,32.63826690939065,-117.03620086556039,29.08139021194306,32,37,14,11
1483235672236,32.638270540609874,-117.03621963010616,29.011600132570482,32,37,14,11
1483235672351,32.63827414069771,-117.03623855082208,28.95277348393604,32,38,14,11
1483235672461,32.638277661939604,-117.03625741753096,28.90101087199972,32,38,14,11
1483235672619,32.63828114954462,-117.03627628503389,28.84357782396966,32,38,14,11
1483235672733,32.63828457773748,-117.0362951606699,28.782714363121897,33,38,14,11
1483235672939,32.63829457681319,-117.03635198909461,28.595696185011864,32,38,14,11
1483235673057,32.63829778859248,-117.03637091901066,28.537190736482245,32,37,14,11
1483235673167,32.638300939150646,-117.03638986287878,28.477122681783513,31,37,13,11
1483235673280,32.63830404510816,-117.03640883943875,28.41445302566933,31,37,13,11
1483235673360,32.63830711611315,-117.03642786845273,28.3546015365632,31,37,13,11
1483235673536,32.638310147568596,-117.03644692854688,28.290386957185074,31,37,13,11
1483235673652,32.638313113748694,-117.03646617621257,28.224313803416266,31,37,13,11
1483235673762,32.63831604294581,-117.03648532434433,28.160361206688897,31,37,13,11
1483235673994,32.638324595166694,-117.0365430161611,27.960830823975872,30,36,14,11
1483235674121,32.63832736202754,-117.03656235105544,27.9002042917934,29,35,14,11
1483235674237,32.63833007400192,-117.03658172455938,27.839975102674305,28,34,14,11
1483235674353,32.63833272868627,-117.0366011453628,27.776762333987225,28,34,14,11
1483235674435,32.638335328714604,-117.03662062244719,27.71771314185085,27,33,14,11
1483235674617,32.63833785835001,-117.0366401396436,27.658574855162087,27,33,14,11
1483235674829,32.63834733726222,-117.0367187455717,27.42467665849418,25,31,14,11
1483235674963,32.63834951528054,-117.03673853651765,27.362104488263196,26,31,14,11
1483235675105,32.638351595347416,-117.03675840376233,27.30124809017731,26,31,14,11
1483235675249,32.638353580995805,-117.0367783254839,27.235256868666852,26,31,14,11
1483235675362,32.63835549717843,-117.03679831458149,27.16895686175254,26,32,14,11
1483235675474,32.638357302719925,-117.03681838881577,27.10112907317752,27,32,14,11
1483235675759,32.63836361396492,-117.03689924911646,26.808938183668314,28,33,14,11
1483235675968,32.63836493337335,-117.03691966108028,26.753752134196557,28,33,14,11
1483235676236,32.638369135692884,-117.03700186547452,26.496222092808022,31,35,14,11
1483235676316,32.63836994483041,-117.03702256806821,26.42898485467682,31,35,14,11
1483235676456,32.63837066394942,-117.03704334312734,26.36251819193091,32,36,14,11
1483235676605,32.63837129937873,-117.03706417633447,26.294387464610278,32,36,14,11
1483235676715,32.63837185609754,-117.03708506562695,26.222248163425288,33,36,14,11
1483235676855,32.63837236209087,-117.0371060308307,26.15333941061781,33,37,14,11
1483235677138,32.638373932136005,-117.03719045346652,25.88057201968365,34,38,14,11
1483235677248,32.638374293471706,-117.03721173404203,25.823105001450735,34,38,14,11
1483235677332,32.638374648027835,-117.0372330442564,25.756444008875953,34,38,14,11
1483235677475,32.63837496448925,-117.03725442480794,25.683352094397225,34,39,14,11
1483235677623,32.63837525868013,-117.03727586782617,25.6130697673254,34,39,14,11
