1612484687522,32.78472189362295,-117.25293178564908,-32.2754386912901,83,122,15,11
1612484687605,32.78471521681506,-117.25292986390576,-32.28806301241229,83,123,15,11
1612484687824,32.78470842617642,-117.25292786767662,-32.29669920752937,83,123,15,11
1612484687919,32.784701541802285,-117.25292578245022,-32.30801890087852,83,122,15,11
1612484687998,32.78469453730119,-117.2529236756064,-32.311641610411726,83,122,15,11
1612484688087,32.784687426874335,-117.25292156811196,-32.31364462698339,83,122,15,11
1612484688177,32.78468021904212,-117.25291942057571,-32.31785943357864,84,122,15,11
1612484688279,32.78467291363492,-117.25291719596832,-32.31814870926208,84,123,15,11
1612484688360,32.78466550079145,-117.25291493493141,-32.3148799373492,84,123,15,11
1612484688455,32.784657986895354,-117.25291265459889,-32.311995513228354,84,122,15,11
1612484688603,32.784650376131815,-117.25291036613562,-32.31111621505399,84,122,15,11
1612484688684,32.78464267157949,-117.25290805963594,-32.31539232318502,84,122,15,11
1612484688836,32.78463487143009,-117.25290569439564,-32.32320114395168,84,123,15,11
1612484688914,32.7846269586163,-117.25290326117823,-32.328311530618286,85,123,15,11
1612484689005,32.78461890101236,-117.25290079815592,-32.324367269850036,85,123,15,11
1612484689117,32.78461071094899,-117.25289833618454,-32.31700490821989,85,122,15,11
1612484689201,32.78460241296982,-117.25289582855521,-32.30876036236502,85,122,15,11
1612484689303,32.78459400323551,-117.2528932616628,-32.30469924579084,85,123,15,11
1612484689382,32.78458548076685,-117.25289066592771,-32.30680805747779,85,123,15,11
1612484689471,32.78457681785875,-117.25288805730104,-32.302183270737046,85,123,14,11
1612484689614,32.78456801633939,-117.25288543286855,-32.297235489194165,86,123,14,11
1612484689715,32.78455910373719,-117.25288276955422,-32.29293050024947,86,122,15,11
1612484689923,32.78455007522942,-117.25288011158459,-32.29005593014431,86,123,15,11
1612484690013,32.78454092882328,-117.25287744314703,-32.29229872234444,86,123,15,11
1612484690092,32.7845316510753,-117.25287474742241,-32.28885502996389,86,123,15,11
1612484690181,32.78452223108599,-117.25287206057648,-32.27878878747589,86,123,14,11
1612484690261,32.784512727333,-117.2528693450917,-32.275492228993365,87,123,14,11
1612484690364,32.784503143308406,-117.2528666051262,-32.28006708857397,86,123,13,11
1612484690453,32.78449348700699,-117.25286387144845,-32.29117645207622,87,123,13,11
1612484690596,32.78448376477321,-117.25286111086557,-32.299224177600735,87,123,13,11
1612484690681,32.784473975596114,-117.25285836464465,-32.3040272702643,87,123,13,11
1612484690762,32.78446413013237,-117.25285565166497,-32.3023457602893,87,123,13,11
1612484690909,32.784454216717194,-117.25285293054095,-32.288897015721666,87,123,15,11
1612484690994,32.784444264010325,-117.25285023071378,-32.27353904739976,87,123,15,11
1612484691084,32.784434292979434,-117.25284756475696,-32.259944336925194,87,123,15,11
1612484691174,32.784424339420625,-117.25284486938173,-32.25855376777755,87,123,15,11
1612484691256,32.78441437986342,-117.2528421795903,-32.26096545352593,87,123,14,11
1612484691358,32.78440439047838,-117.25283949019074,-32.25965390867156,87,123,14,11
1612484691445,32.78439439096513,-117.25283681704082,-32.25882194870619,87,123,14,11
1612484691590,32.78438441035185,-117.25283417297005,-32.26549382143195,87,123,14,11
1612484691765,32.78434425095397,-117.25282389339097,-32.226414938548935,86,123,15,11
1612484691847,32.78433422559372,-117.25282142901835,-32.22528402390456,86,123,15,11
1612484691948,32.784324255481245,-117.25281890380498,-32.24038033310966,86,123,15,11
1612484692049,32.78431422406037,-117.25281645256617,-32.231081315728936,86,123,15,11
1612484692208,32.78430418984923,-117.2528140113621,-32.209853189491604,86,123,15,11
1612484692331,32.784294217328664,-117.25281160436639,-32.20406832569383,86,123,15,11
1612484692415,32.7842843029004,-117.2528091946349,-32.20826530607563,86,123,15,11
1612484692504,32.78427441179595,-117.25280681669676,-32.210908255726295,85,123,15,11
1612484692589,32.78426452591221,-117.25280446647433,-32.20331142968161,85,123,15,11
1612484692741,32.78425468493723,-117.25280215809931,-32.1963176276931,85,123,15,11
1612484692831,32.784244911355884,-117.25279989208858,-32.19833051201633,85,123,15,11
1612484692915,32.784235186990244,-117.25279768472267,-32.2033381359003,85,123,15,11
1612484692998,32.784225498289224,-117.25279552694091,-32.207584759114226,85,123,15,11
1612484693083,32.78421582633289,-117.25279337878058,-32.20102435892294,85,123,15,11
1612484693185,32.78420614318732,-117.25279123020847,-32.185570409782116,85,123,15,11
1612484693332,32.78419651382061,-117.25278921649036,-32.17838321567261,85,123,15,11
1612484693413,32.78418698904221,-117.25278720725015,-32.18875579564102,85,123,15,11
1612484693496,32.7841775688008,-117.25278515053682,-32.21600521978749,85,123,15,11
1612484693578,32.78416815630427,-117.25278316356982,-32.22227520370459,85,123,15,11
1612484693800,32.78415876127588,-117.25278116252231,-32.206868473258425,85,123,15,11
1612484693878,32.784149374043714,-117.25277916978798,-32.17718522467425,84,123,15,11
1612484693962,32.78414004982049,-117.25277720611767,-32.15284821798752,84,123,15,11
1612484694053,32.784130838829334,-117.2527752675598,-32.14388152592026,84,123,15,11
1612484694134,32.78412174653363,-117.2527734015108,-32.15523888162182,84,123,15,11
1612484694268,32.784112700151205,-117.25277150135493,-32.158925548661,84,123,15,11
1612484694386,32.78410368054342,-117.25276961540463,-32.146546861162406,84,123,15,11
1612484694467,32.78409472654234,-117.25276781924093,-32.12781629644024,84,123,15,11
1612484694547,32.78408585810171,-117.25276606578223,-32.11748274133821,84,123,15,11
1612484694629,32.78407706216973,-117.25276432908954,-32.115603540671636,84,123,15,11
1612484694793,32.784068367606224,-117.25276258270587,-32.11095769413802,84,123,15,11
1612484694870,32.78405974137695,-117.25276090886805,-32.110980081378266,83,123,15,11
1612484694951,32.7840511552106,-117.25275928747952,-32.111762863814924,83,123,15,11
1612484695050,32.784042603851695,-117.25275757985035,-32.09587727637729,83,122,15,11
1612484695134,32.78403414409806,-117.25275589858025,-32.085828250636325,83,122,15,11
1612484695239,32.7840258328499,-117.25275430009417,-32.09893161343923,83,122,15,11
1612484695384,32.78401763567736,-117.25275273697895,-32.12410864322125,83,122,15,11
1612484695464,32.784009464072554,-117.25275117210334,-32.135216552570924,83,122,15,11
1612484695559,32.78400129880339,-117.25274955955311,-32.11792750508522,83,122,15,11
1612484695640,32.78399318476362,-117.25274795047363,-32.08794132213214,82,122,15,11
1612484695865,32.783985145375205,-117.25274642789043,-32.066921964668104,82,122,15,11
1612484695948,32.78397722595163,-117.25274493935372,-32.067343568623215,82,122,15,11
1612484696029,32.783969413679685,-117.2527434274327,-32.07397165787046,82,122,15,11
1612484696115,32.783961664543405,-117.25274197399783,-32.07977745488607,82,122,15,11
1612484696196,32.78395394801183,-117.25274058659248,-32.08105426679045,82,122,15,11
1612484696303,32.78394627632775,-117.25273918699096,-32.07033732974549,82,122,15,11
1612484696373,32.783938675567605,-117.25273779208764,-32.05538242915834,82,122,15,11
1612484696529,32.78393115748319,-117.25273647607938,-32.048966812052946,82,122,15,11
1612484696611,32.783923732329335,-117.25273516548066,-32.05426235771999,82,122,15,11
1612484696694,32.78391641045504,-117.2527338387555,-32.06508239886443,82,122,15,11
1612484696871,32.783909130366325,-117.25273251485282,-32.069916713886705,82,122,15,11
1612484696949,32.78390192742941,-117.25273123297768,-32.07255854582972,82,122,15,11
1612484697039,32.78389472749679,-117.25272992782142,-32.054694041983524,82,122,15,11
1612484697128,32.783887591014526,-117.25272856579498,-32.036566745549074,82,122,15,11
1612484697213,32.7838805656901,-117.25272728962332,-32.03174694045845,82,122,15,11
1612484697304,32.78387363848022,-117.25272611337718,-32.019353297941734,82,122,15,11
1612484697407,32.783866845212444,-117.25272494740565,-32.038042090361635,82,122,15,11
1612484697482,32.78386010773124,-117.25272380608043,-32.05194087761515,81,122,15,11
1612484697639,32.78385343426025,-117.25272263805083,-32.05436496137828,82,122,15,11
