1621188463320,32.76031976236888,-117.17112097196969,-24.43748861218887,36,90,12,11
1621188463487,32.76031322567738,-117.17115101535201,-24.422063804210737,36,90,12,11
1621188463659,32.76030669425144,-117.17118108034298,-24.404577613983673,36,90,12,11
1621188463849,32.76028040174923,-117.17130132103172,-24.32073916395134,36,90,12,11
1621188463965,32.760273777764205,-117.17133134877889,-24.30358604078117,36,90,12,11
1621188464077,32.76026714777015,-117.17136142618254,-24.27845594863035,37,90,12,11
1621188464194,32.76026048162551,-117.171391486799,-24.25578341322737,36,90,12,11
1621188464283,32.76025379840824,-117.17142154645745,-24.2348043306269,37,90,12,11
1621188464526,32.76023363380587,-117.17151175196436,-24.14902548458767,38,91,12,11
1621188464641,32.76022686356572,-117.17154189108183,-24.11666847489032,38,91,12,11
1621188464806,32.76022007259889,-117.17157204526018,-24.09064700962431,38,91,11,11
1621188464942,32.76021324569227,-117.1716022570283,-24.05959669722286,39,92,9,11
1621188465057,32.76020643744844,-117.17163241983788,-24.036723305120514,39,92,11,11
1621188465167,32.76019964019936,-117.17166265541367,-24.00712141679701,40,92,11,11
1621188465420,32.760172321958876,-117.1717838246117,-23.907668023721556,41,93,11,11
1621188465532,32.76016550853056,-117.17181419831235,-23.88097889694189,42,93,11,11
1621188465647,32.760158706371016,-117.17184458492706,-23.863397974532436,42,93,11,11
1621188465768,32.76015190165712,-117.17187495821942,-23.85686609024777,43,94,11,11
1621188465908,32.76014506776233,-117.17190539662553,-23.84267562842174,43,94,12,11
1621188466055,32.76013827868742,-117.1719358290183,-23.8328975139502,43,94,12,11
1621188466168,32.760131474621524,-117.17196625460215,-23.835032534686494,43,94,12,11
1621188466315,32.76011118250498,-117.17205754912493,-23.843172369847952,43,94,12,11
1621188466435,32.76010438332998,-117.17208802886354,-23.838649747094884,43,94,12,11
1621188466548,32.76009762559162,-117.1721184716778,-23.839456156854965,43,94,11,11
1621188466662,32.76009087361184,-117.17214890830388,-23.836681936568667,43,94,11,11
1621188466791,32.76008413952169,-117.17217933620319,-23.845040991874484,43,93,11,11
1621188467009,32.76007739032015,-117.17220977365768,-23.848878144032096,42,92,11,11
1621188467123,32.76007062786101,-117.17224020797359,-23.849928606297524,42,92,11,11
1621188467324,32.760043794643934,-117.17236203945724,-23.851861086004757,40,91,11,11
1621188467491,32.76003712250221,-117.17239249616539,-23.853003567400187,41,91,11,11
1621188467607,32.760030482023225,-117.17242295364818,-23.847555115194854,41,91,11,11
1621188467721,32.760023815449244,-117.17245355936437,-23.849075386172927,40,90,11,11
1621188467881,32.76001718920256,-117.17248402624357,-23.861966008598504,40,90,11,11
1621188468015,32.76001055942179,-117.17251451969679,-23.861931445444075,41,91,11,11
1621188468129,32.76000395523972,-117.17254502904782,-23.858695420698112,41,91,11,11
1621188468400,32.75997768983884,-117.1726672200328,-23.868448756642348,41,91,12,11
1621188468574,32.759971136425804,-117.17269776084308,-23.86903271728343,41,91,12,11
1621188468688,32.75996462629177,-117.17272830064533,-23.87289935787835,42,92,12,11
1621188468928,32.75993856825521,-117.17285062398817,-23.886849200012314,41,92,12,11
1621188469009,32.75993206886728,-117.17288116555264,-23.895452284227822,41,91,12,11
1621188469157,32.759925581405355,-117.1729117089692,-23.914091510638045,40,91,12,11
1621188469286,32.75991908838071,-117.17294228679278,-23.927688279150953,40,90,12,11
1621188469436,32.75991259591749,-117.17297285087484,-23.942643343073673,40,90,12,11
1621188469599,32.75990607494998,-117.17300360336668,-23.952333552440532,39,90,12,11
1621188469826,32.75988005846437,-117.17312614701522,-23.992107415932256,40,90,12,11
1621188469942,32.759873541808794,-117.17315683131422,-24.002856803249593,40,90,12,11
1621188470054,32.75986699073296,-117.17318770989263,-24.017164555984582,40,90,12,11
1621188470172,32.759860485058546,-117.17321844016072,-24.022857133650625,40,90,12,11
1621188470285,32.759853956989375,-117.1732492056463,-24.020566881217935,40,90,12,11
1621188470540,32.75984742009308,-117.17327998674877,-24.027237546770248,40,90,12,11
1621188470671,32.75984086294798,-117.17331081656586,-24.023778532107833,40,90,12,11
1621188470713,32.75982109753572,-117.17340364894487,-24.024174940852664,40,89,12,11
1621188470851,32.75981454996174,-117.17343458422431,-24.03342192055041,39,89,12,11
1621188470966,32.759807990307095,-117.1734655572341,-24.041734696514062,39,89,12,11
1621188471051,32.7598014325846,-117.17349655494651,-24.051281317421807,39,89,12,11
1621188471196,32.75979487040002,-117.17352759034043,-24.060836982800126,39,88,12,11
1621188471316,32.759788282424815,-117.17355888863541,-24.077273453065825,38,88,12,11
1621188471485,32.759781738601184,-117.17358997727841,-24.08027370167431,39,88,12,11
1621188471630,32.759775176384665,-117.17362109359622,-24.079255441909638,39,88,12,11
1621188471824,32.75974890041701,-117.17374618902504,-24.091716392706775,40,89,12,11
1621188471938,32.7597423461625,-117.17377751352245,-24.081785915376667,40,90,12,11
1621188472050,32.759735794499974,-117.17380884220519,-24.087054640239206,41,90,12,11
1621188472166,32.75972923859897,-117.17384018927721,-24.096207459170348,41,90,12,11
1621188472247,32.7597226845294,-117.17387155769971,-24.106521587133095,41,90,12,11
1621188472541,32.75971613853172,-117.17390298057607,-24.106921919251608,41,91,12,11
1621188472653,32.759709551386955,-117.17393473258232,-24.109869865351722,41,91,12,11
1621188472701,32.75969013895579,-117.17402937475157,-24.128749803152655,42,91,12,11
1621188472849,32.75968370782069,-117.17406097947499,-24.143145330416644,42,91,12,11
1621188472965,32.75967729180882,-117.1740926199882,-24.156313435369952,41,91,12,11
1621188473044,32.75967091099972,-117.17412430680301,-24.163368712315677,41,91,12,11
1621188473193,32.759664572676144,-117.17415602182597,-24.17988600395754,41,90,12,11
1621188473303,32.75965827258961,-117.17418781686764,-24.189301267029496,40,90,12,11
1621188473502,32.75965201727239,-117.17421963243048,-24.205119355626294,40,90,12,11
