1620001383762,32.835380428553435,-117.21160982862396,71.08031246162989,34,70,12,11
1620001383931,32.83538040985022,-117.21160982140398,71.08188016396552,34,71,12,11
1620001384094,32.835380400337556,-117.2116098305908,71.08191403046072,34,71,12,11
1620001384242,32.83538039328654,-117.21160982916955,71.08186022510539,34,71,12,11
1620001384354,32.835380398512285,-117.21160983244728,71.08251039838079,34,71,12,11
1620001384468,32.83538039856823,-117.2116098230477,71.08289980140803,34,71,12,11
1620001384594,32.83538039614093,-117.21160981623191,71.08128970590566,34,70,12,11
1620001384810,32.83538037664048,-117.21160983018939,71.08174039921049,34,70,12,11
1620001384959,32.835380379413756,-117.2116098136829,71.08305235123186,34,71,12,11
1620001385138,32.835380366636365,-117.2116098135689,71.083079321247,34,71,12,11
1620001385269,32.835380359451186,-117.21160980990628,71.08206051985697,34,71,12,11
1620001385382,32.83538035849305,-117.2116098190811,71.08214060022591,34,71,12,11
1620001385506,32.83538035838399,-117.21160981067541,71.08262508532846,34,71,12,11
1620001385732,32.83538036220352,-117.21160981494162,71.08291189107887,34,71,12,11
1620001385910,32.835380352485956,-117.21160981335629,71.08140363599179,34,71,12,11
1620001386021,32.83538035540469,-117.21160982396957,71.08091926440345,34,71,12,11
1620001386163,32.835380343130645,-117.21160981967442,71.08114060956416,34,71,12,11
1620001386331,32.83538034172743,-117.21160982539665,71.08071208737694,33,70,12,11
1620001386441,32.83538036278204,-117.21160982588943,71.08002220564035,33,70,12,11
1620001386640,32.8353803452834,-117.21160981250154,71.07518239089978,33,69,12,11
1620001386755,32.83538035159651,-117.21160981186908,71.07726902806255,33,69,12,11
1620001386889,32.83538034332746,-117.21160980905364,71.07559411624109,33,69,12,11
1620001387034,32.835380352760964,-117.21160981284103,71.07337501313158,32,69,12,11
1620001387175,32.835380351688556,-117.21160981348459,71.07311227659284,32,69,12,11
1620001387349,32.83538033730177,-117.21160980999612,71.07078918690205,32,68,12,11
1620001387497,32.8353803515072,-117.2116098042479,71.06589008293382,32,67,12,11
1620001387666,32.83538034261016,-117.21160981751567,71.06449785443169,32,67,12,11
1620001387777,32.83538034780177,-117.21160980921697,71.06299669059293,32,67,12,11
1620001387917,32.835380348596594,-117.2116098110786,71.06203378089461,32,67,12,11
1620001388137,32.83538034873664,-117.21160979624071,71.0595002722255,32,67,12,11
1620001388247,32.835380342956306,-117.21160978854198,71.05830718198077,32,67,12,11
1620001388379,32.83538035418414,-117.21160979771653,71.05809182768313,32,67,12,11
1620001388504,32.83538034473306,-117.21160978786152,71.05712100271407,32,67,12,11
1620001388594,32.835380354037504,-117.21160978649262,71.0550673409953,32,67,12,11
1620001388760,32.83538035406329,-117.21160978246728,71.0536139713129,32,67,12,11
1620001388897,32.83538034768623,-117.21160978535316,71.05300842463673,31,66,12,11
1620001389155,32.835380354683736,-117.21160977716485,71.04858970630119,31,66,12,11
1620001389266,32.83538035874219,-117.21160977521846,71.0468641625535,32,67,12,11
1620001389382,32.83538036145006,-117.21160976258922,71.0469699627073,32,67,12,11
1620001389507,32.8353803488136,-117.21160975306117,71.04404388411953,32,67,12,11
1620001389597,32.83538036049619,-117.21160974497451,71.04337534296326,32,67,12,11
1620001389767,32.8353803439419,-117.21160973633935,71.04229227085007,32,67,12,11
1620001389847,32.83538037005831,-117.2116097408414,71.04026997143158,32,67,12,11
1620001390038,32.83538035233757,-117.21160973155044,71.0365680484912,32,68,12,11
1620001390267,32.83538036028959,-117.21160973554903,71.03657643835786,32,68,12,11
1620001390366,32.83538036979844,-117.21160972531841,71.03519165240269,33,68,12,11
1620001390502,32.835380371371194,-117.21160972974285,71.03367099162824,33,68,12,11
1620001390738,32.83538036322576,-117.21160970788269,71.02602665551649,33,68,12,11
1620001390869,32.83538036983783,-117.21160970072262,71.02303299877738,32,68,12,11
1620001391018,32.835380376416985,-117.21160971425883,71.02136609212778,32,67,12,11
1620001391161,32.83538038446166,-117.21160971808119,71.01804701703772,32,67,12,11
1620001391329,32.83538038432269,-117.21160971919134,71.01647673617386,32,67,12,11
1620001391439,32.83538039732548,-117.2116097175364,71.01366898451299,31,66,12,11
1620001391637,32.83538040712812,-117.21160971960636,71.00556433124093,30,65,12,11
1620001391716,32.835380400922915,-117.21160971693747,71.00335728330218,30,64,12,11
1620001391973,32.83538040355804,-117.21160970906493,71.00073681014422,30,64,12,11
1620001392088,32.835380410640674,-117.21160969011173,70.99947673689582,31,65,12,11
1620001392232,32.83538040299454,-117.2116096636077,70.99734902000847,31,66,12,11
1620001392344,32.835380400898835,-117.21160967841102,70.99772653151317,31,66,12,11
1620001392462,32.83538040343469,-117.21160967583626,70.9965915631094,32,66,12,11
1620001392552,32.83538040621297,-117.21160966689943,70.99569598914843,32,66,12,11
1620001392718,32.83538040325802,-117.2116096750213,70.99590361618527,32,66,12,11
1620001392884,32.83538041092645,-117.21160967206399,70.99467617662472,32,66,12,11
1620001392964,32.83538040713944,-117.21160967345467,70.99186392206107,32,66,12,11
1620001393134,32.83538040317416,-117.21160968726707,70.98774410494376,31,65,12,11
1620001393247,32.835380399946516,-117.21160968247591,70.98626260080042,31,65,12,11
1620001393368,32.83538040217786,-117.21160969071023,70.98496158679356,31,65,12,11
1620001393484,32.83538041055905,-117.21160969155382,70.9838966424233,31,65,12,11
1620001393572,32.835380401172905,-117.21160968506486,70.98298884173472,31,65,12,11
1620001393746,32.83538040228692,-117.21160969054884,70.98339470947998,31,65,12,11
1620001394063,32.835380405978476,-117.21160968118895,70.98371843601741,32,66,12,11
