1616534314951,32.8504780422116,-117.2546010571573,-17.732110331450663,35,60,13,11
1616534315067,32.850478039813225,-117.25460106011941,-17.731144108633977,35,59,13,11
1616534315202,32.8504780436893,-117.25460107402388,-17.731189928038134,34,58,13,11
1616534315316,32.85047804425197,-117.2546010770445,-17.73098322764415,34,58,13,11
1616534315435,32.850478046851435,-117.2546010832464,-17.73047338875409,34,57,13,11
1616534315549,32.850478053534445,-117.25460109015881,-17.730087146361594,33,57,13,11
1616534315802,32.8504780630858,-117.25460111488655,-17.72866024884167,32,55,13,11
1616534315966,32.85047806843228,-117.25460112278482,-17.728370079554377,32,55,13,11
1616534316083,32.850478073073255,-117.25460112742817,-17.7278916602521,32,55,13,11
1616534316219,32.8504780637146,-117.25460112424186,-17.727525468436898,32,54,13,11
1616534316333,32.85047806935641,-117.25460112658578,-17.72744492029764,33,55,14,11
1616534316445,32.85047807164848,-117.25460113264423,-17.726541793853077,33,55,14,11
1616534316591,32.85047807369572,-117.25460115333249,-17.725162407470716,33,55,14,11
1616534316745,32.85047806872985,-117.25460115554837,-17.724769643271177,33,55,14,11
1616534316949,32.85047807538818,-117.25460115938918,-17.724807033795337,33,55,14,11
1616534317055,32.85047807534462,-117.25460116151605,-17.72492329696614,33,55,13,11
1616534317138,32.85047806979938,-117.25460116821093,-17.724319373162892,33,55,13,11
1616534317310,32.85047808195152,-117.25460117071233,-17.724898967406,33,55,13,11
1616534317423,32.850478077427745,-117.25460117153152,-17.72402599680939,33,54,13,11
1616534317601,32.850478091633825,-117.25460117714495,-17.72412258863852,33,54,13,11
1616534317737,32.85047809053591,-117.25460117985465,-17.72417845895388,33,54,13,11
1616534317914,32.850478093737514,-117.25460118496565,-17.723639609450316,33,54,13,11
1616534318058,32.85047809828204,-117.25460118075175,-17.724003809453134,33,54,13,11
1616534318155,32.85047809981139,-117.25460118732947,-17.724584525247426,33,54,13,11
1616534318401,32.850478088878255,-117.25460118034641,-17.723073131229217,34,55,14,11
1616534318539,32.85047808408909,-117.25460117417934,-17.72345570472742,34,55,14,11
1616534318710,32.85047808831832,-117.25460116828695,-17.723469130751234,34,55,14,11
1616534318969,32.85047808396528,-117.25460116839832,-17.722797970882972,35,56,14,11
1616534319120,32.85047808887695,-117.25460116362574,-17.72321102337532,36,57,14,11
1616534319235,32.85047809124666,-117.25460116290772,-17.72336742821172,36,57,14,11
1616534319345,32.85047810171854,-117.25460116067036,-17.723265706673352,36,57,14,11
1616534319458,32.85047810097524,-117.25460116072306,-17.72338488603294,36,57,14,11
1616534319540,32.85047810685773,-117.2546011635949,-17.723203078985602,36,57,13,11
1616534319705,32.85047810095047,-117.25460116013737,-17.7239493871524,36,57,13,11
1616534319945,32.8504781223626,-117.25460116277878,-17.72520023794388,36,57,13,11
1616534320057,32.85047812200148,-117.25460116289268,-17.724763260512667,36,58,13,11
1616534320208,32.85047812293532,-117.25460115912888,-17.72596017305212,36,58,13,11
1616534320323,32.850478131838734,-117.25460115816357,-17.72626630314501,36,58,13,11
1616534320438,32.85047814282058,-117.25460115138785,-17.726413146028083,36,58,13,11
1616534320603,32.850478144656684,-117.25460115123283,-17.726887475579613,36,58,13,11
1616534320738,32.85047816165041,-117.25460115017692,-17.7270484102328,36,58,13,11
1616534320859,32.850478161771186,-117.25460114585707,-17.72738019283053,36,58,13,11
1616534321005,32.85047816426413,-117.25460114696584,-17.7273775136585,36,58,13,11
1616534321196,32.85047817503042,-117.25460114519403,-17.727778187993227,36,58,13,11
1616534321306,32.85047817840153,-117.25460113492107,-17.72854394631905,36,58,13,11
1616534321451,32.850478193011405,-117.25460114023525,-17.728734445030376,35,58,13,11
1616534321625,32.850478194173405,-117.25460113787746,-17.729235123809563,35,58,13,11
1616534321796,32.85047818937357,-117.25460113349267,-17.729127802469083,36,58,13,11
1616534321886,32.85047819185399,-117.25460113935291,-17.728440059260876,36,58,13,11
1616534322039,32.85047820055573,-117.25460113160348,-17.729143572431532,36,58,13,11
1616534322201,32.85047819549774,-117.25460113343637,-17.729384983879317,36,58,13,11
1616534322386,32.85047819199566,-117.25460114279952,-17.727406837792042,36,58,13,11
1616534322522,32.85047818775776,-117.2546011447843,-17.728653458855394,36,58,13,11
1616534322688,32.850478189184905,-117.25460114471146,-17.727498128762434,36,58,13,11
1616534323009,32.850478196347716,-117.25460115080978,-17.72711458605201,35,57,13,11
1616534323125,32.850478194032746,-117.25460116668148,-17.72659023656046,34,57,13,11
1616534323242,32.850478206659034,-117.25460116870244,-17.72625629483208,34,57,13,11
1616534323355,32.85047819617881,-117.25460116521052,-17.726394658459885,34,56,13,11
1616534323467,32.85047819886376,-117.25460117393226,-17.725006937873488,34,56,13,11
1616534323547,32.85047818988127,-117.25460117125418,-17.725284594777825,34,56,13,11
1616534323713,32.85047818838043,-117.25460117231935,-17.724899007745112,34,56,13,11
1616534323848,32.85047818357046,-117.25460117446725,-17.724280730419107,34,56,13,11
1616534324010,32.85047817394145,-117.25460118327047,-17.721728418500064,35,57,14,11
1616534324131,32.85047817371403,-117.25460118286038,-17.722038797081275,35,57,14,11
1616534324253,32.850478175560504,-117.25460118526638,-17.722054870387478,35,57,14,11
1616534324366,32.850478170757434,-117.2546011899365,-17.7205884144703,35,57,14,11
1616534324492,32.85047817119403,-117.25460119543199,-17.719864318639434,35,57,14,11
1616534324759,32.850478175515995,-117.25460120539125,-17.71848090243057,35,57,14,11
1616534324955,32.850478179116635,-117.25460120324998,-17.717955095300713,35,57,14,11
1616534325093,32.85047817453704,-117.2546012028609,-17.717691821704857,35,57,14,11
