1612485188683,32.812926854271005,-117.26014658901224,20.46369355653467,85,123,15,11
1612485188798,32.81293987229644,-117.26014099962951,20.53861706302965,85,123,15,11
1612485188878,32.812952962661484,-117.260135390018,20.61662882682125,85,123,15,11
1612485188993,32.812966123772654,-117.2601297504354,20.723803796213684,85,123,15,11
1612485189081,32.81297936917896,-117.26012401995948,20.865671944471853,85,123,15,11
1612485189151,32.812992717269395,-117.26011822010325,21.029800132470935,85,123,15,11
1612485189304,32.81300614345076,-117.26011244390467,21.18128511065517,85,123,15,11
1612485189404,32.813019632549725,-117.26010670124785,21.308638453683013,85,123,15,11
1612485189574,32.81303320434659,-117.26010095589906,21.43640850984909,84,123,15,11
1612485189653,32.813046835504814,-117.26009518020214,21.577117685536553,84,123,15,11
1612485189779,32.8130605343492,-117.26008940418426,21.730068760987844,84,123,15,11
1612485189930,32.8130743211163,-117.26008357982253,21.901888125413464,84,123,15,11
1612485190021,32.81308817033899,-117.26007783462394,22.07226449511279,84,123,15,11
1612485190117,32.81310206683881,-117.26007211832851,22.232935938718853,84,123,15,11
1612485190210,32.813115998792455,-117.26006638584815,22.403704727468842,84,122,15,11
1612485190327,32.81312996252195,-117.26006076068577,22.562384865635007,83,122,15,11
1612485190445,32.81314397445406,-117.26005512129814,22.747117350492207,83,122,15,11
1612485190526,32.81315803658711,-117.26004960688473,22.93388858914224,83,122,15,11
1612485190639,32.81317215553897,-117.26004412224252,23.119187994317638,83,122,15,11
1612485190720,32.813186298066015,-117.26003871323988,23.29542592300881,83,122,15,11
1612485190839,32.81320042117365,-117.26003323137509,23.45549180366698,83,122,15,11
1612485190929,32.8132146041493,-117.26002775538103,23.636855610587965,83,122,15,11
1612485191012,32.813228803719305,-117.26002235767886,23.82058792743328,83,122,15,11
1612485191123,32.81324298796042,-117.26001702631802,23.989670291948887,83,122,15,11
1612485191217,32.81325722076287,-117.2600118201703,24.175035860570112,83,122,15,11
1612485191298,32.813271456893965,-117.2600065792414,24.388403425888352,83,122,15,11
1612485191393,32.813285716936285,-117.26000137047285,24.60359095730614,82,122,15,11
1612485191472,32.813300032544525,-117.25999615803572,24.8293463126914,82,122,15,11
1612485191641,32.81331440593085,-117.25999105295554,25.036781014115633,82,122,15,11
1612485191722,32.813328775569744,-117.25998607622562,25.208227086358065,82,122,15,11
1612485191863,32.8133431912627,-117.25998120176779,25.38171440839964,82,122,15,11
1612485192003,32.813357658452595,-117.25997637140397,25.56938095801674,82,122,15,11
1612485192096,32.81337214875311,-117.25997153690732,25.752725420413743,82,122,15,11
1612485192256,32.8134304244732,-117.25995265564121,26.44040853551601,81,122,15,11
1612485192349,32.813445062668805,-117.25994809231368,26.605301527425954,81,122,15,11
1612485192472,32.81345975276542,-117.25994353284851,26.776636272945435,81,122,15,11
1612485192558,32.81347447396683,-117.25993901862711,26.950930504867838,81,122,15,11
1612485192685,32.81348924585349,-117.25993454929869,27.123424115002727,81,122,15,11
1612485192776,32.81350405517178,-117.25993013619879,27.290122454091833,81,122,15,11
1612485192861,32.813518889384554,-117.2599257596347,27.452453634395237,81,122,15,11
1612485193001,32.81353378544337,-117.25992142174465,27.620953944806313,81,122,15,11
1612485193085,32.81354872007844,-117.25991713855461,27.79388027384822,81,122,15,11
1612485193164,32.813563721403916,-117.25991288353299,27.96439782044998,81,122,15,11
1612485193308,32.813578766842944,-117.25990868627206,28.130389832660768,81,122,15,11
1612485193389,32.81359385283057,-117.25990456363854,28.29212367046143,81,122,15,11
1612485193495,32.81360897702726,-117.25990046821467,28.455617871604,81,122,15,11
1612485193590,32.81362417762647,-117.2598964529296,28.62227983599812,80,122,15,11
1612485193715,32.8136394543272,-117.25989251032284,28.791836178404324,80,121,15,11
1612485193867,32.8136548196105,-117.25988866234545,28.9615994585259,80,121,15,11
1612485193948,32.813670154988465,-117.25988486523207,29.103918734442054,80,121,15,11
1612485194060,32.8136855015784,-117.25988116373355,29.231152628715673,80,121,15,11
1612485194145,32.81370093134995,-117.25987743848901,29.405808014180614,80,121,15,11
1612485194239,32.813716399778066,-117.25987380139628,29.577706321818802,80,121,15,11
1612485194311,32.81373196387862,-117.25987022113699,29.75031463820242,80,121,15,11
1612485194532,32.813747559143074,-117.25986669674371,29.913825102807554,80,121,15,11
1612485194639,32.81376316082252,-117.25986315389318,30.06562327728967,80,121,15,11
1612485194718,32.81377878029188,-117.2598596468756,30.218858583284366,80,121,15,11
1612485194844,32.81379442751046,-117.25985620014399,30.3782133812291,80,121,15,11
1612485194939,32.813810093356125,-117.25985279035204,30.545154691148888,80,121,15,11
1612485195021,32.8138257863497,-117.2598494000749,30.71458191269727,80,121,15,11
1612485195134,32.81384142877159,-117.25984599941644,30.876540703589075,80,121,15,11
1612485195216,32.81385707694827,-117.25984261685107,31.043288686946653,80,121,15,11
1612485195308,32.813872707079845,-117.25983925344035,31.21485371570502,80,121,15,11
1612485195380,32.813888337761846,-117.25983584875704,31.378447298242392,80,121,15,11
1612485195534,32.81390397246241,-117.25983243273076,31.542553276933965,80,121,15,11
1612485195646,32.813919591114654,-117.25982898997445,31.708836910468886,79,121,15,11
1612485195730,32.81393514985418,-117.25982553748234,31.87564922533508,79,121,15,11
1612485195850,32.81395067434677,-117.25982203850366,32.045507268519934,79,121,15,11
1612485196004,32.81396615714612,-117.25981850738346,32.21470686178784,79,121,15,11
1612485196086,32.813981615693095,-117.25981494790204,32.38589971854394,79,121,15,11
1612485196188,32.813997024096736,-117.25981133159804,32.55506223816805,79,121,15,11
1612485196295,32.81401239505051,-117.25980778220527,32.72272056551692,79,121,15,11
1612485196376,32.81402771349544,-117.2598041808824,32.89149628974855,79,121,15,11
1612485196521,32.814043000137005,-117.25980057083174,33.063855743592214,79,121,15,11
1612485196602,32.81405826929273,-117.25979699143754,33.23473998532571,79,121,15,11
1612485196710,32.81407352433606,-117.25979347597993,33.40348064990257,79,121,15,11
1612485196789,32.814088768944416,-117.2597900304361,33.574730728207044,79,121,15,11
1612485196910,32.81410404680047,-117.25978661894075,33.747464736758964,79,121,15,11
1612485197001,32.8141192876975,-117.25978321366019,33.92154301963763,79,121,15,11
1612485197095,32.814134532006584,-117.25977982204599,34.094398506129714,79,121,15,11
1612485197242,32.814195686910615,-117.25976659572038,34.802799699823844,79,121,15,11
1612485197352,32.81421100639238,-117.25976334082766,34.97743109252448,79,121,15,11
1612485197466,32.81422634288052,-117.2597601243158,35.1503363833841,79,121,15,11
1612485197545,32.81424170878096,-117.25975692756215,35.327955758172784,79,121,15,11
1612485197693,32.81425710899199,-117.25975373976712,35.5045920276051,79,121,15,11
1612485197851,32.814272508113966,-117.25975055529736,35.67017677158402,80,121,15,11
1612485197932,32.81428794463831,-117.25974737529187,35.83216755944416,79,121,15,11
1612485198036,32.814303370526005,-117.25974416872597,36.00377847339606,79,121,15,11
1612485198130,32.81431883621428,-117.25974097416443,36.17451877104408,79,121,15,11
1612485198205,32.814334315069075,-117.2597377868085,36.33770970871241,80,121,15,11
1612485198359,32.81434979427365,-117.25973466489533,36.4891627385829,80,121,15,11
1612485198451,32.81436530247976,-117.25973155378979,36.644962070335175,80,121,15,11
1612485198557,32.81438087982746,-117.25972844846939,36.806486756325405,79,121,15,11
1612485198639,32.8143964251985,-117.25972536745438,36.960244431365794,80,121,15,11
1612485198755,32.81441196449981,-117.25972235251525,37.11670674685119,80,121,15,11
1612485198853,32.814427544392906,-117.25971932179831,37.28179120355656,80,121,14,11
