4925066102677,32.95336656662799,-117.1912930166211,18.731136206767346,79,122,15,11
4925066102761,32.95335480383314,-117.19132624859556,18.691573377720854,79,122,15,11
4925066102841,32.95334303059643,-117.19135943721662,18.649141758379887,79,122,15,11
4925066102942,32.95333127057224,-117.19139267156443,18.62100827957636,79,122,15,11
4925066103086,32.953319554028546,-117.19142591524174,18.594041102915202,79,122,15,11
4925066103176,32.953307886726705,-117.19145917453635,18.569822890821847,79,122,15,11
4925066103263,32.953296299273426,-117.19149242818486,18.539867170360207,79,122,15,11
4925066103335,32.9532848027668,-117.19152571185438,18.516144421821952,79,122,15,11
4925066103437,32.95327341156314,-117.19155902674622,18.490036955292396,79,122,15,11
4925066103607,32.953262107657714,-117.19159233094445,18.4601079139658,79,122,15,11
4925066103685,32.953250911131505,-117.1916256676903,18.435817731832746,79,122,15,11
4925066103769,32.95323979158436,-117.19165901934605,18.413297000514422,79,122,15,11
4925066103851,32.953228712152985,-117.19169236754409,18.391531214112735,79,122,15,11
4925066103942,32.95321765539457,-117.19172569205108,18.36560369549681,79,122,15,11
4925066104086,32.953206595112555,-117.19175897998423,18.339809900935983,78,122,15,11
4925066104182,32.95319552659984,-117.19179224618692,18.318910021084687,78,122,15,11
4925066104327,32.953184478231016,-117.19182550081351,18.304982239077248,78,122,15,11
4925066104399,32.95317341783348,-117.19185872436121,18.29178340318445,78,122,15,11
4925066104495,32.95316234652458,-117.19189192059665,18.280734332600147,78,122,15,11
4925066104651,32.953151265194634,-117.19192512419826,18.26972969590998,78,122,15,11
4925066104752,32.9531401997026,-117.1919582662085,18.24558000455247,78,121,15,11
4925066104833,32.95312914041245,-117.191991382672,18.226923467903926,78,121,15,11
4925066104916,32.953118099857235,-117.1920245217499,18.219083241578637,78,121,15,11
4925066105013,32.95310710266026,-117.19205764791322,18.215323715096925,78,121,15,11
4925066105163,32.953096120045814,-117.19209078553605,18.21606103151529,78,121,15,11
4925066105242,32.95308516334926,-117.19212391349994,18.214158680400537,78,121,15,11
4925066105324,32.95307419130317,-117.1921569943331,18.20577176855708,78,121,15,11
4925066105404,32.9530632431883,-117.19219007459752,18.19783530346969,78,121,15,11
4925066105521,32.95305230520723,-117.19222314236463,18.19806515156444,78,121,15,11
4925066105650,32.95304135629113,-117.19225623503617,18.207212018421615,78,121,15,11
4925066105742,32.953030394509504,-117.19228929755229,18.210025974734283,78,121,15,11
4925066105833,32.95301941680712,-117.19232236656242,18.21437553965168,78,121,15,11
4925066105973,32.95300843598019,-117.1923554322852,18.216597193057222,78,121,15,11
4925066106144,32.95296452363108,-117.19248761762744,18.242575618040956,78,121,15,11
4925066106233,32.95295355418641,-117.19252065409383,18.25319300518345,78,121,15,11
4925066106401,32.95294258602828,-117.19255366816056,18.26527671355599,78,121,15,11
4925066106505,32.95293159870709,-117.1925866991788,18.282008161100713,78,121,15,11
4925066106584,32.952920618055714,-117.19261971047936,18.299143685279066,78,121,15,11
4925066106665,32.95290963823365,-117.19265272428592,18.3181548796882,78,121,15,11
4925066106745,32.95289866056007,-117.19268571295072,18.332406021856553,78,121,15,11
4925066106841,32.95288770066531,-117.19271869542403,18.348263441125365,78,121,15,11
4925066106990,32.95287674625562,-117.19275167808453,18.368889179510976,78,121,15,11
4925066107081,32.95286581152055,-117.19278466523052,18.391957799872994,78,121,15,11
4925066107170,32.95285489301166,-117.19281767151192,18.419405754036372,78,121,15,11
4925066107247,32.95284396963749,-117.19285065738647,18.441761078879185,78,121,15,11
4925066107355,32.95283303551191,-117.1928836218582,18.46286034759744,78,121,15,11
4925066107511,32.95282208110557,-117.1929165669116,18.48600699516017,78,121,15,11
4925066107601,32.95281110949572,-117.1929494947841,18.509470986493387,78,121,15,11
4925066107684,32.95280013795943,-117.19298240185344,18.533511342146753,78,121,15,11
4925066107766,32.95278916141229,-117.19301529653303,18.559543450392827,78,121,15,11
4925066107858,32.95277818864899,-117.19304819880851,18.59630285481158,78,121,15,11
4925066107998,32.95276721826413,-117.19308109532233,18.630460559621184,78,121,15,11
4925066108088,32.952756228238336,-117.19311396594001,18.661420820437705,78,121,15,11
4925066108234,32.95274524574844,-117.19314683168898,18.696693858642018,78,121,15,11
4925066108308,32.95273425733213,-117.19317971536408,18.733329452416847,78,121,15,11
4925066108402,32.95272325793242,-117.19321256923219,18.76866674280742,78,121,15,11
4925066108500,32.952712236913406,-117.19324545590912,18.81223320834134,78,121,15,11
4925066108665,32.95270121336084,-117.1932783346347,18.854272852877244,78,121,15,11
4925066108761,32.95269014297091,-117.19331125554632,18.90264860131722,78,121,15,11
4925066108841,32.95267906708985,-117.19334416940342,18.941792717708815,78,121,15,11
4925066108932,32.9526679707331,-117.19337711644533,18.982535294214475,78,121,15,11
4925066109077,32.952656885851724,-117.19341007885835,19.026641859898977,78,121,15,11
4925066109248,32.952645797992346,-117.19344309578965,19.079475591072146,78,121,15,11
4925066109335,32.952634699041944,-117.19347612269416,19.130269289548412,78,121,15,11
4925066109407,32.95262358632805,-117.19350918047711,19.183235952954814,78,121,15,11
4925066109518,32.952612464892695,-117.19354225305928,19.234044528231696,78,121,15,11
4925066109619,32.95260134091562,-117.1935753471649,19.283045948828285,78,121,15,11
4925066109777,32.95259024558378,-117.1936084815413,19.327807815031345,78,121,15,11
4925066109856,32.952579148873326,-117.19364166328168,19.37658839534938,78,121,15,11
4925066109938,32.95256806666486,-117.19367483477865,19.41368119134374,78,121,15,11
4925066110030,32.95255697582902,-117.19370800423481,19.45381238164431,78,121,15,11
4925066110171,32.952545887008654,-117.19374117991624,19.49341512320887,78,121,15,11
4925066110269,32.95253478636227,-117.1937743110269,19.523149064657712,78,121,15,11
4925066110409,32.95252367468925,-117.19380744858714,19.555659738841467,78,121,15,11
4925066110559,32.95247925114308,-117.19393971905893,19.686349294473764,78,121,15,11
4925066110643,32.95246806174181,-117.19397305557658,19.71426767391406,78,121,15,11
4925066110757,32.95245699512049,-117.19400602710894,19.74644173884173,78,121,15,11
4925066110849,32.95244593840679,-117.19403897924826,19.781752265417353,78,121,15,11
4925066110989,32.95243492120948,-117.19407190433175,19.81851394635868,78,121,15,11
4925066111083,32.952423938057656,-117.19410482512666,19.85393445823933,78,121,15,11
4925066111163,32.95241296951886,-117.19413768939272,19.886827668694384,78,121,15,11
4925066111242,32.95240192736518,-117.19417080659333,19.917851509101787,78,121,15,11
4925066111348,32.95239097858507,-117.19420353163625,19.9503206358245,78,121,15,11
4925066111532,32.95238002399875,-117.1942362290124,19.971903064070226,78,121,13,11
4925066111627,32.95236905839817,-117.19426886355748,19.992855217198116,79,121,11,11
4925066111714,32.95235811246132,-117.19430142524888,20.018534844365053,79,121,7,11
4925066111799,32.95234719279077,-117.19433394172529,20.05401344546035,79,121,7,11
4925066111887,32.952336245634356,-117.19436640734534,20.088105334604215,81,122,0,13
4925066111997,32.952325309866076,-117.19439880026005,20.12284690188035,84,124,0,13
4925066112080,32.95231438756483,-117.19443111461447,20.157576943682372,86,126,0,13
4925066112220,32.95230349315469,-117.19446337739727,20.19491455502725,89,127,0,13
4925066112307,32.95229261357654,-117.19449556632107,20.229599497333652,91,129,0,13
4925066112423,32.952281743347775,-117.1945276676353,20.260129798492574,94,131,0,13
4925066112587,32.952270914768036,-117.19455972110099,20.291703809611153,97,132,0,13
4925066112670,32.95226011313486,-117.19459169790072,20.319573905257162,99,134,0,13
4925066112760,32.952249338627574,-117.19462362027012,20.349286691284288,102,136,0,13
