1483325453406,32.83749397386695,-117.15468836738056,89.53637463989008,82,147,14,11
1483325453543,32.837493174762784,-117.15472201952039,89.53999251604976,82,148,14,11
1483325453658,32.837492473722,-117.15475567072161,89.54488154072429,82,148,14,11
1483325453769,32.83749187243498,-117.15478931274521,89.55198985404628,82,148,14,11
1483325453889,32.837491344825025,-117.1548229456619,89.56294531581494,82,148,14,11
1483325454012,32.83749087762282,-117.15485655280087,89.57650316176854,81,147,14,11
1483325454185,32.83748975991192,-117.15495723528868,89.68390477589884,77,145,14,11
1483325454302,32.83748960004163,-117.15499077230858,89.74469366394749,77,145,14,11
1483325454415,32.83748954961079,-117.15502430436484,89.81002596268374,76,145,14,11
1483325454553,32.83748960619471,-117.15505783284546,89.87271240925156,76,144,14,11
1483325454671,32.83748978032547,-117.15509131896488,89.92322019084959,76,144,14,11
1483325454781,32.837490082844845,-117.15512480572897,89.97623697683377,75,143,14,11
1483325454895,32.837490522497504,-117.15515829892234,90.03991944834304,74,142,14,11
1483325455018,32.83749103261955,-117.1551917864347,90.08434002582443,72,140,14,11
1483325455170,32.83749325467586,-117.15529225382485,90.211610045868,69,136,14,11
1483325455306,32.83749423500153,-117.15532575484359,90.25223188843766,68,135,14,11
1483325455461,32.837495338417554,-117.15535924461915,90.29075912849537,69,135,14,11
1483325455598,32.83749652736119,-117.15539273533089,90.31892566199919,68,133,14,11
1483325455714,32.83749782727989,-117.15542623969199,90.34305891543798,66,131,14,11
1483325455826,32.83749923433525,-117.15545973578573,90.35938082752415,64,129,14,11
1483325455941,32.83750075610876,-117.15549324462114,90.37945680450407,62,126,14,11
1483325456192,32.837507923302084,-117.15562731012973,90.47967286481784,59,121,14,11
1483325456302,32.83750996184283,-117.15566082586818,90.49629375180787,59,120,14,11
1483325456417,32.83751211517286,-117.15569434915189,90.51821696086184,58,119,14,11
1483325456553,32.83751436995548,-117.15572786946387,90.5414882124251,58,118,14,11
1483325456668,32.8375166988288,-117.15576136420555,90.55561051803419,57,117,14,11
1483325456780,32.837519119229896,-117.1557948443819,90.57815352365229,57,116,14,11
1483325456899,32.837521644311735,-117.15582831793247,90.61057301267044,56,114,14,11
1483325457027,32.83752427658439,-117.15586178891296,90.64817993741042,55,112,14,11
1483325457190,32.83753275370543,-117.15596212624558,90.75214205137422,52,107,14,11
1483325457363,32.837535788456954,-117.15599555256887,90.7771780536524,51,106,14,11
1483325457481,32.837538914566366,-117.15602896035747,90.79339061016032,50,104,14,11
1483325457612,32.83754213902454,-117.15606235954274,90.80865048895205,49,102,14,11
1483325457729,32.83754545693548,-117.15609575781392,90.82631508236406,49,101,14,11
1483325457837,32.837548864539286,-117.15612913284778,90.83954045039418,48,100,14,11
1483325458136,32.837563498304185,-117.15626253748981,90.92970047229083,46,95,14,11
1483325458248,32.83756740091089,-117.15629586638624,90.9512149152704,45,95,14,11
1483325458367,32.837571373823856,-117.15632914664366,90.96571656324863,45,94,14,11
1483325458484,32.83757546324295,-117.15636250907491,90.98000878422951,44,94,14,11
1483325458618,32.83757966816006,-117.1563957369969,91.00809054018475,45,94,14,11
1483325458730,32.837583979354406,-117.15642893755413,91.03822847668592,45,94,14,11
1483325458844,32.83758837768884,-117.15646211614911,91.07483920548272,46,94,14,11
1483325459085,32.83760687317123,-117.15659489741525,91.2024309475547,45,93,14,11
1483325459230,32.837611755939065,-117.15662797389446,91.22582792253692,45,93,14,11
1483325459367,32.83761674084951,-117.15666103424914,91.24892409854472,46,93,14,11
1483325459516,32.83762183590959,-117.15669408291869,91.2725553476708,46,93,14,11
1483325459650,32.837627022637434,-117.15672711747325,91.29212260628321,47,94,14,11
1483325459771,32.83763230038512,-117.15676013221075,91.30650989791108,47,94,14,11
1483325460007,32.83765444794892,-117.15689187699715,91.35070096953132,50,96,14,11
1483325460143,32.83766023386084,-117.15692476364752,91.39097293294485,51,96,14,11
1483325460289,32.83766611522303,-117.15695763267664,91.43155560284389,51,96,14,11
1483325460407,32.837672082325476,-117.15699046826896,91.46278085424424,51,96,14,11
1483325460519,32.83767811927088,-117.15702330679295,91.49013905707562,50,96,14,11
1483325460662,32.837684251569556,-117.15705608620276,91.51203660698947,50,96,14,11
1483325460776,32.837690463547986,-117.15708881287553,91.53555012992767,49,96,14,11
1483325460896,32.837696763044356,-117.15712156903233,91.55762783195219,48,96,14,11
1483325461088,32.83772286721197,-117.15725234028814,91.6182387924769,46,95,14,11
1483325461279,32.83772960288047,-117.15728500325822,91.63175699885934,46,95,14,11
1483325461416,32.837736436325834,-117.15731763629412,91.64463806265614,45,95,14,11
1483325461562,32.83774332573491,-117.15735021935593,91.65595417750906,45,95,14,11
1483325461701,32.837750365877866,-117.15738277490581,91.66415201159194,46,96,14,11
1483325461848,32.83777935521838,-117.15751277677104,91.71707711468362,45,96,14,11
1483325462023,32.83778681692296,-117.1575451764902,91.72753388966322,44,96,14,11
1483325462159,32.837794389584374,-117.15757758328974,91.73538197428472,44,96,14,11
1483325462357,32.83780207449186,-117.15760993357509,91.7369513906444,44,96,14,11
1483325462472,32.8378098714255,-117.15764224169236,91.73929537317892,44,96,14,11
1483325462589,32.837817779973044,-117.15767452008252,91.74616980165672,44,96,14,11
1483325462777,32.837850214097855,-117.15780329561369,91.7745701157362,44,96,14,11
1483325462929,32.837858533203956,-117.15783541837831,91.78645857081483,45,96,14,11
1483325463094,32.83786691623061,-117.1578675443975,91.80083068324411,44,96,14,11
1483325463243,32.837892514282395,-117.15796370834067,91.84978221608365,42,93,14,11
1483325463401,32.83790122004359,-117.15799568717009,91.87010144735031,41,92,14,11
1483325463535,32.83791002547555,-117.15802763872584,91.88339178468888,40,91,14,11
