1616698503843,32.87607398019081,-117.22153345304342,66.83199147975526,37,70,9,11
1616698503984,32.87607170782702,-117.22152370738377,66.858900610825,36,70,9,11
1616698504210,32.87606312139813,-117.22148380468117,66.89740027554926,34,67,9,11
1616698504387,32.87606101713498,-117.22147352536696,66.905668758952,33,66,9,11
1616698504479,32.87605893597257,-117.22146314927126,66.92079801992605,32,65,9,11
1616698504627,32.87605690549768,-117.22145264404777,66.94312243706169,32,64,9,11
1616698504913,32.87604899508602,-117.22140983862772,67.01724025429334,31,64,10,11
1616698505024,32.87604702359552,-117.221398905085,67.04137695306346,32,65,10,11
1616698505174,32.876045045543954,-117.22138783404363,67.0667980007419,32,64,10,11
1616698505298,32.87604306153624,-117.22137665955194,67.08958889104105,32,64,10,11
1616698505413,32.87604107580493,-117.22136542290137,67.10924100522536,32,64,10,11
1616698505502,32.87603907018967,-117.22135409491912,67.12446887249862,32,64,10,11
1616698505621,32.876037033052285,-117.2213426775742,67.14163434509256,32,65,10,11
1616698505908,32.876028791680326,-117.22129597925772,67.21808859286153,32,64,10,11
1616698506021,32.87602669308318,-117.22128408457476,67.23511954661365,32,64,10,11
1616698506164,32.87602457288128,-117.22127207876143,67.25194939492614,32,64,10,11
1616698506280,32.87602243629072,-117.22125995086769,67.27128048305981,32,64,10,11
1616698506454,32.87602029021186,-117.22124775120267,67.28975464503569,32,64,10,11
1616698506706,32.876011576304336,-117.22119786572878,67.34774978041763,30,62,10,11
1616698506849,32.87600933328817,-117.22118520495097,67.35861423307797,30,62,10,11
1616698506993,32.8760070870208,-117.22117244108489,67.37354466109862,30,62,10,11
1616698507106,32.87600482326473,-117.22115956396745,67.39792874032067,30,62,10,11
1616698507241,32.876002614685284,-117.22114663032237,67.42341806160977,31,63,10,11
1616698507358,32.876000443382075,-117.22113363002215,67.44598347253822,32,64,10,11
1616698507609,32.87599141060229,-117.22108120489612,67.5271783081642,34,67,10,11
1616698507741,32.875989242805474,-117.22106807249409,67.53454261493475,35,68,10,11
1616698507916,32.8759870854837,-117.22105491285258,67.54913658831299,35,69,10,11
1616698508027,32.87598494551416,-117.22104169556253,67.565885911694,36,69,10,11
1616698508138,32.87598274745371,-117.22102850743346,67.58217714779919,35,69,10,11
1616698508279,32.8759806180881,-117.22101532906561,67.59647007819957,36,70,10,11
1616698508387,32.875974468131375,-117.22097570449864,67.64023742743791,35,69,11,11
1616698508532,32.87597246240202,-117.22096248347016,67.65343575667266,34,68,11,11
1616698508668,32.875970431192066,-117.22094930817198,67.6689984664105,34,68,11,11
1616698508778,32.875968448272054,-117.22093615284155,67.68181257663072,34,68,11,11
1616698508921,32.8759664625223,-117.22092307147118,67.69852249698937,34,69,11,11
1616698509084,32.8759644610183,-117.22090993598377,67.71679558869792,34,69,11,11
1616698509197,32.87596248492182,-117.22089678439582,67.73560230646454,34,69,11,11
1616698509382,32.875954605055234,-117.22084445242527,67.79156802612228,34,68,11,11
1616698509532,32.875952627092914,-117.22083142128619,67.8052417646436,33,68,11,11
1616698509714,32.87595061281337,-117.2208184387096,67.82032450469443,34,68,11,11
1616698509827,32.87594863764868,-117.22080545697033,67.83746992689447,34,68,11,11
1616698509975,32.875946649457916,-117.22079247343838,67.86082632860072,34,68,11,11
1616698510119,32.87594465684736,-117.22077952710963,67.88445607928213,34,69,11,11
1616698510395,32.87593656958337,-117.22072790845701,67.96806614930932,35,70,10,11
1616698510521,32.87593451209907,-117.22071506038816,67.99292043513832,36,71,11,11
1616698510632,32.87593251248932,-117.22070217786782,68.01343737939416,37,72,11,11
1616698510765,32.875930469755104,-117.22068931331088,68.03070905054189,38,73,11,11
1616698511006,32.87592246309623,-117.2206382430489,68.09296368431934,41,77,11,11
1616698511139,32.87592048201903,-117.22062571817384,68.1195944219072,41,78,11,11
1616698511259,32.87591854423245,-117.2206133328747,68.14937453254753,42,78,11,11
1616698511433,32.87591664122615,-117.22060116079854,68.17113152906951,42,78,10,11
1616698511544,32.87591477711778,-117.2205891871202,68.18878091842794,43,79,10,11
1616698511639,32.875912915668415,-117.22057739513922,68.19944065270182,43,80,11,11
1616698511914,32.87590555301203,-117.22053121106784,68.25471796486197,46,82,11,11
1616698512033,32.87590372238058,-117.22051978344768,68.2719206457761,46,82,11,11
1616698512167,32.87590191618337,-117.22050836513966,68.28390992573566,46,82,11,11
1616698512282,32.87590010658844,-117.22049701850945,68.29290107103088,45,81,11,11
1616698512457,32.87589828756286,-117.22048569676431,68.29621823313148,45,81,11,11
1616698512713,32.8758909789046,-117.22044025883186,68.35586434895657,44,79,12,11
1616698512850,32.875889197119974,-117.22042891063693,68.3691569044285,43,79,12,11
1616698512998,32.87588736285505,-117.22041757035491,68.37973428761298,43,78,12,11
1616698513128,32.87588553804009,-117.22040622391536,68.39414164487329,43,78,12,11
1616698513284,32.87588372063149,-117.22039488771148,68.41585092647644,43,78,12,11
1616698513481,32.87587649958992,-117.22034988413341,68.5416532595526,44,79,12,11
1616698513648,32.875874741748625,-117.22033877015312,68.57394659418516,44,79,12,11
1616698513760,32.875873007188076,-117.22032774981051,68.60332198776861,43,78,12,11
1616698513947,32.875871298352784,-117.22031684666823,68.6327932823372,43,78,12,11
