1631740868347,32.79262542225465,-117.06692408634649,95.51746661801351,30,46,14,11
1631740868606,32.79261277972266,-117.06691478413379,95.60761463454207,31,46,14,11
1631740868689,32.792609380265155,-117.06691229002206,95.63459533334274,31,46,14,11
1631740868835,32.79260589569908,-117.06690972544195,95.66407890492998,31,46,14,11
1631740868949,32.79260233699709,-117.06690708717117,95.69482473437316,32,46,14,11
1631740869061,32.792598675172975,-117.06690438900264,95.72576216373174,32,47,14,11
1631740869197,32.79259495368988,-117.06690162579042,95.74612695227351,32,47,14,11
1631740869366,32.79259112711904,-117.06689879492727,95.76912396877427,32,47,14,11
1631740869498,32.79257901048481,-117.06688986436112,95.84977052487405,33,48,15,11
1631740869666,32.7925747704073,-117.06688669608859,95.87815756809314,33,48,15,11
1631740869781,32.79257042094315,-117.06688343428705,95.90788927463346,33,48,15,11
1631740869925,32.79256594008134,-117.0668801268689,95.94122367650631,34,48,15,11
1631740870041,32.79256134108752,-117.06687676422992,95.97843915905041,34,48,15,11
1631740870175,32.792556653636424,-117.06687332630682,96.0171963942962,34,48,15,11
1631740870391,32.79253705910897,-117.06685875305448,96.14575955827439,32,47,15,11
1631740870551,32.79253190153518,-117.06685496281214,96.18375864907263,32,47,15,11
1631740870675,32.79252666609849,-117.06685109118663,96.21996208935869,32,47,15,11
1631740870787,32.79252135100331,-117.06684716114651,96.25450816839624,31,47,15,11
1631740870937,32.792515936084776,-117.06684316955939,96.29125307664052,31,46,15,11
1631740871054,32.79251043481387,-117.06683910454062,96.33175288740257,31,46,15,11
1631740871281,32.792487579311015,-117.06682228304237,96.51666459000012,29,44,15,11
1631740871363,32.792481697427945,-117.06681794261193,96.56080882105528,28,44,15,11
1631740871580,32.79247573620868,-117.06681351374677,96.60367151225394,28,44,15,11
1631740871757,32.792469703820124,-117.06680905275859,96.65454222966329,28,44,14,11
1631740871881,32.79246356328465,-117.06680455029495,96.71018769760697,28,44,14,11
1631740871989,32.79245735979312,-117.06679999874021,96.76396435987127,28,44,14,11
1631740872101,32.792451079751416,-117.06679539730054,96.8213112484515,28,44,14,11
1631740872324,32.79242519395182,-117.0667763475448,97.05336741066587,28,45,14,11
1631740872444,32.79241852596827,-117.06677147640542,97.11236801560617,29,45,14,11
1631740872597,32.79241178748608,-117.06676654046294,97.17297613975887,28,44,13,11
1631740872742,32.79240490250324,-117.06676152601605,97.24405708723195,29,45,13,11
1631740872835,32.79239793408153,-117.06675646241636,97.31514218178438,30,45,13,11
1631740872979,32.792390883121456,-117.06675137006303,97.38464672212785,30,46,12,11
1631740873194,32.79236182675637,-117.06673041165521,97.65265194932987,32,47,11,11
1631740873308,32.79235433913968,-117.06672498234255,97.72427384556346,32,47,11,11
1631740873427,32.79234679573258,-117.06671948338835,97.78588805827076,33,48,11,11
1631740873572,32.79233921378647,-117.06671392451238,97.8447318084086,33,48,11,11
1631740873773,32.79233148442821,-117.06670827647102,97.91225666684767,33,48,12,11
1631740873864,32.792323656523955,-117.0667025734832,97.98705884307046,34,49,12,11
1631740874104,32.792291525262826,-117.06667924217781,98.28970562503844,36,50,15,11
1631740874215,32.792283300055125,-117.066673244788,98.37013735552792,36,50,14,11
1631740874329,32.792275014925735,-117.06666718789572,98.44040458125943,35,50,14,11
1631740874450,32.792266649475216,-117.06666108902512,98.5042698339654,34,49,13,11
1631740874651,32.79225811617056,-117.06665488936565,98.57333196747369,33,48,13,11
1631740874798,32.79224956899342,-117.0666487236052,98.64481869329425,32,47,13,11
1631740874877,32.79224091353919,-117.06664248204912,98.72347335499013,33,47,13,11
1631740875102,32.792205526182556,-117.0666169670775,99.04431712459704,32,47,13,11
1631740875324,32.79219647806546,-117.06661048027892,99.13234567277823,32,47,13,11
1631740875437,32.79218734471534,-117.06660391616748,99.21728272150395,32,47,13,11
1631740875594,32.79215953280012,-117.06658384778636,99.48215959306825,31,47,12,11
1631740875673,32.792150141683436,-117.06657706358885,99.56982147396738,31,47,12,11
1631740875794,32.79214066689268,-117.06657022863261,99.65761829464793,31,46,12,11
1631740875938,32.792131124021175,-117.0665633603467,99.7454299716137,30,46,12,11
1631740876072,32.79212153473423,-117.06655646396567,99.83572506250647,30,46,14,11
1631740876186,32.79211188920625,-117.06654951121257,99.92296702805405,30,46,14,11
1631740876311,32.79210216924206,-117.06654256216878,100.01559573254843,29,45,14,11
1631740876395,32.792092383895636,-117.06653559121986,100.10816000755646,29,45,14,11
1631740876590,32.7920626585884,-117.06651462536267,100.36548678102133,29,45,14,11
1631740876672,32.79205263487095,-117.06650759781034,100.44692445793572,29,44,14,11
1631740876821,32.79204249374946,-117.06650053735581,100.52349374776799,28,44,14,11
1631740876911,32.79203234871069,-117.06649350469009,100.60609596723843,29,44,14,11
1631740877076,32.79202214590244,-117.06648645148279,100.68853546850835,28,44,14,11
1631740877192,32.792011900977016,-117.06647940273598,100.77276828765916,28,44,15,11
1631740877360,32.792001602371144,-117.06647236919852,100.85505744542719,28,44,15,11
1631740877613,32.79195989447194,-117.06644443200084,101.18977159046969,28,44,15,11
1631740877694,32.791949386950854,-117.06643749813527,101.2712489853156,28,43,15,11
1631740877840,32.791938855369274,-117.0664305889975,101.34870885899734,27,43,14,11
1631740877932,32.791928286006176,-117.0664236996756,101.42656455944864,27,42,14,11
1631740878106,32.791917598600925,-117.0664167935002,101.50760193538858,27,42,14,11
1631740878220,32.7919069803156,-117.06640998568076,101.59162500685788,27,42,14,11
1631740878343,32.791896360045364,-117.0664032187587,101.67153047109097,27,42,14,11
1631740878614,32.79185373069863,-117.06637662000416,101.97507175715191,28,43,14,11
