3600047494683,32.87212049080396,-117.2339551833915,48.3372836414792,109,244,8,11
3600047494771,32.87211678186509,-117.2339536902474,48.305079565909395,108,241,8,11
3600047494877,32.87211328285641,-117.23395209281901,48.23517189539776,108,238,8,11
3600047494960,32.87210986674557,-117.23395055768401,48.1763371504944,107,235,10,11
3600047495038,32.87210642834797,-117.23394923672869,48.14771439357764,106,232,9,11
3600047495123,32.87210292677032,-117.23394798412336,48.12333210027345,106,230,9,11
3600047495330,32.87209964762763,-117.23394660287057,48.09541100536035,106,229,9,11
3600047495443,32.87209651187863,-117.23394528053898,48.053133513202134,106,229,10,11
3600047495522,32.87209336182653,-117.23394408837261,48.00567753316425,106,228,10,11
3600047495668,32.8720902048587,-117.23394290741558,47.98128039343614,106,227,10,11
3600047495749,32.872087054344206,-117.23394170863563,47.98539085677384,106,225,10,11
3600047495836,32.87208394600919,-117.23394063105904,47.98782448495345,105,224,10,11
3600047495940,32.87208098063362,-117.23393964261409,47.97305546843329,105,222,10,11
3600047496027,32.87207807925828,-117.23393868595467,47.951733690662415,104,220,10,11
3600047496110,32.87207524059397,-117.23393774193258,47.92877112634517,104,219,10,11
3600047496261,32.87207246269066,-117.23393684507272,47.90549162210427,103,217,11,11
3600047496377,32.87206972805359,-117.23393602481116,47.88352891386325,103,215,11,11
3600047496510,32.87206700405056,-117.2339352602522,47.86294952485257,102,213,11,11
3600047496589,32.87206434210412,-117.2339345304913,47.84222993454423,101,211,11,11
3600047496677,32.87206174080088,-117.23393385232544,47.81968985763305,101,209,11,11
3600047496760,32.87205919735784,-117.23393320693191,47.79747767811953,100,207,11,11
3600047496841,32.87205666995278,-117.23393255791548,47.781305572355215,100,206,10,11
3600047496946,32.87205421851322,-117.23393197499836,47.762362876242904,99,204,9,11
3600047497027,32.872051845780256,-117.23393147059959,47.73584766643444,98,202,9,11
3600047497101,32.872049534203846,-117.23393097302923,47.71180657760811,98,200,9,11
3600047497192,32.87204725578248,-117.23393040118499,47.69266394327073,97,198,9,11
3600047497377,32.872045053140596,-117.23392993128658,47.669411807207446,97,197,9,11
3600047497506,32.872042908617374,-117.23392951664974,47.648929857527484,96,195,9,11
3600047497587,32.87204082029469,-117.23392911379905,47.62523928175337,95,193,11,11
3600047497727,32.87203877935589,-117.23392871962136,47.60265960079691,95,192,9,11
3600047497817,32.87203681769896,-117.23392832929981,47.57731850495652,95,190,9,11
3600047497901,32.87203490920041,-117.23392796783423,47.55298698224629,94,189,9,11
3600047498004,32.87203306227998,-117.23392762203511,47.53089464331846,94,188,9,11
3600047498084,32.87203129500116,-117.2339273262884,47.50661186913726,93,186,9,11
3600047498167,32.872029598772805,-117.23392704820206,47.48154535610391,93,185,9,11
3600047498250,32.87202796275306,-117.23392678572269,47.45703070252287,92,183,9,11
3600047498444,32.872026415726936,-117.23392656140405,47.43310035911631,92,182,9,11
3600047498555,32.87202495967086,-117.23392633827511,47.40834768828939,92,181,9,11
3600047498643,32.872023576863675,-117.23392613752358,47.38312275211537,91,180,9,11
3600047498727,32.87202229168465,-117.23392596246654,47.35744695649227,91,179,9,11
3600047498813,32.87202104754181,-117.23392577284035,47.33246912281321,91,178,9,11
3600047498896,32.872019877591434,-117.23392562503595,47.30822812900793,90,176,9,11
3600047498999,32.87201877030277,-117.2339254970115,47.2850852956409,90,175,9,11
3600047499080,32.872017734937145,-117.23392536170658,47.2622407534541,90,174,9,11
3600047499159,32.872016779205474,-117.23392526969357,47.239373482118566,89,173,9,11
3600047499258,32.8720158630118,-117.23392515129304,47.2206078532564,89,173,9,11
3600047499375,32.87201501472336,-117.23392505412656,47.201564016874606,89,172,9,11
3600047499554,32.872014212909434,-117.23392497823329,47.18241677225775,88,171,9,11
3600047499633,32.87201347506175,-117.23392491134487,47.163052274644194,88,170,9,11
3600047499774,32.872012761032465,-117.23392484042743,47.146893740778175,88,169,9,11
3600047499858,32.87201212735198,-117.23392478576443,47.131176417356784,88,168,9,11
3600047499946,32.87201154632948,-117.2339247607563,47.114363804307814,88,167,9,11
3600047500050,32.87201102231014,-117.23392473459288,47.099550080068596,88,167,9,11
3600047500131,32.87201054503316,-117.23392470241512,47.08603929627311,87,166,9,11
3600047500220,32.87201012757984,-117.23392467117503,47.07265740108315,87,165,9,11
3600047500322,32.87200976978204,-117.23392465292041,47.05962814802062,87,164,9,11
3600047500436,32.87200947281458,-117.23392463633007,47.04821687666131,87,164,9,11
3600047500609,32.87200924034916,-117.23392464730772,47.0369633386444,86,163,12,11
3600047500690,32.87200905508428,-117.23392465304575,47.02782340615265,86,162,12,11
3600047500776,32.87200895199803,-117.23392468575335,47.01915060598838,86,162,12,11
3600047500862,32.872008910595454,-117.2339247123797,47.01216679618098,86,161,12,11
3600047500943,32.872008865694006,-117.23392476468086,47.00414773538091,86,160,12,11
3600047501045,32.87200877578874,-117.23392482179753,46.99971507055927,86,160,12,11
3600047501138,32.87200870455876,-117.23392486304537,46.99694183347123,85,159,13,11
3600047501216,32.872008645465314,-117.23392493172355,46.99403915725373,85,159,13,11
3600047501363,32.87200856132341,-117.23392500595735,46.99421714046545,85,158,13,11
3600047501473,32.87200849657687,-117.23392508211684,46.99321656327812,85,158,13,11
3600047501586,32.87200843270957,-117.23392516479007,46.99368243747318,85,157,13,11
3600047501675,32.872008353823254,-117.2339252464725,46.99671167301075,85,157,13,11
3600047501819,32.87200828463458,-117.23392533315607,47.00065146652601,85,156,13,11
3600047501899,32.87200821071048,-117.23392543947357,47.00587920889896,85,156,14,11
3600047501995,32.87200813403254,-117.23392554823431,47.01330011923041,84,155,14,11
3600047502099,32.872008057081324,-117.23392564455627,47.02302620072962,84,155,14,11
3600047502180,32.87200798560259,-117.2339257550528,47.03343955097794,84,154,14,11
3600047502318,32.872007661418756,-117.23392619091429,47.09687981902831,83,153,14,11
3600047502421,32.87200758131596,-117.2339263111778,47.116415933808696,83,152,14,11
3600047502523,32.8720074953547,-117.23392643769866,47.1372406794803,83,152,14,11
3600047502631,32.87200741445211,-117.23392655939432,47.158904763672176,83,151,14,11
3600047502725,32.87200733335745,-117.23392667079655,47.18169854815413,83,151,14,11
3600047502839,32.87200724972957,-117.23392678336958,47.2050101720533,83,151,14,11
3600047502926,32.872007163186524,-117.23392690311275,47.22871506372116,83,150,14,11
3600047503025,32.872007088470006,-117.23392702507479,47.25312256852038,83,150,14,11
3600047503178,32.87200699829005,-117.23392714573995,47.278251454857035,83,149,14,11
3600047503331,32.872006918972794,-117.23392726393763,47.30347658994216,82,149,14,11
3600047503419,32.87200683865141,-117.23392737716806,47.32910239217961,82,149,14,11
3600047503496,32.872006753680296,-117.23392749398795,47.35523529208364,82,148,14,11
3600047503623,32.87200666422791,-117.23392761558993,47.381588021286625,82,148,14,11
3600047503729,32.87200658130799,-117.23392774026397,47.407549604172665,82,148,14,11
3600047503815,32.872006496928456,-117.23392785705472,47.434015004793,82,147,14,11
3600047503918,32.87200641324963,-117.23392798216108,47.45976015573462,82,147,14,11
3600047504002,32.872006324741506,-117.2339281020788,47.48550969725947,82,147,14,11
3600047504084,32.87200624204362,-117.23392822699547,47.511012354904125,82,147,14,11
3600047504230,32.87200616357634,-117.2339283534069,47.53621675549691,81,146,14,11
3600047504380,32.87200606870481,-117.2339284698955,47.56201677650493,81,146,14,11
3600047504477,32.872005994397085,-117.23392859703424,47.58658176484579,81,146,14,11
3600047504554,32.87200591302424,-117.2339287091803,47.61180634136437,81,145,14,11
3600047504636,32.87200583140539,-117.23392883759111,47.63645420443194,81,145,14,11
3600047504722,32.872005752529084,-117.23392895548292,47.6614966383906,81,145,14,11
