1612484607304,32.791022510160616,-117.25359961743784,-32.280699916129215,80,120,15,11
1612484607382,32.7910225196776,-117.25359962612016,-32.28156105366391,80,120,15,11
1612484607484,32.79102252464431,-117.25359963224047,-32.282316764683586,80,120,15,11
1612484607565,32.791022529780406,-117.25359964075191,-32.2835097694091,80,120,15,11
1612484607636,32.7910225407772,-117.25359964766596,-32.28458259754277,80,120,15,11
1612484607762,32.79102255667329,-117.25359966270356,-32.28709968687389,80,120,15,11
1612484607842,32.791022560315014,-117.25359966426528,-32.28787145896367,80,120,15,11
1612484607946,32.79102256452217,-117.25359966961214,-32.28867359949899,80,120,15,11
1612484608044,32.79102257417998,-117.253599677911,-32.289676068111305,80,120,15,11
1612484608157,32.791022582246605,-117.25359968464016,-32.29083224358336,79,120,15,11
1612484608270,32.79102258255063,-117.25359968930054,-32.29126860690321,79,120,15,11
1612484608350,32.79102259577649,-117.25359969317532,-32.292445330807666,80,120,15,11
1612484608497,32.7910226002581,-117.2535997052428,-32.293004436443645,80,120,15,11
1612484608578,32.79102260947785,-117.25359971077185,-32.29419593026679,80,120,15,11
1612484608697,32.791022621518046,-117.25359971516863,-32.29517057893874,80,120,15,11
1612484608809,32.79102262835236,-117.25359971585402,-32.29606330974962,79,120,15,11
1612484608891,32.7910226353042,-117.25359972351353,-32.297075898304996,79,120,15,11
1612484608987,32.791022649419276,-117.25359973386816,-32.29798519936493,79,120,15,11
1612484609068,32.79102265870824,-117.25359973867305,-32.29893088267638,79,120,15,11
1612484609150,32.791022668769514,-117.25359974176051,-32.29988843051899,80,120,15,11
1612484609272,32.79102268194414,-117.25359974674487,-32.300684517467566,80,120,15,11
1612484609343,32.791022692471735,-117.2535997550442,-32.301395601899614,79,120,15,11
1612484609499,32.791022707715754,-117.25359976256411,-32.30241739467524,79,120,15,11
1612484609580,32.79102272246281,-117.25359977122756,-32.30368828508369,79,120,15,11
1612484609774,32.79102273423399,-117.25359977243338,-32.304255185706175,79,120,15,11
1612484609881,32.791022747014644,-117.25359977701432,-32.30550166886615,79,120,15,11
1612484609961,32.791022756184255,-117.25359978401539,-32.30680514156011,79,120,15,11
1612484610063,32.79102276691836,-117.25359978445246,-32.30708150505931,79,120,15,11
1612484610144,32.79102277557775,-117.25359978715592,-32.30793497119708,79,120,15,11
1612484610247,32.791022785531744,-117.25359979362189,-32.30860092536122,79,120,15,11
1612484610386,32.79102279529689,-117.25359979754,-32.30884899768432,79,120,15,11
1612484610467,32.791022804620454,-117.2535998030984,-32.30959942076988,80,120,15,11
1612484610554,32.79102281218296,-117.25359981226582,-32.310472402994904,80,120,15,11
1612484610633,32.79102282215555,-117.25359981387255,-32.31119738765643,79,120,15,11
1612484610778,32.79102282272956,-117.253599815798,-32.311375404265,79,120,15,11
1612484610878,32.791022828890185,-117.2535998231513,-32.31194621295726,79,120,15,11
1612484610962,32.791022835324014,-117.25359982716428,-32.3129247521146,79,120,15,11
1612484611151,32.79102283745534,-117.253599824718,-32.31325134112742,80,120,15,11
1612484611232,32.791022839125965,-117.2535998304035,-32.31373058650843,80,120,15,11
1612484611311,32.791022846282026,-117.25359983188206,-32.3144642084009,79,120,15,11
1612484611477,32.791022845134535,-117.25359983503971,-32.315602108208616,79,120,15,11
1612484611565,32.7910228422864,-117.25359983039921,-32.31586395972815,79,120,15,11
1612484611654,32.791022840273875,-117.2535998266618,-32.31595562973169,79,120,15,11
1612484611731,32.79102283682778,-117.25359982483828,-32.31673050248767,80,120,15,11
1612484611918,32.791022839369276,-117.25359982647922,-32.3175410370901,80,120,15,11
1612484612018,32.791022836890875,-117.25359982172692,-32.318414772425825,79,120,15,11
1612484612106,32.791022836874056,-117.25359982341978,-32.31963537938238,79,120,15,11
1612484612207,32.79102283503362,-117.25359982328922,-32.320393480924885,79,120,15,11
1612484612350,32.79102282255418,-117.25359982122038,-32.32417722395372,79,120,15,11
1612484612451,32.79102281638961,-117.2535998189778,-32.32519668039245,79,120,15,11
1612484612555,32.791022814430185,-117.25359981177247,-32.32574689400276,80,120,15,11
1612484612680,32.79102280821085,-117.25359981093744,-32.32668172321424,80,120,15,11
1612484612792,32.791022802737665,-117.25359980526389,-32.32732558096234,80,120,15,11
1612484612883,32.791022799802974,-117.25359980213295,-32.328716821873535,80,120,15,11
1612484612974,32.79102279466572,-117.2535997953716,-32.32940557782726,80,120,15,11
1612484613070,32.791022786402465,-117.25359979224282,-32.33022005775679,80,120,15,11
1612484613152,32.79102278237354,-117.25359978744483,-32.33168034974443,80,120,15,11
1612484613318,32.79102277296298,-117.25359978113437,-32.33248773488713,80,120,15,11
1612484613399,32.7910227643624,-117.25359978045944,-32.33390091744663,80,120,15,11
1612484613481,32.791022750700236,-117.25359977267514,-32.33411164835305,80,120,15,11
1612484613562,32.791022743956276,-117.25359977028631,-32.335383611463755,80,120,15,11
1612484613765,32.79102273335082,-117.25359976513802,-32.33652924190682,80,120,15,11
1612484613865,32.79102272155575,-117.25359975795455,-32.337250590320764,80,120,15,11
1612484613946,32.79102271093851,-117.25359974892243,-32.33818399144478,80,120,15,11
1612484614036,32.79102269621898,-117.25359974555073,-32.339369016027135,80,120,15,11
1612484614126,32.79102268409833,-117.25359973660689,-32.34051444220234,80,120,15,11
1612484614196,32.791022674421946,-117.25359973548552,-32.34115122386256,80,120,15,11
1612484614374,32.791022661686696,-117.25359972789528,-32.34201827706588,80,120,15,11
1612484614455,32.79102265089305,-117.25359972219536,-32.343006150667115,80,120,15,11
1612484614550,32.79102263725382,-117.25359971130061,-32.3434650952173,80,120,15,11
1612484614638,32.791022625079826,-117.25359971069624,-32.3440687283682,80,120,15,11
1612484614765,32.7910226162956,-117.25359970648296,-32.34506919792986,80,120,15,11
1612484614878,32.79102260810151,-117.25359969938188,-32.34599565786442,80,120,15,11
1612484614959,32.791022593591556,-117.25359969512279,-32.34667243430579,80,120,15,11
1612484615046,32.791022580043965,-117.2535996860184,-32.347220962076754,80,120,15,11
1612484615126,32.79102256726636,-117.25359968078469,-32.34795575293605,80,120,15,11
1612484615216,32.79102255613525,-117.2535996732897,-32.34829886133558,80,120,15,11
1612484615394,32.79102254270686,-117.25359966849,-32.34884904059763,80,120,15,11
1612484615473,32.791022529131084,-117.25359966454738,-32.349264635235585,80,120,15,11
1612484615566,32.79102251590943,-117.25359965922975,-32.34973342053507,80,120,15,11
1612484615647,32.79102250054149,-117.25359965084854,-32.35021317490186,80,120,15,11
1612484615844,32.791022484080166,-117.25359964038752,-32.350429200539416,80,120,15,11
1612484615944,32.79102247110659,-117.25359963736126,-32.35061522971581,80,120,15,11
1612484616025,32.791022457290524,-117.25359963010548,-32.35105345108377,80,120,15,11
1612484616117,32.79102244808452,-117.25359962758455,-32.351361866677166,80,120,15,11
1612484616204,32.79102242881348,-117.25359962052713,-32.35134442042875,80,120,15,11
1612484616306,32.791022414328964,-117.25359961614186,-32.35139515201576,80,120,15,11
1612484616435,32.79102239808029,-117.2535996098937,-32.35152219821188,80,120,15,11
1612484616553,32.79102238218665,-117.25359960709666,-32.35110136447484,80,120,15,11
1612484616636,32.791022369302375,-117.25359960093078,-32.351480586320314,80,120,15,11
1612484616717,32.791022362804064,-117.25359959897953,-32.351648739044755,80,120,15,11
1612484616838,32.79102234565216,-117.2535995942909,-32.35158891803906,80,120,15,11
1612484616952,32.791022332978606,-117.25359958823918,-32.35157071950963,80,120,15,11
1612484617033,32.79102231156944,-117.25359960526072,-32.35224282754951,80,120,15,11
1612484617116,32.79102227459473,-117.25359971925093,-32.354805836435126,80,120,15,11
1612484617200,32.79102219775756,-117.25360001905655,-32.35881317751498,80,120,15,11
1612484617303,32.7910220659161,-117.25360053763269,-32.36107710580548,80,120,15,11
1612484617403,32.79102189284508,-117.25360129266416,-32.36119053736107,80,120,15,11
