1612658203739,32.875109319096325,-117.19896460582285,73.84040283745551,32,59,15,11
1612658203916,32.87511203549032,-117.19894590011452,73.8674434140066,32,59,15,11
1612658204090,32.87512276713611,-117.19887233228563,73.97875848813854,31,58,15,11
1612658204234,32.87512541996037,-117.19885427066605,74.01171791788055,30,57,15,11
1612658204415,32.8751280491342,-117.19883634100567,74.04051412387268,31,57,15,11
1612658204625,32.87513065773242,-117.19881853858662,74.06801510508981,31,57,15,11
1612658204738,32.87513324532622,-117.19880085517798,74.0939039932138,31,57,15,11
1612658204944,32.87514345241349,-117.19873121948925,74.19056444573017,31,57,15,11
1612658205084,32.87514590700439,-117.19871409610286,74.21698621529242,31,57,15,11
1612658205209,32.875148347077484,-117.19869713860733,74.24802597565028,31,57,15,11
1612658205354,32.87515076425203,-117.19868044394107,74.2507802784946,31,57,15,11
1612658205466,32.875153155328455,-117.19866387715366,74.28205206297602,32,58,15,11
1612658205720,32.87516245888166,-117.198598987472,74.48324743163838,32,58,15,11
1612658205842,32.87516472564973,-117.19858318397205,74.5174697130036,32,58,15,11
1612658205974,32.87516697959173,-117.19856755377604,74.5447876427648,32,58,15,11
1612658206124,32.875169190149435,-117.1985520923569,74.56916038365834,32,59,15,11
1612658206255,32.8751713941483,-117.19853678885939,74.5973463480975,32,59,15,11
1612658206367,32.87517357364113,-117.19852163538218,74.63177421800432,32,59,15,11
1612658206536,32.87517984007264,-117.19847720448175,74.70287928086141,33,60,15,11
1612658206648,32.87518185854413,-117.19846275657513,74.7143163526199,35,61,15,11
1612658206761,32.875183940593246,-117.19844850204204,74.73746271913632,34,61,15,11
1612658206880,32.87518598657135,-117.19843443424094,74.76053802635872,34,61,15,11
1612658207012,32.8751880007267,-117.19842055773138,74.78129989049563,34,61,15,11
1612658207184,32.87519000721133,-117.19840687821032,74.8048334343981,34,61,15,11
1612658207499,32.87519780123639,-117.19835411844561,74.90865910717609,30,58,15,11
1612658207578,32.875199694005374,-117.19834148248192,74.9397959372299,28,56,15,11
1612658207723,32.875201520790185,-117.19832914122566,74.96971786021432,27,55,15,11
1612658207843,32.875203248067436,-117.1983170981431,74.9945907915086,27,55,15,11
1612658207957,32.87520494772533,-117.1983053697989,75.01859696493831,27,54,15,11
1612658208232,32.87521128246933,-117.19826104991559,75.10010161489765,28,54,15,11
1612658208515,32.875215668568806,-117.19823020700784,75.14955587406513,29,55,15,11
1612658208629,32.87521706319611,-117.19822035997413,75.1672121885765,29,55,15,11
1612658208748,32.87521842044264,-117.19821073187556,75.18272049792893,30,55,15,11
1612658208862,32.875219757879506,-117.19820131932696,75.19802688282466,30,56,15,11
1612658208998,32.87522106245798,-117.1981921230541,75.21519482891212,30,56,15,11
1612658209142,32.87522234082583,-117.19818314996975,75.23303652428312,30,56,15,11
1612658209407,32.87522718490258,-117.19814945884723,75.3047700012932,28,54,15,11
1612658209527,32.87522832083758,-117.19814157047173,75.32310530521845,28,54,15,11
1612658209672,32.87522939049606,-117.19813387408863,75.34128541224437,28,54,15,11
1612658209785,32.87523042819493,-117.1981264066944,75.35377841741274,28,53,15,11
1612658209899,32.87523146099467,-117.1981191629971,75.36423550204313,28,53,15,11
1612658210002,32.87523245603229,-117.19811212401571,75.37452322488586,28,53,15,11
1612658210184,32.87523341823335,-117.19810529583046,75.38058071562403,27,53,15,11
1612658210328,32.87523616024251,-117.19808561942116,75.40048185753751,27,52,15,11
1612658210530,32.87523705146441,-117.19807920691612,75.41123116352101,27,52,15,11
1612658210643,32.875237927850684,-117.19807282715038,75.42298614548137,27,52,15,11
1612658210757,32.87523878712527,-117.1980664874074,75.43371543301691,27,52,15,11
1612658210870,32.87523964333611,-117.19806022497735,75.44578320609159,28,53,15,11
1612658210981,32.87524048126217,-117.19805407262949,75.45755764286197,28,53,15,11
1612658211125,32.87524285651162,-117.19803647377726,75.49119357332128,28,53,15,11
1612658211252,32.875243591912024,-117.1980309220692,75.50059425046868,28,53,15,11
1612658211371,32.87524431540875,-117.1980255422738,75.51019920529083,28,53,15,11
1612658211507,32.87524501648031,-117.1980203085149,75.51914787809824,28,53,15,11
1612658211653,32.87524568757491,-117.19801522361279,75.52820606518273,28,53,15,11
1612658211798,32.875246324760994,-117.19801027171073,75.53433745003909,28,53,15,11
1612658211913,32.87524694198133,-117.1980054332796,75.5412477209871,28,53,15,11
1612658212121,32.875249305432085,-117.19798651352647,75.57089749561474,28,53,15,11
1612658212246,32.875249867127735,-117.19798171736983,75.57496562996182,27,53,15,11
1612658212417,32.875250412910226,-117.19797691104289,75.58215154494378,27,53,15,11
1612658212518,32.87525096468095,-117.19797201927132,75.58802605627127,27,53,15,11
1612658212726,32.87525146451096,-117.1979670477446,75.59410250231791,27,53,15,11
1612658212841,32.87525192674662,-117.19796197962009,75.60216518292887,27,53,15,11
1612658213031,32.87525328046268,-117.19794051646281,75.63592399667456,26,53,15,11
1612658213178,32.87525344474929,-117.19793488550715,75.64191576021514,26,53,15,11
1612658213301,32.875253480745585,-117.1979291427028,75.64826857271429,26,53,15,11
1612658213422,32.87525339560037,-117.19792328435543,75.65538723474373,26,53,15,11
1612658213556,32.875253170970474,-117.19791730719578,75.66220735603977,26,53,15,11
1612658213734,32.87525280647069,-117.19791121084499,75.66478424136947,27,53,15,11
1612658213845,32.875252283576124,-117.19790497582369,75.66730905017113,27,53,15,11
