1613162353474,32.87999225704938,-117.22896543192705,67.14720412544943,42,132,14,11
1613162353585,32.8799922607134,-117.22896543938413,67.14844532475921,42,132,14,11
1613162353757,32.87999226173867,-117.22896542146654,67.14828213399574,43,132,14,11
1613162353871,32.8799922865195,-117.2289654335442,67.1490849023519,42,132,14,11
1613162353960,32.87999228014938,-117.22896543431924,67.14989829506683,42,132,14,11
1613162354070,32.87999230185966,-117.22896543678131,67.14981599047317,42,132,14,11
1613162354219,32.87999229908641,-117.22896542791729,67.15238356808223,42,131,14,11
1613162354356,32.879992313798006,-117.22896543235596,67.1525864208198,42,131,14,11
1613162354499,32.87999232123172,-117.22896543272464,67.15268689786929,42,131,14,11
1613162354611,32.87999231803062,-117.22896542667506,67.15107480167295,42,131,14,11
1613162354758,32.87999233539243,-117.22896542844553,67.15096301268062,42,131,14,11
1613162354873,32.8799923345854,-117.22896542478475,67.15331725257438,42,130,14,11
1613162355087,32.87999234408925,-117.22896541429975,67.15246150669205,42,130,14,11
1613162355228,32.879992359360365,-117.2289654130699,67.1532492927457,43,130,14,11
1613162355509,32.879992390667184,-117.2289653846894,67.15122496348047,43,131,14,11
1613162355651,32.87999237682006,-117.22896537144418,67.15111452176444,43,131,14,11
1613162355762,32.879992380287185,-117.22896537140214,67.15052151597237,43,131,14,11
1613162355851,32.879992394156446,-117.2289653672593,67.14830997510154,43,131,14,11
1613162355997,32.87999241284226,-117.22896537084668,67.1456470741078,43,130,14,11
1613162356111,32.8799924079968,-117.22896536541002,67.14537750658356,43,130,14,11
1613162356299,32.87999242133456,-117.22896537023075,67.14415850644922,43,130,14,11
1613162356520,32.87999245767374,-117.22896534527594,67.13861396442032,43,130,14,11
1613162356660,32.87999246815102,-117.22896532552538,67.13753376887,43,130,14,11
1613162356771,32.879992467160115,-117.22896532258319,67.13812726203383,43,130,14,11
1613162356867,32.879992478585265,-117.22896530679866,67.13925714372863,43,130,14,11
1613162357018,32.879992488736775,-117.22896530610433,67.13773374872686,43,131,14,11
1613162357192,32.87999249554922,-117.22896529441304,67.13727955975806,44,131,14,11
1613162357430,32.8799925430971,-117.22896525023403,67.13320661797857,44,131,14,11
1613162357545,32.87999253720018,-117.22896525534289,67.13151344556714,44,131,14,11
1613162357688,32.879992543345665,-117.22896524904121,67.12880097115499,44,131,14,11
1613162357798,32.87999253855051,-117.22896524121906,67.12568619617252,43,130,14,11
1613162357887,32.879992562259936,-117.22896523246762,67.12246017629738,43,130,14,11
1613162358030,32.87999257346669,-117.22896524450529,67.11883188830564,43,130,14,11
1613162358147,32.879992570756755,-117.22896523068565,67.11657775559937,43,129,14,11
1613162358280,32.87999257482225,-117.22896522025775,67.11289577716879,43,129,14,11
1613162358470,32.87999259370687,-117.22896520842362,67.10840696330864,43,129,14,11
1613162358579,32.87999258850937,-117.22896519692314,67.10787547118593,43,129,14,11
1613162358722,32.87999258203951,-117.22896520075233,67.10439886582417,42,128,14,11
1613162358837,32.879992592573785,-117.22896519878087,67.10140116710389,42,128,14,11
1613162358926,32.87999258902769,-117.22896518359728,67.10039538412157,42,128,14,11
1613162359178,32.879992598000655,-117.22896518988644,67.09177457589449,42,127,14,11
1613162359372,32.87999260910557,-117.22896517967632,67.08789498211189,42,127,14,11
1613162359550,32.87999261667818,-117.22896518158872,67.08399076620358,42,126,14,11
1613162359662,32.87999261190206,-117.22896518212951,67.08239941970018,42,126,14,11
1613162359823,32.87999261773282,-117.2289651776518,67.07868499095606,41,125,14,11
1613162360021,32.8799926112458,-117.2289651595247,67.06750784581563,41,124,14,11
1613162360210,32.87999261774761,-117.22896515700135,67.06428946257643,41,124,14,11
1613162360289,32.87999262837469,-117.22896516231718,67.06101262784028,40,123,14,11
1613162360458,32.87999261172396,-117.22896515108465,67.0580669742163,40,123,14,11
1613162360607,32.879992628456115,-117.2289651527901,67.05486786338125,40,123,14,11
1613162360782,32.87999261520278,-117.22896513067575,67.05242396112729,41,123,14,11
1613162360926,32.87999262590576,-117.2289651202775,67.05095536925973,41,123,14,11
1613162361095,32.879992630488864,-117.22896511924927,67.05250386244579,41,123,14,11
1613162361421,32.87999262741927,-117.22896506895054,67.06260384679314,43,127,14,11
1613162361531,32.87999263422607,-117.22896507319595,67.06487934593308,44,128,14,11
1613162361671,32.879992638766666,-117.22896506558308,67.06662786954155,45,129,14,11
1613162361784,32.87999262859002,-117.22896507502838,67.0710833194265,45,129,14,11
1613162361872,32.879992618146034,-117.22896506045328,67.07344745726516,46,130,14,11
1613162362016,32.87999262194175,-117.22896508335315,67.073690318443,46,131,14,11
1613162362127,32.879992630445535,-117.22896508063079,67.07541379125236,46,131,14,11
1613162362267,32.87999262324406,-117.2289650948644,67.07633308552475,46,132,14,11
1613162362413,32.87999262811624,-117.22896513320454,67.0748886058791,47,132,14,11
1613162362531,32.87999262939931,-117.22896515967341,67.074114567998,46,132,14,11
1613162362669,32.879992623315225,-117.22896516773278,67.07475429122145,46,132,13,11
1613162362788,32.87999262598946,-117.22896516997886,67.07250594751339,46,132,13,11
1613162362877,32.8799926332167,-117.22896519097647,67.07298952884014,46,133,13,11
1613162363023,32.87999261707594,-117.22896519979534,67.07295145969937,46,133,13,11
1613162363213,32.87999261752894,-117.22896525307047,67.07193234943617,46,133,13,11
1613162363380,32.87999260574228,-117.22896527418011,67.07210401368243,46,133,13,11
1613162363492,32.8799926258242,-117.22896528449368,67.06825486609087,46,133,13,11
1613162363605,32.8799926232008,-117.2289652888585,67.06814402455974,45,133,13,11
