1612138668679,32.87397578850871,-117.20975926835168,85.39984143659399,75,121,15,11
1612138668774,32.87397578454296,-117.20975926283712,85.40381371865904,75,121,15,11
1612138668853,32.87397579584727,-117.20975925829605,85.40786711044125,75,121,15,11
1612138668960,32.87397580320997,-117.2097592531004,85.41173194601883,75,121,15,11
1612138669104,32.87397579890533,-117.20975924349807,85.41530096467187,75,121,15,11
1612138669187,32.87397580044786,-117.20975924021513,85.41899894471231,75,121,15,11
1612138669312,32.873975805496684,-117.20975924051938,85.4228528590345,75,121,15,11
1612138669403,32.87397580664987,-117.20975923141457,85.42669337831876,75,121,15,11
1612138669517,32.87397580716965,-117.20975922387983,85.42997378875033,75,121,15,11
1612138669605,32.87397581281426,-117.20975922067355,85.43347383939043,75,121,15,11
1612138669764,32.87397581879247,-117.2097592124604,85.43679924931163,75,121,15,11
1612138669845,32.87397582113976,-117.20975921312467,85.44015040043737,75,121,15,11
1612138669927,32.873975818693665,-117.20975920750041,85.4434739973703,75,121,15,11
1612138670035,32.87397582420243,-117.20975920573474,85.44693464129871,75,121,15,11
1612138670115,32.87397582740304,-117.20975919851465,85.45030859251507,75,121,15,11
1612138670193,32.87397583495884,-117.20975919684,85.45373120880859,75,121,15,11
1612138670321,32.873975836903675,-117.20975919335879,85.4570870907004,75,121,15,11
1612138670415,32.87397583403622,-117.20975919367288,85.46025463500722,75,121,15,11
1612138670518,32.87397584291234,-117.20975918477728,85.46372113364244,75,121,15,11
1612138670624,32.87397584241509,-117.20975918503152,85.46727262919963,75,121,15,11
1612138670770,32.87397585613721,-117.2097591810548,85.47057036790166,75,121,15,11
1612138670858,32.87397585177828,-117.20975917511991,85.47333752290585,75,121,15,11
1612138670939,32.873975860584586,-117.20975917788245,85.476640278343,75,121,15,11
1612138671050,32.87397586768281,-117.20975917601042,85.47940621451873,75,121,15,11
1612138671190,32.873975872055276,-117.20975917898457,85.48265856251787,75,121,15,11
1612138671273,32.873975871872055,-117.20975917653126,85.48541316398652,75,121,15,11
1612138671396,32.873975875149654,-117.20975918214782,85.48838547668558,75,121,15,11
1612138671490,32.87397588361493,-117.20975918258999,85.49139614487476,75,121,15,11
1612138671609,32.873975886326036,-117.20975918674479,85.49418418113407,75,121,15,11
1612138671701,32.87397588781348,-117.2097591877591,85.49716234512897,75,121,15,11
1612138671773,32.8739758900161,-117.20975918585215,85.49961997535858,75,121,15,11
1612138671928,32.87397589791109,-117.20975919614322,85.50265624159292,75,121,15,11
1612138672009,32.87397589864129,-117.20975919609947,85.50505406947921,75,121,15,11
1612138672115,32.87397590149548,-117.20975920377919,85.50779115613147,75,121,15,11
1612138672195,32.87397591171898,-117.20975920661657,85.51067595416681,75,121,15,11
1612138672276,32.87397590661796,-117.2097592123276,85.51332043715259,75,121,15,11
1612138672413,32.87397590873942,-117.20975921511969,85.51584106987137,75,121,15,11
1612138672578,32.873975917149075,-117.20975922379968,85.52604805524534,75,121,15,11
1612138672666,32.87397592080421,-117.20975922920113,85.52871812904786,75,121,15,11
1612138672766,32.87397592361476,-117.20975923352636,85.53117578353068,75,121,15,11
1612138672879,32.87397592324959,-117.20975922980465,85.53360088111057,75,121,15,11
1612138673017,32.87397592723427,-117.20975923614219,85.53603605460229,75,121,15,11
1612138673098,32.87397592732439,-117.20975924454804,85.53868165712178,75,121,15,11
1612138673223,32.873975929876444,-117.2097592484017,85.54148581185778,75,121,15,11
1612138673313,32.87397592700587,-117.20975924604694,85.54374455819419,75,121,15,11
1612138673419,32.87397593306014,-117.20975925136717,85.54635134914928,75,121,15,11
1612138673497,32.873975930769575,-117.20975924897995,85.54879269057236,75,121,15,11
1612138673658,32.873975934333195,-117.20975925444402,85.55133590832358,75,121,15,11
1612138673753,32.873975934896244,-117.20975925645041,85.55392234458895,75,121,15,11
1612138673834,32.87397593017293,-117.2097592587654,85.55627635764394,75,121,15,11
1612138673938,32.87397593252948,-117.20975926840075,85.55904151249827,75,121,15,11
1612138674036,32.873975930439755,-117.20975926747906,85.56131469569053,75,121,15,11
1612138674117,32.873975934890424,-117.20975927566053,85.56396030592398,75,121,15,11
1612138674240,32.87397593190799,-117.20975927666778,85.56623744068479,75,121,15,11
1612138674333,32.873975931831566,-117.20975928592154,85.56855533270029,75,121,15,11
1612138674440,32.87397592993539,-117.20975928960723,85.57109196974879,75,121,15,11
1612138674664,32.87397593122263,-117.2097592968281,85.5738569801294,75,121,15,11
1612138674749,32.87397593493969,-117.20975929737891,85.57628265652957,75,121,15,11
1612138674842,32.873975930354675,-117.20975930044672,85.57851317992932,75,121,15,11
1612138674923,32.873975928558266,-117.20975931282923,85.58116937792929,75,121,15,11
1612138675035,32.87397592703573,-117.20975931964264,85.5835109970682,75,121,15,11
1612138675170,32.87397592761635,-117.20975932098395,85.58593463743031,75,121,15,11
1612138675251,32.87397592415865,-117.209759331226,85.58850267655887,75,121,15,11
1612138675388,32.873975925570775,-117.20975933785628,85.59134060429034,75,121,15,11
1612138675469,32.87397591783657,-117.20975934486991,85.5936144847877,75,121,15,11
1612138675572,32.8739759180425,-117.20975935139124,85.59593544798541,75,121,15,11
1612138675741,32.87397591625343,-117.20975935670646,85.59853999874186,75,121,15,11
1612138675831,32.87397590614572,-117.20975936170683,85.60107777642503,75,121,15,11
1612138675916,32.87397590942225,-117.2097593687023,85.60302122642682,75,121,15,11
1612138675999,32.8739759031878,-117.20975937713709,85.6056366812643,75,121,15,11
1612138676094,32.87397590545618,-117.20975938527349,85.6079570307467,75,121,15,11
1612138676187,32.8739759072974,-117.20975939669017,85.6106942334608,75,121,15,11
1612138676269,32.87397590020072,-117.20975939808234,85.61288305725145,75,121,15,11
1612138676394,32.87397589550647,-117.20975941252932,85.61534567214264,75,121,15,11
1612138676484,32.87397589052386,-117.20975941640165,85.61740828597324,75,121,15,11
1612138676587,32.873975887880256,-117.20975941728453,85.61981199173178,75,121,15,11
1612138676697,32.8739758848641,-117.20975942332942,85.62215991732278,75,121,15,11
1612138676843,32.87397587717673,-117.20975943260918,85.6245452553753,75,121,15,11
1612138676922,32.87397587583374,-117.20975943905056,85.6268112253019,75,121,15,11
1612138677005,32.87397586752328,-117.20975944173337,85.62838750469248,75,121,15,11
1612138677101,32.87397586793894,-117.20975945062048,85.6306084965613,75,121,15,11
1612138677275,32.87397585223308,-117.20975946757622,85.63801496665576,75,121,15,11
1612138677377,32.87397585376017,-117.20975947048389,85.63962608636945,75,121,15,11
1612138677472,32.873975854004065,-117.20975947662431,85.64145872005797,75,121,15,11
1612138677597,32.87397584950019,-117.2097594788047,85.64320908575355,75,121,15,11
1612138677717,32.87397585033506,-117.20975947720002,85.64483326214672,75,121,15,11
1612138677797,32.87397584614375,-117.20975948624671,85.64664560141449,75,121,15,11
1612138677901,32.873975841869175,-117.20975948557246,85.64817519214174,75,121,15,11
1612138677985,32.87397583772294,-117.2097594936638,85.64995733390167,75,121,15,11
1612138678069,32.87397583709218,-117.20975949401688,85.6513293818377,75,121,15,11
1612138678197,32.873975837400714,-117.20975949695475,85.65297509696758,75,121,15,11
1612138678287,32.87397583476215,-117.20975949422746,85.6542545320283,75,121,15,11
1612138678392,32.87397583610352,-117.20975949568667,85.65565207270977,75,121,15,11
1612138678491,32.873975834676315,-117.20975949007912,85.6567781634873,75,121,15,11
1612138678658,32.87397582687297,-117.20975947756922,85.65763098771316,75,121,15,11
1612138678727,32.87397582417962,-117.20975948210275,85.65886976417752,75,121,15,11
