1616373032020,32.79912928739097,-117.172197777013,46.725568835481155,17,37,14,11
1616373032193,32.7991145044986,-117.17218961742289,46.79278733091807,17,37,14,11
1616373032302,32.79909969796983,-117.17218157691971,46.85843263973858,18,37,14,11
1616373032419,32.79908486644693,-117.17217363641974,46.923519093418896,17,37,14,11
1616373032550,32.79907000253485,-117.17216579044835,46.98524855189721,17,37,14,11
1616373032750,32.799010524503004,-117.17213519817464,47.174753478690114,18,38,14,11
1616373032850,32.798995614690554,-117.17212771223329,47.22350249363534,18,38,14,11
1616373033015,32.798980729772566,-117.17212032940236,47.26484237391623,18,38,14,11
1616373033158,32.79896581148157,-117.17211302371435,47.31403468061004,18,38,14,11
1616373033329,32.79895086157282,-117.1721058110838,47.372348404953144,17,38,14,11
1616373033442,32.79893587858288,-117.17209866796527,47.42833548056396,18,38,14,11
1616373033648,32.79887570455802,-117.17207111289441,47.606801514693686,19,40,14,11
1616373033765,32.798860590796764,-117.17206442887587,47.64321144077196,19,40,14,11
1616373033866,32.79884547440532,-117.17205781875066,47.66936501341279,19,41,14,11
1616373034064,32.79883030872836,-117.17205124213956,47.70031678020989,20,41,14,11
1616373034249,32.798784369397396,-117.17203169417965,47.8161864185304,20,42,14,11
1616373034386,32.79876895343078,-117.17202529809431,47.84861095552459,20,42,14,11
1616373034483,32.79875342602435,-117.17201896547432,47.88397895642387,20,42,14,11
1616373034630,32.79873781271087,-117.17201268855788,47.920629066255174,20,42,14,11
1616373034742,32.79872204658839,-117.1720064279533,47.95177568243494,20,42,14,11
1616373034912,32.79870630005442,-117.1720002201762,47.97098728670772,20,42,14,11
1616373035054,32.798658587968035,-117.17198186885264,48.03847520092843,19,42,14,11
1616373035168,32.79864251903211,-117.17197581735552,48.06236874875134,19,42,14,11
1616373035282,32.79862629183905,-117.17196978110564,48.08210992833931,19,42,14,11
1616373035416,32.79861010658573,-117.17196383855064,48.09857642285958,19,42,14,11
1616373035512,32.7985938111649,-117.17195795094837,48.12200020414349,19,42,14,11
1616373035667,32.79857742153321,-117.1719520776897,48.14868416240519,19,42,14,11
1616373035786,32.79856101798065,-117.17194624337101,48.15614809416235,19,41,14,11
1616373035900,32.79854451823324,-117.17194050850134,48.16099418147573,19,42,13,11
1616373036020,32.798494572880344,-117.17192356093179,48.21410237191454,19,42,11,11
1616373036151,32.7984778716584,-117.17191800649799,48.22510529195849,19,42,12,11
1616373036267,32.79846109328317,-117.1719125660161,48.23756909428829,19,42,12,11
1616373036404,32.798444308675286,-117.17190711301564,48.24510995947588,20,42,11,11
1616373036493,32.7984273353032,-117.17190171890009,48.25139264564646,20,42,12,11
1616373036646,32.79841051987286,-117.17189632433784,48.25487208551269,20,43,12,11
1616373036764,32.79839361186633,-117.1718910540671,48.261565224393756,21,43,12,11
1616373037051,32.79832551504564,-117.1718704201509,48.31295788226927,20,42,13,11
1616373037165,32.79830835927147,-117.17186539925514,48.314704432515946,20,42,13,11
1616373037293,32.79829114671337,-117.1718604476116,48.30494308726037,20,42,12,11
1616373037427,32.798273844540134,-117.17185553570751,48.291168086281395,21,43,12,11
1616373037516,32.79825645278656,-117.17185067235464,48.27649279005355,22,44,12,11
1616373037665,32.798238988148036,-117.17184587985581,48.263933906692365,22,44,11,11
1616373037783,32.79822139550805,-117.1718411787965,48.269388922655565,21,44,11,11
1616373037894,32.79820372592024,-117.17183649801414,48.26447305224641,22,44,11,11
1616373037997,32.798185988244086,-117.17183190729679,48.24949857575679,23,45,10,11
1616373038145,32.798132222544744,-117.17181849998798,48.232371154959125,23,46,12,11
1616373038257,32.7981141041681,-117.17181418355788,48.23379729810888,23,46,11,11
1616373038399,32.79809589715953,-117.17180994645528,48.23331856354468,23,45,10,11
1616373038499,32.79807761565784,-117.1718057889443,48.23013410664711,21,43,10,11
1616373038645,32.79805927671089,-117.17180165231994,48.22412052596673,21,44,10,11
1616373038759,32.79804081737665,-117.17179756776275,48.21818699278718,22,44,10,11
1616373039033,32.79796621992451,-117.17178188165231,48.18602367242395,24,46,10,11
1616373039154,32.797947368413965,-117.17177813409748,48.1807958365955,24,47,10,11
1616373039336,32.79792843569294,-117.17177443963095,48.17969357789379,25,47,9,11
1616373039473,32.797909419330054,-117.17177083126819,48.182342302744125,25,47,9,11
1616373039587,32.79789033102172,-117.17176727735924,48.179114110377235,26,48,9,11
1616373039679,32.79787118594127,-117.17176379264646,48.174642466608695,26,48,9,11
1616373039839,32.79785197181122,-117.17176041287908,48.16972303471671,26,48,9,11
1616373040064,32.79777433968999,-117.17174772511163,48.215073373644486,25,45,9,11
1616373040180,32.79775475804656,-117.17174474823283,48.23678034587394,25,45,9,11
1616373040304,32.7977350909075,-117.17174188561125,48.260882968426536,25,44,9,11
1616373040441,32.797715369863646,-117.17173909596394,48.27817012426067,25,44,11,11
1616373040557,32.79769560845922,-117.17173635137031,48.289592735859614,25,44,11,11
1616373040649,32.79767577821353,-117.17173370338796,48.3098885242181,24,43,11,11
1616373040799,32.797655838908334,-117.17173111698392,48.348583235295706,24,43,11,11
1616373040918,32.79759580733403,-117.17172362588234,48.417868706194696,24,42,11,11
1616373041125,32.797575661084565,-117.17172118415458,48.46074609658011,24,42,11,11
1616373041239,32.79755544740515,-117.17171873477156,48.4990834044994,24,42,11,11
1616373041355,32.79753521618093,-117.1717162888702,48.529675499255156,24,42,11,11
1616373041501,32.797514913956945,-117.17171384749436,48.57004082319799,24,42,11,11
1616373041617,32.79749457722242,-117.1717113573276,48.607073926965846,24,42,13,11
1616373041707,32.79747421008019,-117.17170883299025,48.6389697973706,24,43,13,11
1616373041855,32.79745377626877,-117.17170627631414,48.68203791801304,25,43,13,11
1616373042093,32.79737148155974,-117.17169596994755,48.853419035836495,25,44,13,11
1616373042242,32.79735082492467,-117.17169336369805,48.88918329981978,25,44,13,11
