1483232580184,32.88011286053904,-117.2353440676277,75.09625953865918,73,182,11,11
1483232580294,32.88011285992324,-117.23534402343779,75.10577803383907,73,181,11,11
1483232580529,32.880112867222344,-117.23534385228079,75.14609433570996,72,180,11,11
1483232580639,32.88011286124281,-117.23534380296616,75.15529820463017,72,179,11,11
1483232580790,32.88011284928227,-117.23534375066662,75.16646347182002,72,179,11,11
1483232580935,32.88011286346321,-117.23534372136247,75.17357940728064,72,178,11,11
1483232581048,32.880112860638086,-117.23534367890173,75.18454162678445,72,178,11,11
1483232581134,32.880112848340474,-117.23534360825296,75.19513935920887,72,178,11,11
1483232581283,32.880112864761244,-117.23534354567494,75.20831480020524,72,177,11,11
1483232581530,32.88011284838101,-117.23534338602288,75.24728381197016,71,176,11,11
1483232581647,32.88011284509329,-117.23534333087595,75.25737760309153,71,176,11,11
1483232581797,32.88011284281204,-117.23534329895328,75.26783930451376,71,175,11,11
1483232581943,32.8801128289495,-117.23534324440928,75.2774433288005,71,175,11,11
1483232582055,32.880112834972785,-117.23534321792862,75.28697100894648,71,175,11,11
1483232582228,32.880112830471894,-117.23534303709566,75.32215294269439,71,174,11,11
1483232582343,32.88011282598443,-117.23534301377643,75.3307332741862,71,174,11,11
1483232582455,32.88011282967677,-117.23534296570186,75.34191658180875,71,173,11,11
1483232582570,32.88011282403285,-117.23534289552653,75.35457467798973,71,173,11,11
1483232582683,32.880112826499555,-117.23534286371506,75.36398441273911,71,173,11,11
1483232582831,32.8801128264076,-117.23534283628882,75.37388433170345,71,173,11,11
1483232583136,32.88011283379803,-117.23534263978749,75.4167232848899,71,172,11,11
1483232583268,32.88011281481244,-117.23534257114571,75.42891472173548,71,172,11,11
1483232583383,32.88011282647098,-117.23534255641871,75.4367327288251,71,172,11,11
1483232583496,32.880112833907454,-117.2353425493853,75.44415908056351,71,172,11,11
1483232583663,32.880112831462434,-117.2353424987103,75.454571355654,71,173,11,11
1483232583776,32.88011282850411,-117.23534244251611,75.46643245033032,71,173,11,11
1483232584033,32.880112843748265,-117.23534225460398,75.51211300264372,71,172,11,11
1483232584119,32.880112837616544,-117.23534219299256,75.5239816791239,71,172,11,11
1483232584284,32.880112844381294,-117.23534218350095,75.53316117224539,71,172,11,11
1483232584399,32.88011284992666,-117.2353421362463,75.5436399226121,71,172,11,11
1483232584512,32.88011287015738,-117.23534207365311,75.55797506520075,71,172,11,11
1483232584633,32.880112857808655,-117.23534202178615,75.56823289049207,71,172,11,11
1483232584745,32.88011287444782,-117.23534196610632,75.58113575104417,71,172,11,11
1483232584929,32.880112880484646,-117.23534184043555,75.6137470733874,71,172,11,11
1483232585045,32.88011289171935,-117.23534179352822,75.6268512203505,71,172,11,11
1483232585132,32.88011291064135,-117.23534172116959,75.6422931973876,71,172,11,11
1483232585296,32.88011291640257,-117.23534165361964,75.65710571602688,71,171,11,11
1483232585411,32.88011293743464,-117.23534161792871,75.67031465976137,71,171,11,11
1483232585717,32.88011295745455,-117.23534140249684,75.72302660628263,71,171,11,11
1483232585862,32.88011295449854,-117.2353413664312,75.73299663378896,71,171,11,11
1483232586039,32.88011297473425,-117.23534130282393,75.74900952984166,71,171,11,11
1483232586152,32.88011299130828,-117.23534125840972,75.76042809162924,71,171,11,11
1483232586274,32.880112984601205,-117.2353412129387,75.77493032840849,70,170,11,11
1483232586409,32.88011297671924,-117.23534118403543,75.78579822168844,70,170,11,11
1483232586529,32.8801130018045,-117.23534112590644,75.80067227179936,70,170,11,11
1483232586642,32.88011300196834,-117.23534105054243,75.81616218885752,70,170,11,11
1483232586833,32.88011304736793,-117.23534084416761,75.87339077591278,70,169,11,11
1483232586945,32.880113061784556,-117.2353407817734,75.88911591455708,70,169,11,11
1483232587057,32.88011306034534,-117.23534072457237,75.90321418290812,70,169,11,11
1483232587184,32.88011306400423,-117.23534067019203,75.91902679536392,70,169,11,11
1483232587317,32.88011306754082,-117.23534062497134,75.92930176183174,70,169,11,11
1483232587442,32.88011307769652,-117.23534057921133,75.94315762437859,70,169,11,11
1483232587553,32.880113086996694,-117.23534052768838,75.959345569984,70,169,11,11
1483232587831,32.88011309289194,-117.23534030374647,76.01788457587656,70,168,11,11
1483232588030,32.88011311544587,-117.23534024262679,76.03415151287983,69,168,11,11
1483232588174,32.880113128190395,-117.2353401795829,76.0508198433954,69,168,11,11
1483232588259,32.880113133691054,-117.23534013153322,76.06467032887434,69,168,11,11
1483232588430,32.880113131315134,-117.23534007107536,76.08012574021201,69,167,11,11
1483232588545,32.88011315469069,-117.23534001087893,76.09701330278308,69,167,11,11
1483232588719,32.88011316910467,-117.23533975875635,76.16478760327165,68,165,11,11
1483232588887,32.880113189410984,-117.23533967411792,76.18382249858142,68,165,11,11
1483232588997,32.88011320316274,-117.23533962279205,76.2003718589966,68,165,11,11
1483232589119,32.88011320249451,-117.23533954045948,76.21886217431943,68,164,11,11
1483232589207,32.88011320674121,-117.23533948098684,76.23649361315266,67,164,11,11
1483232589374,32.88011321958447,-117.23533944158544,76.2512876016106,67,163,11,11
1483232589488,32.88011322822927,-117.23533934930481,76.27213539715639,67,163,11,11
1483232589756,32.88011325617598,-117.23533914983199,76.33393124548999,66,161,11,11
1483232589870,32.88011325161654,-117.23533909456116,76.34922599504064,66,161,11,11
1483232589985,32.880113265647815,-117.23533902704095,76.36659556164219,66,161,11,11
1483232590331,32.8801132965387,-117.2353388301241,76.42473045087746,66,160,11,11
