1616698483729,32.87702347177575,-117.22210424674778,63.933963976059,55,91,10,11
1616698484018,32.87698884828979,-117.22209582081321,63.97425156339009,53,90,11,11
1616698484120,32.87698012284841,-117.22209436299431,63.984268760923136,51,89,11,11
1616698484270,32.876971369046494,-117.22209306687566,63.988604044230556,49,87,11,11
1616698484517,32.876944860765775,-117.22208956118344,63.989207205470294,45,83,11,11
1616698484620,32.876935928233614,-117.22208855068052,63.99164887397072,45,83,11,11
1616698484771,32.87692693879288,-117.22208779049483,63.99574344536931,44,81,11,11
1616698484907,32.87691790215508,-117.22208711804363,64.00304364673056,42,79,11,11
1616698485044,32.87690883267801,-117.22208636991328,64.01074631889836,42,79,11,11
1616698485187,32.876899727470615,-117.22208565319164,64.01823877474405,42,79,11,11
1616698485412,32.87686292677757,-117.22208340487795,64.06760031840072,44,79,12,11
1616698485526,32.876853611736465,-117.22208296028742,64.0823408200543,43,79,12,11
1616698485629,32.87684435551452,-117.22208255454439,64.09936038383543,43,79,12,11
1616698485784,32.87683512703821,-117.22208214119678,64.1184100211017,44,79,12,11
1616698485956,32.87682588648885,-117.2220818443197,64.13776857945341,43,79,12,11
1616698486067,32.87681666564735,-117.2220815695878,64.15751294425623,42,78,12,11
1616698486158,32.87680749070169,-117.22208128479404,64.1773702270294,42,77,12,11
1616698486319,32.87678004589726,-117.22208049455179,64.23904882588063,40,76,12,11
1616698486470,32.87677100680879,-117.22208019021689,64.25345651211498,41,76,12,11
1616698486586,32.87676199604977,-117.22207993516078,64.27018359315727,41,76,12,11
1616698486691,32.8767531199043,-117.22207960310058,64.28505856094563,41,77,12,11
1616698486834,32.87674422364353,-117.22207927007447,64.30288210371589,42,77,12,11
1616698486983,32.87673545257905,-117.22207895031136,64.32658274384045,42,77,11,11
1616698487221,32.87670142202668,-117.2220779709803,64.43483494248669,40,75,11,11
1616698487336,32.87669318537263,-117.22207771922832,64.46081911515994,39,74,11,11
1616698487505,32.87668512743402,-117.22207743671139,64.48609101622796,39,74,11,11
1616698487617,32.876677211311474,-117.22207712097153,64.51042446934136,39,74,11,11
1616698487726,32.876669423199694,-117.22207683569519,64.5363975319514,39,73,11,11
1616698487870,32.8766617874198,-117.22207652329183,64.55996192178851,40,73,11,11
1616698488101,32.87663266132133,-117.22207520414771,64.64967232684411,42,75,11,11
1616698488260,32.876625720034674,-117.22207481925732,64.67652515561997,43,75,11,11
1616698488436,32.87661892301992,-117.22207442809604,64.69920300289425,44,76,11,11
1616698488549,32.87661226053732,-117.22207405146032,64.72053095363624,44,76,12,11
1616698488721,32.87660575535943,-117.2220736014175,64.73669854873775,45,77,12,11
1616698488921,32.87658129278873,-117.22207173932989,64.8169963783242,48,79,11,11
1616698489034,32.87657561828636,-117.22207129938651,64.8353889846229,47,78,11,11
1616698489153,32.87657013297369,-117.22207088224765,64.8524177340511,45,77,11,11
1616698489302,32.8765648282538,-117.22207040710737,64.86745706450476,44,76,11,11
1616698489417,32.876559689202445,-117.22206983846513,64.88271493530661,44,76,11,11
1616698489537,32.876554713955926,-117.22206927874215,64.89569767666036,43,76,11,11
1616698489702,32.876549914416195,-117.22206868797255,64.90818331804607,43,75,11,11
1616698489837,32.87654525985922,-117.22206805421183,64.92209138484509,42,75,11,11
1616698489958,32.876540745440174,-117.22206738975262,64.93574387841386,43,75,11,11
1616698490110,32.87652412160151,-117.22206441420802,64.98888397454832,46,78,11,11
1616698490263,32.87652029702699,-117.22206366080837,65.00168086911744,46,78,11,11
1616698490436,32.8765165980487,-117.22206287539643,65.01135953806002,47,78,11,11
1616698490600,32.87651300493829,-117.22206208817762,65.0229913420748,47,78,11,11
1616698490713,32.87650952393326,-117.22206128974537,65.03445596921898,48,79,11,11
1616698490912,32.87649660245821,-117.22205807854836,65.07931346159678,52,82,11,11
1616698491025,32.87649359315747,-117.22205728100619,65.09088514117828,52,83,11,11
1616698491165,32.87649067177753,-117.22205647575986,65.10074680824407,54,84,11,11
1616698491260,32.87648782617167,-117.22205567601885,65.10998182999863,55,85,11,11
1616698491406,32.87648506974773,-117.2220548668737,65.12075967899594,56,86,11,11
1616698491575,32.87648241617072,-117.22205408080254,65.13001566253305,57,86,11,11
1616698491687,32.87647983743625,-117.22205330870997,65.13933021730237,58,87,11,11
1616698491915,32.876469895548844,-117.22205014374236,65.18456815194146,59,90,11,11
1616698492028,32.876467516357664,-117.22204936894884,65.19253317809074,59,91,11,11
1616698492163,32.87646515940953,-117.22204855214918,65.20163426336084,58,92,10,11
1616698492252,32.87646292359451,-117.22204771802812,65.20992100367602,57,92,10,11
1616698492507,32.876460619619074,-117.22204682279569,65.22149709404275,57,93,10,11
1616698492707,32.8764520246201,-117.22204357707986,65.2510717540366,55,94,10,11
1616698492874,32.87644980957109,-117.22204272753892,65.25540421898985,54,94,10,11
1616698492986,32.876447561084724,-117.22204186872858,65.2609696471602,54,95,10,11
1616698493097,32.876445263946415,-117.2220409292327,65.26603953352652,53,95,10,11
1616698493236,32.8764428789912,-117.22203996796983,65.26979803704387,53,95,10,11
1616698493325,32.87644037684603,-117.22203890034955,65.27765486518255,52,95,10,11
1616698493530,32.876437788757585,-117.22203787255788,65.28044196394575,52,95,10,11
1616698493705,32.87642700836244,-117.2220329875563,65.31920217699552,49,94,10,11
1616698493834,32.87642433038098,-117.22203172073448,65.32906601427786,49,94,10,11
