4925063701631,32.96431887789313,-117.09501352801334,134.84112812086488,658,423,15,11
4925063701766,32.96433089726747,-117.09500851894111,134.9202720213963,667,427,15,11
4925063701903,32.964343006353666,-117.09500322668353,135.00411533319968,677,432,15,11
4925063702026,32.96435521150264,-117.09499769588498,135.0893237064978,687,436,14,11
4925063702118,32.96436753213408,-117.09499195662468,135.17696586114937,696,441,14,11
4925063702266,32.9643787205343,-117.09498664101409,135.2557803476338,705,445,14,11
4925063702372,32.964391270076575,-117.0949806056228,135.34048169476628,715,449,14,11
4925063702471,32.96440395474598,-117.09497445156,135.42413195635314,725,454,14,11
4925063702560,32.964416768012555,-117.09496817293079,135.5076800916412,735,459,14,11
4925063702646,32.96442969994568,-117.0949617681883,135.59032402080817,745,463,14,11
4925063702725,32.964442762420326,-117.09495522920386,135.67751864903795,756,468,11,11
4925063702845,32.96445461625253,-117.09494919603209,135.76193464700742,765,472,9,11
4925063702936,32.964467885587815,-117.09494236978904,135.8544451278275,775,477,9,11
4925063703067,32.96448123599466,-117.09493542316753,135.9436057663303,785,481,6,11
4925063703180,32.96449464622995,-117.09492838123445,136.02992561850778,796,486,6,11
4925063703268,32.96450810032043,-117.09492121546842,136.1179392794499,806,491,5,11
4925063703397,32.964521603299836,-117.0949139315216,136.2138896445023,817,496,5,11
4925063703527,32.96453505220994,-117.09490664536426,136.31711819283456,826,500,0,13
4925063703614,32.964548472165525,-117.09489934204262,136.41781799507552,837,505,0,13
4925063703706,32.96456198108979,-117.0948920439311,136.51194729191644,848,510,0,13
4925063703809,32.96457556366579,-117.09488474786855,136.59395918706147,858,514,0,13
4925063703889,32.964589237522354,-117.09487749949498,136.66670159641146,869,519,0,13
4925063704013,32.96463082683137,-117.09485572622539,136.8908461670802,901,533,0,13
4925063704104,32.96464485375535,-117.09484837165276,136.95941319123702,912,538,0,13
4925063704206,32.96465896337059,-117.09484094733625,137.03277516250824,923,543,0,13
4925063704311,32.964673146026485,-117.09483343618258,137.10627536324316,934,548,0,13
4925063704408,32.96468743108133,-117.09482587320947,137.18589271894993,944,553,0,13
4925063704494,32.96470180672618,-117.09481826081125,137.26525305743087,956,558,0,13
4925063704593,32.964716280123604,-117.09481062086097,137.34320346965802,967,563,0,13
4925063704676,32.96473085431889,-117.09480293796234,137.42272628999336,978,568,0,13
4925063704788,32.964745525939215,-117.09479521770146,137.50209563602283,990,573,0,13
4925063704892,32.964760295772365,-117.09478746839247,137.5808058701617,1001,578,0,13
4925063704977,32.96477515648775,-117.09477967260779,137.65905956650494,1012,582,0,13
4925063705160,32.96479011283756,-117.0947718422228,137.739237580725,1024,588,0,13
4925063705234,32.96480515708405,-117.09476395890182,137.82152266728593,1035,593,0,13
4925063705347,32.96482029789603,-117.09475602059754,137.9099086144555,1047,598,0,13
4925063705435,32.96483553274605,-117.09474803496187,137.99893811182795,1059,603,0,13
4925063705519,32.96485085329507,-117.09473999234969,138.0836627874615,1071,608,0,13
4925063705619,32.96486626371082,-117.09473192269873,138.1629606222856,1083,613,0,13
4925063705716,32.964881757861974,-117.09472380863345,138.24031082374754,1094,618,0,13
4925063705866,32.96489732890552,-117.09471566127654,138.31432857254393,1106,623,0,13
4925063705954,32.96491298224753,-117.09470746298702,138.39155674335638,1118,628,0,13
4925063706105,32.964928719318436,-117.09469923937147,138.46901886567733,1131,634,0,13
4925063706188,32.96494454103759,-117.09469098165702,138.546107013027,1143,639,0,13
4925063706268,32.96496044454661,-117.09468269487961,138.6198214128346,1154,644,0,13
4925063706381,32.964976424798074,-117.09467439578363,138.68757528713883,1167,649,0,13
4925063706466,32.964992496717485,-117.09466605561917,138.75876264101137,1179,654,0,13
4925063706551,32.96500864869991,-117.09465770983628,138.8250434395068,1192,660,0,13
4925063706641,32.96502487578558,-117.09464933222912,138.88878853519006,1205,665,0,13
4925063706755,32.96504115760397,-117.09464091036983,138.94890181415718,1217,670,0,13
4925063706859,32.965057492157804,-117.09463240962614,139.01263872485526,1229,675,0,13
4925063706936,32.965073894371535,-117.0946238087473,139.0892084683506,1242,680,0,13
4925063707031,32.965090358843035,-117.0946151110497,139.16919458757343,1255,686,0,13
4925063707181,32.96510687168007,-117.09460632741919,139.24335806986736,1268,691,0,13
4925063707253,32.965123442098175,-117.09459745039932,139.3170875130083,1281,697,0,13
4925063707358,32.965140084907006,-117.0945884965823,139.39350858522823,1295,702,0,13
4925063707437,32.96515679365123,-117.09457947491232,139.46865513373365,1307,707,0,13
4925063707565,32.965173555478486,-117.09457036235388,139.54095493062633,1320,712,0,13
4925063707675,32.96519039526887,-117.09456114304241,139.61940752874747,1334,718,0,13
4925063707765,32.96520731809902,-117.09455186236463,139.6958704619178,1347,723,0,13
4925063707923,32.96522431622291,-117.09454254536766,139.76504942352605,1361,729,0,13
4925063708032,32.965241401385306,-117.09453314673958,139.83862437791646,1375,734,0,13
4925063708134,32.965258586645504,-117.09452370437657,139.91749858581915,1388,740,0,13
4925063708312,32.96527588596489,-117.0945142583625,139.99976204084996,1401,745,0,13
4925063708402,32.96529330903992,-117.0945047871688,140.08628301235035,1415,750,0,13
4925063708517,32.96531084104191,-117.09449527615027,140.1693251417973,1429,756,0,13
4925063708593,32.96532845687824,-117.09448575264615,140.24101690576015,1443,762,0,13
4925063708694,32.96534616656238,-117.0944761477931,140.32021882166788,1457,767,0,13
4925063708789,32.96536397481041,-117.09446646947332,140.40942067920756,1472,773,0,13
4925063708865,32.96538188687809,-117.09445674186627,140.50180457425222,1485,778,0,13
4925063708984,32.96539989391497,-117.09444696817948,140.59125483831744,1499,784,0,13
4925063709098,32.96541797253109,-117.09443713444371,140.67586052548424,1514,789,0,13
4925063709198,32.965436099016266,-117.09442724106718,140.75889257446406,1529,795,0,13
4925063709346,32.96545426738273,-117.09441726984765,140.84967087689864,1543,801,0,13
4925063709465,32.965472511165,-117.0944072369235,140.95592570687626,1558,806,0,13
4925063709551,32.96549078248535,-117.0943971859378,141.04650778115078,1572,811,0,13
4925063709639,32.965509127130446,-117.09438707108251,141.13623500805835,1587,817,0,13
4925063709729,32.965527516803704,-117.09437690803169,141.206628797468,1602,823,0,13
4925063709823,32.96554591715157,-117.09436674579108,141.25410866972138,1617,829,0,13
4925063710024,32.96570218029023,-117.09428142405771,138.68033991384536,572,653,14,11
4925063710172,32.96572543596007,-117.0942666678793,138.30527721948363,444,608,14,11
4925063710272,32.96574656555905,-117.09425340027771,138.03505049025173,367,567,14,11
4925063710354,32.96576704247233,-117.0942406880774,137.80819500422209,315,531,14,11
4925063710437,32.9657871594205,-117.09422824230826,137.6197388310212,278,497,14,11
4925063710517,32.96580721733464,-117.0942158767295,137.46274799272524,249,467,14,11
4925063710624,32.96582734400812,-117.09420357681235,137.38160437757782,227,440,14,11
4925063710734,32.965847497589635,-117.09419129974181,137.34529010714496,210,415,14,11
4925063710855,32.96586764653994,-117.09417903092245,137.34160102581913,195,393,14,11
4925063710976,32.965887869439726,-117.09416676679484,137.35634107585568,183,373,14,11
4925063711117,32.96590812623443,-117.09415448462654,137.38856137291955,173,355,14,11
4925063711207,32.965928389907695,-117.09414220651398,137.42723611640452,164,339,14,11
4925063711307,32.96594872159794,-117.09412990865344,137.47487591640285,157,325,14,11
4925063711388,32.96596907796528,-117.09411762309487,137.53144028899447,150,312,14,11
4925063711469,32.965989451156446,-117.09410537337548,137.58260854649498,145,300,14,11
4925063711552,32.96600984426786,-117.09409311900086,137.63081115996133,140,289,14,11
4925063711641,32.96603024416951,-117.0940808235294,137.6818459498335,136,279,14,11
4925063711746,32.96605064646915,-117.09406849715583,137.73420380351678,132,270,14,11
