1615684367654,32.78115451981459,-117.20809078753098,-29.600973704012173,35,50,10,11
1615684367745,32.781183908729524,-117.20808511825267,-29.58822250342429,35,51,10,11
1615684367875,32.78127227560553,-117.20806836378313,-29.55789605674181,35,51,10,11
1615684368016,32.78130165454932,-117.20806279949103,-29.545955131116603,35,51,10,11
1615684368166,32.78133106491865,-117.20805727143443,-29.532150615971407,35,51,10,11
1615684368279,32.78136044174203,-117.2080517283035,-29.529595141468988,36,52,10,11
1615684368410,32.781389857578816,-117.20804620798555,-29.51549763645012,36,52,10,11
1615684368526,32.78141948507867,-117.20804060357011,-29.506168565487606,35,52,10,11
1615684368628,32.781448889075236,-117.20803503630792,-29.50024724224079,35,51,10,11
1615684368882,32.78156653050271,-117.20801279577536,-29.46647214067909,33,49,10,11
1615684368983,32.781596157133436,-117.20800725984286,-29.47137312396935,32,48,10,11
1615684369167,32.781625606039576,-117.20800172883678,-29.459456360462884,32,48,10,11
1615684369352,32.78165503808964,-117.20799620092605,-29.451387844790652,32,48,10,11
1615684369535,32.78177313123526,-117.20797418138501,-29.437916665048995,32,48,10,11
1615684369684,32.781802621432966,-117.20796870043831,-29.43314240961125,33,49,10,11
1615684369847,32.781832097351526,-117.20796323608756,-29.434515579414715,34,49,10,11
1615684369961,32.78186159584037,-117.20795778382697,-29.434254209573403,35,50,10,11
1615684370098,32.78189108218102,-117.20795231960315,-29.43293608843008,35,51,10,11
1615684370256,32.78192058819488,-117.20794684814862,-29.43023495802208,36,51,10,11
1615684370372,32.78195034343286,-117.20794134106369,-29.430451123295715,36,52,10,11
1615684370574,32.78206836394168,-117.20791958742983,-29.428738284332635,38,54,10,11
1615684370693,32.78209788113391,-117.20791415469068,-29.417583415259234,37,53,11,11
1615684370863,32.782127668457264,-117.20790869286338,-29.41490971861944,37,53,11,11
1615684370976,32.7821571951989,-117.20790324137373,-29.417405423847786,37,54,11,11
1615684371077,32.78218669257136,-117.20789785518522,-29.416582229471903,37,54,11,11
1615684371373,32.782305090636456,-117.20787630494993,-29.37802319245098,36,53,10,11
1615684371473,32.78233463642681,-117.20787096727831,-29.366893670211383,36,53,10,11
1615684371601,32.782364165720004,-117.20786564812325,-29.35476448035304,36,52,10,11
1615684371746,32.782393710304824,-117.20786033426889,-29.339641337503295,35,52,10,11
1615684371912,32.78242328982955,-117.20785503195198,-29.334978016597812,35,52,10,11
1615684372026,32.782452828431346,-117.2078497504645,-29.33125478845249,35,52,10,11
1615684372238,32.78257141176697,-117.20782851546548,-29.270673824220637,35,52,10,11
1615684372397,32.7826010157731,-117.20782320843374,-29.259282156302525,35,52,10,11
1615684372498,32.78263059697514,-117.20781792242884,-29.255071952080993,36,52,9,11
1615684372611,32.78266018252276,-117.20781264611756,-29.253525170186098,36,53,9,11
1615684372763,32.78268975882806,-117.2078073868629,-29.24832007708676,36,53,9,11
1615684372884,32.782719342671264,-117.20780217613067,-29.24529373312816,36,53,8,11
1615684373030,32.78274888607576,-117.20779692620707,-29.235136430025598,35,52,9,11
1615684373247,32.782866954514695,-117.20777601838526,-29.2087069267576,35,52,9,11
1615684373392,32.7828964528436,-117.20777081019824,-29.19271911677755,35,52,9,11
1615684373500,32.7829258939676,-117.20776558305046,-29.178676862044306,35,52,9,11
1615684373645,32.78295532805414,-117.2077603713675,-29.16100898721949,35,52,9,11
1615684373759,32.782984728106236,-117.20775515897459,-29.151827998307255,35,52,9,11
1615684373880,32.78301410687114,-117.20774995757557,-29.13553944508665,35,52,9,11
1615684374025,32.78304346694336,-117.20774474674086,-29.11914186274844,35,52,9,11
1615684374240,32.78316064091154,-117.20772405829857,-29.080778868592382,37,54,11,11
1615684374384,32.78318987548753,-117.20771885843585,-29.065213204855144,38,54,11,11
1615684374485,32.78321907408751,-117.20771368027951,-29.052122591288747,38,54,11,11
1615684374631,32.78324825393186,-117.20770853479333,-29.03680218541325,38,55,11,11
1615684374745,32.78327740687086,-117.20770338115975,-29.020363227673823,38,55,11,11
1615684374879,32.783306541688425,-117.20769821098708,-29.00016815437113,38,54,11,11
1615684375037,32.78333567175387,-117.20769302329278,-28.97146458549205,37,53,11,11
1615684375149,32.78342288020576,-117.20767755583621,-28.881807366224102,35,52,11,11
1615684375243,32.78345190510307,-117.20767239484161,-28.848732677247593,34,51,11,11
1615684375387,32.78348092111126,-117.20766726117384,-28.821494423470156,33,50,11,11
1615684375491,32.78350991485759,-117.20766212049051,-28.789042242595034,32,48,11,11
1615684375601,32.78353888708865,-117.20765699774232,-28.76174727478839,31,47,11,11
1615684375751,32.78356782711835,-117.20765191319896,-28.733463575143805,31,48,11,11
1615684375922,32.783596787577224,-117.20764681739084,-28.698743950550018,31,48,11,11
1615684376037,32.783625725826184,-117.20764174347921,-28.667372684468155,31,47,11,11
1615684376248,32.7837412403704,-117.20762146341798,-28.539864673466308,32,47,11,11
1615684376398,32.78377007287382,-117.20761634003493,-28.508061702000337,31,47,11,11
1615684376496,32.78379889693314,-117.20761122110123,-28.475249665057,31,46,11,11
1615684376640,32.78382769567492,-117.20760604982085,-28.444136381619053,30,45,11,11
1615684376751,32.78385648468836,-117.20760086795768,-28.41774687593873,28,43,11,11
1615684376887,32.78388526024771,-117.20759573297305,-28.38680776325827,28,42,11,11
1615684377034,32.78391404758694,-117.20759061627209,-28.34964262222275,28,42,11,11
1615684377135,32.78394280746028,-117.20758551664215,-28.324352504698396,27,42,11,11
1615684377272,32.784029054505055,-117.20757027912448,-28.247499981069204,26,40,11,11
1615684377416,32.78405778860272,-117.20756524274927,-28.22387398767291,26,40,10,11
1615684377517,32.784086491914714,-117.20756018997803,-28.205342817344725,26,40,10,11
1615684377630,32.7841152073618,-117.2075551208271,-28.18369828381794,26,40,10,11
1615684377774,32.78414392500189,-117.20755003469743,-28.153469551778414,27,40,10,11
