1611350878278,32.93808996436051,-117.24155970855158,-0.3611706470685903,77,124,13,11
1611350878370,32.938122769983124,-117.24156218850072,-0.24696785040473557,77,124,13,11
1611350878529,32.93815555210796,-117.24156470194853,-0.1424208854941021,77,124,12,11
1611350878623,32.93818832996987,-117.24156721404489,-0.03366937945504472,77,124,12,11
1611350878707,32.938221123535804,-117.24156972228754,0.07854596326442159,77,124,12,11
1611350878807,32.93825392272992,-117.24157223382691,0.18652521404174927,77,124,12,11
1611350878890,32.93828669810626,-117.24157476824377,0.2946182362307952,77,124,12,11
1611350878992,32.93831944738592,-117.24157733055779,0.39796780818790456,77,124,12,11
1611350879072,32.93835216304085,-117.24157989184012,0.500024845096321,77,124,12,11
1611350879164,32.938384876767365,-117.24158246260542,0.6145183463128118,77,124,12,11
1611350879300,32.93841756804176,-117.24158505677907,0.7283911934606653,77,124,13,11
1611350879442,32.93845026951249,-117.2415876789813,0.8413860051350898,77,124,13,11
1611350879545,32.9384829133574,-117.24159034903956,0.950282414627445,77,124,13,11
1611350879629,32.9385155301758,-117.24159306205956,1.0546818096687662,77,124,13,11
1611350879731,32.93854812350762,-117.24159583867424,1.1612891306166,77,124,13,11
1611350879813,32.93858068353571,-117.24159869401832,1.2641999001879785,77,124,13,11
1611350879894,32.93861322780168,-117.24160161838222,1.370140825760589,77,124,13,11
1611350879995,32.93864577668541,-117.24160464508905,1.475765999299212,77,123,13,11
1611350880079,32.93867827991446,-117.24160775544077,1.5808445760844805,77,123,13,11
1611350880220,32.93871075117929,-117.24161094535098,1.6792140749087963,77,123,13,11
1611350880399,32.93884064355911,-117.2416245739115,2.09445836096143,77,123,13,11
1611350880499,32.93887308787792,-117.24162818003923,2.200043549413987,77,123,13,11
1611350880595,32.93890553777593,-117.24163186045797,2.307528396311632,77,123,13,11
1611350880695,32.93893799124073,-117.2416356041006,2.4133793413092004,77,123,13,11
1611350880794,32.93897041018709,-117.24163938814182,2.5090245859753484,77,123,13,11
1611350880885,32.93900282173355,-117.24164317647192,2.612662281734653,77,123,13,11
1611350880988,32.93903529037352,-117.24164698411155,2.7231930651705083,77,123,13,11
1611350881126,32.93906771233483,-117.24165080547908,2.836295378033014,77,123,13,11
1611350881195,32.939100094525585,-117.24165467256952,2.933573254730478,77,123,13,11
1611350881299,32.939132449084426,-117.24165855194632,3.029328899273028,77,123,13,11
1611350881442,32.93916479304792,-117.24166243493703,3.135332405494856,77,123,13,11
1611350881526,32.93919716013048,-117.24166632781052,3.2505323424003953,77,123,13,11
1611350881633,32.93922955939733,-117.24167024528646,3.356190171114945,77,123,13,11
1611350881747,32.939261862834854,-117.24167418598297,3.452859773617857,77,123,13,11
1611350881846,32.93929413616346,-117.24167816272303,3.5512681734858242,77,123,13,11
1611350881936,32.93932640548107,-117.2416821745362,3.6587114052063634,77,123,13,11
1611350882027,32.93935866692153,-117.24168624802896,3.7638368090683256,77,123,13,11
1611350882153,32.93939088479547,-117.24169037127811,3.864364769988442,77,123,13,11
1611350882234,32.9394231513127,-117.24169454319005,3.963716859546265,77,123,13,11
1611350882401,32.93945532786124,-117.2416987133989,4.069705907565018,77,123,13,11
1611350882498,32.93948749119544,-117.24170288051674,4.17401852184976,77,123,13,11
1611350882580,32.939519634973195,-117.24170708300122,4.273267583235641,77,123,13,11
1611350882665,32.939551730578046,-117.24171131009376,4.371023124402724,77,123,13,11
1611350882743,32.93958380952819,-117.24171558729812,4.476216575061807,77,123,13,11
1611350882848,32.939615939172235,-117.24171991951705,4.583365010234998,77,123,13,11
1611350882981,32.93964795373812,-117.2417243117103,4.684397664342933,77,123,13,11
1611350883081,32.93967993843591,-117.24172876935603,4.78372685956287,77,123,13,11
1611350883214,32.939711871416115,-117.24173329098139,4.881289755520952,77,123,13,11
1611350883313,32.93974376917867,-117.24173787540214,4.979322749074239,77,123,13,11
1611350883424,32.93977562045446,-117.24174252107,5.082966624867214,77,123,13,11
1611350883504,32.93980752786432,-117.24174722762066,5.189541339352657,77,123,13,11
1611350883592,32.93983931461725,-117.24175198005456,5.297603102780899,77,123,13,11
1611350883672,32.93987105432966,-117.24175680616858,5.404391851137806,77,123,13,11
1611350883753,32.939902748934834,-117.24176165175633,5.509219126808616,77,123,13,11
1611350883850,32.939934426562935,-117.24176648099133,5.618293373097132,77,123,13,11
1611350883946,32.93996605952484,-117.24177130720338,5.72119940656904,77,123,13,11
1611350884091,32.939997761164065,-117.24177616536888,5.827702075475978,77,123,13,11
1611350884225,32.940029326057015,-117.24178104737885,5.931553957711515,77,123,12,11
1611350884306,32.940060855574494,-117.24178596943125,6.033076042977887,77,123,12,11
1611350884479,32.94009233331072,-117.24179094351005,6.130457925174708,77,123,12,11
1611350884648,32.94012377672233,-117.24179596734747,6.236932459559364,77,123,12,11
1611350884734,32.94015518334912,-117.24180106140774,6.341031030205594,77,123,12,11
1611350884814,32.94018663825609,-117.24180622316281,6.4416295180481535,77,123,12,11
1611350884901,32.94021793600833,-117.24181142619491,6.538186418730181,77,123,12,11
1611350885013,32.94024919337825,-117.24181668629606,6.638665969038043,77,123,12,11
1611350885106,32.94028042036613,-117.24182198113314,6.744217616081943,77,123,12,11
1611350885196,32.94031160486552,-117.24182733844039,6.846062317054986,77,123,12,11
1611350885377,32.940342734703115,-117.24183273095318,6.94729009795764,77,123,12,11
1611350885458,32.94037394991441,-117.2418381550371,7.055673429792727,77,123,12,11
1611350885561,32.94040501847856,-117.24184358676236,7.159662546705513,77,123,12,11
1611350885664,32.9404360420832,-117.24184901777272,7.252728226927136,77,123,12,11
1611350885747,32.94046704070707,-117.24185444762611,7.350315674508944,77,123,12,11
1611350885828,32.940497988594,-117.24185988722124,7.446540462592585,77,123,12,11
1611350885907,32.940528913569494,-117.24186532436536,7.547949970663631,77,123,12,11
1611350886063,32.940559923894384,-117.24187076729596,7.649028791137951,77,123,12,11
1611350886144,32.9405907842057,-117.24187619789096,7.742436077031577,77,123,13,11
1611350886235,32.94062159980587,-117.24188165157211,7.83663825389536,77,123,13,11
1611350886399,32.940744623990696,-117.24190357512876,8.230430148075776,77,123,13,11
1611350886491,32.940775239527206,-117.24190909771845,8.329186427072173,77,123,13,11
1611350886589,32.94080584078217,-117.2419146414174,8.437047714062873,77,123,13,11
1611350886681,32.94083639854912,-117.24192019526768,8.539396868716823,77,123,13,11
1611350886820,32.94086691829223,-117.24192577267651,8.63878337940525,77,123,12,11
1611350886911,32.940897401712306,-117.24193135593242,8.737959433458572,77,123,12,11
1611350887003,32.94092798568074,-117.24193695349486,8.838515081501454,77,123,12,11
1611350887130,32.94095840111606,-117.24194252903749,8.939799804735086,77,123,12,11
1611350887214,32.94098879103499,-117.24194811314004,9.041431127745977,77,123,12,11
1611350887315,32.941019156049876,-117.24195370234527,9.145831742537814,77,123,12,11
1611350887411,32.94104947269678,-117.24195929839725,9.243923804878493,77,123,12,11
1611350887491,32.94107977802793,-117.24196486809005,9.347511470502283,77,123,12,11
1611350887597,32.94111017706656,-117.241970476705,9.446831731922902,77,122,12,11
1611350887729,32.94114040799016,-117.24197608466139,9.552078803355352,77,122,12,11
1611350887822,32.941170610078366,-117.24198168330248,9.656091220964528,77,123,12,11
1611350887929,32.94120079553291,-117.24198728411044,9.761754341968796,77,123,12,11
1611350888019,32.94123095507652,-117.24199288983401,9.866678689227138,77,123,12,11
1611350888149,32.94126109947984,-117.24199850006426,9.969169444313149,77,123,13,11
1611350888230,32.94129136001363,-117.24200411352643,10.075316221285563,77,122,13,11
1611350888406,32.94132146766883,-117.24200967870908,10.179934224533513,77,122,13,11
