1633098862942,32.715455996625465,-117.12422869999715,6.059186131186934,38,87,15,11
1633098863054,32.715451320620375,-117.12424386519533,6.097305991099126,38,88,15,11
1633098863143,32.71544662962899,-117.12425913379859,6.136589156642317,38,88,15,11
1633098863299,32.7154419008816,-117.12427451220245,6.177037706749535,39,89,15,11
1633098863454,32.71542752722264,-117.12432123841677,6.29723680664151,40,90,15,11
1633098863660,32.71542268679908,-117.12433699245085,6.336342241246807,40,90,15,11
1633098863769,32.71541781010194,-117.12435285979709,6.377295463300516,40,91,15,11
1633098863907,32.715412918708374,-117.12436881627444,6.420297266572606,40,91,15,11
1633098864029,32.71540795333023,-117.12438489865362,6.461897926716411,40,91,15,11
1633098864154,32.71540300445088,-117.12440107050772,6.506120633975663,40,92,15,11
1633098864294,32.715387925050564,-117.12444993436657,6.637870491539967,40,92,15,11
1633098864407,32.715382820965466,-117.12446635678849,6.681211922149749,40,92,15,11
1633098864531,32.7153777094151,-117.124482892076,6.722396591499006,40,92,15,11
1633098864701,32.715372551677284,-117.1244994044806,6.769135851133662,40,92,15,11
1633098864820,32.715367378961396,-117.12451598430904,6.81260943263105,40,93,15,11
1633098864964,32.715362198585844,-117.124532619018,6.856276598195975,41,93,15,11
1633098865074,32.71535695705944,-117.12454931086124,6.903869328508565,41,93,15,11
1633098865193,32.715351705528754,-117.12456604607688,6.9480397645689855,41,93,15,11
1633098865471,32.71533058857597,-117.12463364782317,7.141147502227056,41,94,15,11
1633098865583,32.71532526815631,-117.12465066794438,7.19126065150791,41,94,15,11
1633098865721,32.71531994738451,-117.12466773153724,7.239405142254815,40,93,15,11
1633098865867,32.71531460417128,-117.12468497716834,7.295109653777619,39,92,15,11
1633098866003,32.715309273906115,-117.1247021875334,7.348935908113836,38,91,15,11
1633098866221,32.715287793561764,-117.12477162896685,7.544932616080181,36,87,15,11
1633098866415,32.71528235892207,-117.12478922353607,7.591436322815252,35,86,15,11
1633098866527,32.71527694866242,-117.12480678339513,7.637035032362722,35,86,15,11
1633098866645,32.71527149110617,-117.12482442741121,7.688171766668011,35,86,15,11
1633098866902,32.71524941196932,-117.12489558995046,7.891736571708762,34,83,15,11
1633098867023,32.715243856415604,-117.12491354611981,7.946235395559401,34,83,15,11
1633098867143,32.71523826623902,-117.12493155950692,7.998976582805323,34,83,15,11
1633098867256,32.715232686901594,-117.12494965585849,8.053624827143826,34,83,15,11
1633098867390,32.715227065592366,-117.12496782421964,8.109980742220872,34,83,15,11
1633098867688,32.715204332906374,-117.12504125844877,8.332918607229168,35,83,15,11
1633098867823,32.71519859493396,-117.12505974909465,8.39007387376811,35,83,15,11
1633098867939,32.715192838984144,-117.12507823952406,8.445565623356686,35,84,15,11
1633098868057,32.715187048576844,-117.1250968152274,8.507870932945293,36,85,15,11
1633098868162,32.71518124439894,-117.12511557491555,8.563521649249887,36,85,15,11
1633098868307,32.715175477342214,-117.125134211424,8.617465252505816,36,84,15,11
1633098868442,32.71516970342559,-117.12515288680362,8.67602615005686,36,84,15,11
1633098868560,32.715152276322236,-117.12520874263868,8.865046159488871,35,83,15,11
1633098868683,32.715146461259764,-117.1252275227446,8.923980569019678,35,82,15,11
1633098868836,32.715140616258,-117.12524613790262,8.987286978844358,35,82,15,11
1633098868951,32.71513478156418,-117.12526475387035,9.04453381351816,34,81,15,11
1633098869068,32.7151289219286,-117.12528338967631,9.106870323398066,34,80,15,11
1633098869167,32.71512304965286,-117.12530202727892,9.166422123141647,35,81,15,11
1633098869312,32.71511718289159,-117.12532065282056,9.230880943267293,35,81,15,11
1633098869493,32.71509948554063,-117.12537650754692,9.415154319025064,36,82,15,11
1633098869667,32.71509360287154,-117.12539498251898,9.472121652643114,36,82,15,11
1633098869777,32.715087734912494,-117.12541342962803,9.532452928050398,37,83,15,11
1633098869912,32.71508190500599,-117.1254317559819,9.593034731845904,36,82,15,11
1633098870050,32.71507603845299,-117.12545017724693,9.654010462735922,36,81,15,11
1633098870167,32.71507020370776,-117.1254683957578,9.718928940929935,35,80,15,11
1633098870258,32.71506440111853,-117.12548652405104,9.778141990596536,34,79,15,11
1633098870401,32.71504711810299,-117.12554045628208,9.947729221872983,33,77,15,11
1633098870515,32.71504133469454,-117.12555841314789,10.00999023769513,33,77,15,11
1633098870653,32.71503560857518,-117.12557612485851,10.06976659294269,32,75,15,11
1633098870797,32.71502994503478,-117.12559379309657,10.127235712268735,32,75,15,11
1633098870932,32.71502425953492,-117.12561137556033,10.185155528875605,32,74,15,11
1633098871045,32.71501859629257,-117.12562891950417,10.238910959237623,32,75,15,11
1633098871161,32.71501293583974,-117.1256464662957,10.295269051897488,32,74,15,11
1633098871250,32.715007246036336,-117.12566413473107,10.345879535794174,32,74,15,11
1633098871434,32.71499033440516,-117.12571691759373,10.50841503664923,32,73,15,11
1633098871514,32.71498467601767,-117.12573462922389,10.56810498780104,32,74,15,11
1633098871684,32.71497901283729,-117.12575242850401,10.62696139571866,32,73,15,11
1633098871833,32.71497329262872,-117.12577045636529,10.682203063394066,32,74,15,11
1633098871975,32.714967608741524,-117.12578843327208,10.740963350451253,33,74,15,11
1633098872091,32.71496189104441,-117.12580647955643,10.797553902507584,33,75,15,11
1633098872293,32.714938823868366,-117.12587988408126,11.026074262523315,34,75,15,11
1633098872409,32.714933025821956,-117.12589844236908,11.080958107867982,34,75,15,11
1633098872523,32.71492718634311,-117.12591711245267,11.137470059624299,34,75,15,11
1633098872657,32.71492135058328,-117.12593587564449,11.192513059943558,34,75,15,11
1633098872806,32.714915477643515,-117.12595473746411,11.250306588149193,34,75,15,11
1633098872941,32.7149095693133,-117.12597371080727,11.310079051300244,33,74,15,11
1633098873060,32.71490369920549,-117.12599278424824,11.36233535903193,33,74,15,11
