1483236459517,32.80003554044323,-117.14965287438775,63.27201949664247,35,59,13,11
1483236459709,32.800150380536124,-117.14968078408135,63.421655346786416,33,57,12,11
1483236459844,32.80017906395196,-117.14968791368379,63.45781087393683,33,56,12,11
1483236460099,32.800207760102886,-117.14969510750474,63.49625990733228,32,55,12,11
1483236460301,32.80032247304039,-117.14972441553412,63.64787031016019,31,53,12,11
1483236460446,32.80035113521483,-117.14973191571677,63.67558386744881,30,52,12,11
1483236460562,32.80037979040616,-117.14973945744582,63.70026893541313,30,51,12,11
1483236460673,32.800408435720065,-117.14974702205438,63.721665637823925,29,50,12,11
1483236460786,32.80043708458016,-117.14975460736501,63.74538952761554,29,49,12,11
1483236460924,32.80046574899772,-117.14976218128413,63.77163837561645,29,50,14,11
1483236461122,32.800494420959765,-117.14976976371602,63.797236035634754,29,49,14,11
1483236461299,32.80060914285604,-117.1498000200804,63.89057505553631,31,50,14,11
1483236461452,32.80063781233602,-117.14980760036116,63.914991041496855,31,50,14,11
1483236461564,32.800666477508095,-117.14981519261228,63.93834012296449,31,50,14,11
1483236461677,32.80069520917907,-117.14982282068209,63.96164864616555,32,50,14,11
1483236461812,32.800723843571326,-117.1498304432921,63.98308635807178,32,50,14,11
1483236461948,32.80075248802821,-117.14983807824275,64.00826356534397,32,51,14,11
1483236462240,32.80086710420274,-117.1498688172489,64.09189298657462,33,51,14,11
1483236462342,32.80089568055678,-117.14987651025436,64.11173209071544,33,51,14,11
1483236462486,32.80092426574826,-117.1498842265452,64.13794403229424,34,52,14,11
1483236462601,32.800952824706044,-117.14989195260308,64.16231005375296,34,52,14,11
1483236462715,32.80098138988662,-117.14989967273105,64.1916911143158,34,52,14,11
1483236462850,32.80100994243625,-117.14990741111227,64.22005741960945,34,52,14,11
1483236462984,32.801038641981094,-117.14991517872409,64.24945903997327,34,52,14,11
1483236463148,32.80112421624576,-117.14993820661132,64.32720963518427,35,53,14,11
1483236463277,32.801152713187555,-117.14994586343686,64.35478379682365,35,53,14,11
1483236463380,32.80118121043384,-117.1499534974075,64.38204352015256,35,53,14,11
1483236463521,32.80120987829295,-117.1499611982651,64.40913630527756,34,53,14,11
1483236463634,32.801238336467385,-117.14996885410928,64.43479659407096,34,53,14,11
1483236463746,32.80126679163531,-117.14997648943881,64.46526177049819,34,53,14,11
1483236464044,32.801380778485814,-117.15000699904016,64.59047956258972,34,53,14,11
1483236464158,32.80140914121633,-117.15001461700709,64.62504749871181,33,52,14,11
1483236464262,32.80143750693021,-117.15002222289068,64.65693422211675,33,52,14,11
1483236464394,32.801465888758074,-117.15002980015359,64.68782140920014,34,53,14,11
1483236464539,32.801494273986876,-117.15003736436161,64.71678098874656,34,53,14,11
1483236464654,32.80152263120878,-117.15004494949494,64.74308574912627,34,53,14,11
1483236464768,32.80155098096254,-117.15005250667873,64.76903794424757,34,53,14,11
1483236465032,32.80166434986775,-117.15008253565338,64.89127596802041,34,53,14,11
1483236465148,32.80169267292863,-117.15009004840475,64.92257264410641,33,53,14,11
1483236465239,32.80172099206547,-117.15009754430162,64.95656711809974,33,53,14,11
1483236465404,32.801749303586476,-117.1501050356408,64.9950129158403,33,53,14,11
1483236465517,32.80177760315077,-117.1501125305388,65.03190636859532,34,53,14,11
1483236465629,32.801805892438544,-117.15012002724991,65.07583126116164,34,53,14,11
1483236465742,32.80183416675427,-117.1501275306944,65.11433264826934,34,53,14,11
1483236465909,32.801862453459485,-117.15013503733678,65.15260955051833,34,53,14,11
1483236466051,32.80194719949714,-117.15015759419364,65.2687746921975,34,53,14,11
1483236466167,32.80197543086901,-117.15016511922035,65.31248313018203,34,53,14,11
1483236466298,32.80200364588127,-117.15017267297308,65.35498687256636,34,53,14,11
1483236466408,32.80203187462313,-117.15018021845135,65.39445938968477,34,53,14,11
1483236466556,32.80206007332857,-117.15018779038083,65.43042013419605,34,53,14,11
1483236466666,32.80208824733819,-117.15019532925399,65.46375327946659,34,53,14,11
1483236466778,32.80211639698757,-117.15020289116397,65.49784995947832,34,53,14,11
1483236467033,32.80222899323162,-117.15023316287618,65.66242605403684,33,53,13,11
1483236467149,32.802257121499295,-117.1502407142781,65.69874961745798,33,53,13,11
1483236467265,32.80228522344955,-117.1502482746213,65.73108269899106,33,53,13,11
1483236467375,32.80231332685847,-117.15025586192269,65.76113115075601,32,52,13,11
1483236467538,32.80234141622865,-117.15026343022406,65.7901051364805,32,52,13,11
1483236467651,32.802369580642306,-117.15027100451384,65.82709207569232,32,52,13,11
1483236467763,32.80239768388976,-117.15027859125725,65.86038197932082,32,52,13,11
1483236468017,32.80248195972799,-117.1503012916251,65.96722490205816,33,53,13,11
1483236468139,32.802510036863474,-117.1503088669214,66.00586902472676,34,53,13,11
1483236468258,32.8025382397515,-117.15031648241174,66.04721561922516,34,54,13,11
1483236468371,32.80256631977595,-117.1503240897142,66.08573607749003,34,54,13,11
1483236468505,32.802594398192824,-117.15033167096284,66.12570575985487,34,55,13,11
1483236468594,32.802622466010675,-117.15033926443537,66.16358735994675,35,55,13,11
1483236468815,32.8027349110851,-117.15036964213938,66.32005774131366,35,56,14,11
1483236468964,32.80276301297679,-117.15037715788436,66.36073010193749,35,56,13,11
1483236469098,32.80279110455637,-117.15038466369758,66.39065187737071,36,56,13,11
1483236469222,32.80281920641981,-117.15039216785554,66.42258142915021,36,57,13,11
1483236469344,32.802847283362105,-117.15039965937454,66.45493729751192,37,58,12,11
1483236469477,32.80287555587908,-117.15040719925,66.48634570631917,37,58,12,11
1483236469602,32.802903634649155,-117.15041464055794,66.5193350321436,37,58,12,11
