1615684167197,32.73484629034186,-117.17429573629556,-7.853979091595551,93,100,10,11
1615684167467,32.73494547463917,-117.1743785490705,-7.6762031640618575,93,105,10,11
1615684167548,32.734970334350066,-117.17439903644826,-7.625625829019597,93,105,9,11
1615684167692,32.734995252852876,-117.17441945865235,-7.577917263597649,92,106,9,11
1615684167877,32.7350201534104,-117.17443991316637,-7.517671381444682,93,107,9,11
1615684167994,32.73504524732193,-117.17446048108603,-7.465370146665471,94,108,8,11
1615684168086,32.735070106705926,-117.17448095372362,-7.410982358759793,93,108,6,11
1615684168329,32.735169640105575,-117.17456303285155,-7.158010396693196,99,113,0,13
1615684168431,32.735194498441835,-117.17458356088852,-7.086167788990719,101,115,0,13
1615684168553,32.735219363156624,-117.17460408636913,-7.0098041877207935,103,117,0,13
1615684168674,32.7352442242141,-117.1746246164073,-6.933683849735787,106,119,0,13
1615684168830,32.73526906287278,-117.17464516332271,-6.86029434282708,108,121,0,13
1615684168947,32.735293884069755,-117.1746657413516,-6.781795624047025,111,122,0,13
1615684169196,32.735392878136146,-117.1747483394385,-6.439826497860604,122,130,0,13
1615684169351,32.73541752458595,-117.17476909016256,-6.347648066754971,125,132,0,13
1615684169439,32.73544212526426,-117.17478989416465,-6.249133687238366,128,134,0,13
1615684169575,32.73546669305429,-117.17481073677455,-6.145454809869548,130,136,0,13
1615684169722,32.73549123389243,-117.1748315989429,-6.041452282120841,133,138,0,13
1615684169937,32.73551575616214,-117.17485246767298,-5.93954597191228,137,140,8,11
1615684170156,32.73561347505943,-117.17493632825324,-5.530446948909051,147,147,8,11
1615684170294,32.73563804265349,-117.17495754202626,-5.4330278377527215,149,149,8,11
1615684170410,32.73566240895797,-117.17497851033245,-5.3397041849950995,151,151,8,11
1615684170520,32.73568673565329,-117.17499952538965,-5.24397454461668,153,153,8,11
1615684170618,32.73571102193821,-117.17502057857452,-5.143533131358812,155,155,8,11
1615684170762,32.73573530252954,-117.17504164160887,-5.0461653589729645,157,157,8,11
1615684170909,32.73575957976104,-117.1750626083055,-4.951544234041582,159,158,8,11
1615684171059,32.7357840904032,-117.1750837982292,-4.85971401920159,160,160,10,11
1615684171156,32.73585679833907,-117.17514688331208,-4.5892286722815845,160,164,10,11
1615684171301,32.73588096600362,-117.17516792863687,-4.507999273123387,159,165,10,11
1615684171412,32.735905262522316,-117.17518885304779,-4.430120090314264,157,165,10,11
1615684171524,32.735929667498276,-117.17521002930808,-4.364900581456669,155,166,10,11
1615684171623,32.735953887912665,-117.17523099342753,-4.3064698237908114,153,166,10,11
1615684171769,32.735978084146346,-117.17525192759877,-4.253936844922437,150,166,10,11
1615684171930,32.73600220584514,-117.175272913654,-4.203736699410251,147,166,10,11
1615684172178,32.7360989367719,-117.1753567766757,-3.9531888661971104,146,170,11,11
1615684172312,32.73612300802639,-117.17537765765051,-3.871497680523434,145,170,11,11
1615684172425,32.73614707493169,-117.1753985823224,-3.784016141720514,142,171,11,11
1615684172551,32.736171089520084,-117.1754195217891,-3.6892632553895526,140,171,11,11
1615684172663,32.73619505084495,-117.17544048717399,-3.6096262756820083,136,170,11,11
1615684172784,32.73621899920994,-117.17546143677444,-3.5353918155248736,134,170,11,11
1615684172948,32.73624291139857,-117.17548225467213,-3.4635525639549525,132,170,11,11
1615684173251,32.73633830681971,-117.17556578014158,-3.184759135808403,122,168,11,11
1615684173382,32.73636214348694,-117.17558662266258,-3.1325460996036876,119,166,11,11
1615684173495,32.736385884259484,-117.17560740744149,-3.0882368634916215,116,165,11,11
1615684173621,32.73640964859759,-117.17562813235993,-3.0482138959146163,115,164,11,11
1615684173704,32.736433386731434,-117.1756488739376,-3.0058922348500885,114,164,11,11
1615684173881,32.73650436301747,-117.17571129656031,-2.809220869236928,109,161,11,11
1615684173960,32.736527939068075,-117.1757321132621,-2.755350798376997,106,159,11,11
1615684174113,32.736551498958924,-117.1757529159666,-2.709596342002109,103,156,11,11
1615684174260,32.736575015794,-117.17577366101635,-2.6617317601630237,100,154,11,11
1615684174405,32.7365985580645,-117.17579437862653,-2.6171742614626132,98,152,11,11
1615684174541,32.73662209748022,-117.17581509565254,-2.5740217281975286,95,149,11,11
1615684174655,32.73664561821567,-117.17583575096528,-2.533780322539789,93,147,11,11
1615684174846,32.73673947598794,-117.17591813051322,-2.3544570855231894,83,135,11,11
1615684174934,32.7367629268431,-117.17593866240965,-2.30942532327926,81,132,11,11
1615684175080,32.73678635411682,-117.17595918765078,-2.265829416735946,78,129,11,11
1615684175225,32.73680978543591,-117.1759796671216,-2.227063687120932,76,126,11,11
1615684175429,32.736833215082505,-117.17600012872606,-2.1961947261197396,75,124,11,11
1615684175541,32.73685662826929,-117.17602053703628,-2.1679081247347196,74,122,11,11
1615684175671,32.736880018485095,-117.1760409484306,-2.134407474382361,72,120,11,11
1615684175877,32.73697351911398,-117.17612239153085,-1.9713128910725386,70,116,11,11
1615684175959,32.736996866582885,-117.17614275687616,-1.9336367426936887,69,115,11,11
1615684176147,32.73702014450173,-117.17616307377125,-1.9127475058019523,69,114,11,11
1615684176265,32.73704338139037,-117.17618330865014,-1.8962148986073697,68,113,11,11
1615684176404,32.73706669029116,-117.1762035656599,-1.8506211690976277,68,113,11,11
1615684176535,32.73709002288054,-117.17622379163095,-1.800613190918475,68,112,11,11
1615684176646,32.73711334730282,-117.17624408854196,-1.7634902995224202,67,111,11,11
1615684176740,32.73718290947187,-117.17630470369137,-1.7442026495420038,65,107,11,11
1615684176869,32.73720615127997,-117.17632484714426,-1.7015423063022956,64,106,11,11
1615684176955,32.73722933489583,-117.17634494914996,-1.6555820999431794,64,104,11,11
1615684177148,32.73725253910339,-117.17636504978842,-1.586120664130475,63,103,11,11
1615684177340,32.73727579411337,-117.17638523178832,-1.513045219671487,63,102,11,11
