1631836851198,32.81952054619002,-116.96126145065439,89.45660247369015,38,86,15,11
1631836851398,32.81952053405135,-116.96126147343416,89.46447751620171,39,87,15,11
1631836851510,32.81952051879579,-116.96126149083997,89.46653496329473,39,88,15,11
1631836851624,32.81952051681097,-116.96126149427481,89.46889534538155,39,88,15,11
1631836851762,32.81952050880162,-116.9612615037376,89.47109355208062,39,88,15,11
1631836851935,32.819520509134904,-116.96126150977516,89.47311795628156,39,88,15,11
1631836852099,32.81952049078139,-116.96126151341305,89.47581685753931,39,89,15,11
1631836852212,32.819520487695506,-116.96126152151092,89.4760722535479,39,89,15,11
1631836852376,32.81952047532821,-116.96126153087516,89.48436256273372,40,90,15,11
1631836852583,32.8195204598193,-116.96126154021401,89.4864483675504,40,90,15,11
1631836852696,32.819520461034045,-116.96126155195422,89.48725810888986,40,91,15,11
1631836852806,32.81952044818436,-116.96126155404976,89.4901491239255,41,91,15,11
1631836853002,32.81952044924102,-116.96126155201804,89.49190955350066,41,91,15,11
1631836853173,32.81952043878,-116.96126156272341,89.49345368160505,41,91,15,11
1631836853286,32.81952044157182,-116.96126155473611,89.49445532068476,41,92,15,11
1631836853414,32.81952044134694,-116.96126155957684,89.49585248949664,41,92,15,11
1631836853549,32.819520434278445,-116.96126157984705,89.49650978681481,41,92,15,11
1631836853659,32.81952043242179,-116.96126157297331,89.4980708150238,41,92,15,11
1631836853741,32.81952043601404,-116.96126158421004,89.49770814540597,41,92,15,11
1631836853915,32.81952044344302,-116.96126159990168,89.49897633182839,41,92,15,11
1631836854026,32.8195204413321,-116.96126161952388,89.49915330658163,41,92,15,11
1631836854142,32.81952045908518,-116.9612616196621,89.49741048795681,40,92,15,11
1631836854256,32.819520455483236,-116.9612616283922,89.49571344525789,40,92,15,11
1631836854351,32.81952045500048,-116.96126163190218,89.4956018702745,40,92,15,11
1631836854518,32.819520469033435,-116.96126163379448,89.49468859623262,40,92,15,11
1631836854629,32.81952046320274,-116.96126164728946,89.49361213395497,40,92,15,11
1631836854934,32.819520477178465,-116.96126166962459,89.49232488867278,40,92,15,11
1631836855047,32.81952046776173,-116.96126167330667,89.4947312393862,40,92,15,11
1631836855161,32.81952047169772,-116.9612616807933,89.49646551372301,40,93,15,11
1631836855275,32.819520479376514,-116.96126168824621,89.49486150495447,40,92,15,11
1631836855375,32.819520474190796,-116.9612616941171,89.49291075870188,40,92,15,11
1631836855540,32.81952048239923,-116.96126169662831,89.49267584795861,40,92,15,11
1631836855652,32.819520487939,-116.96126171151074,89.4925413503001,40,92,15,11
1631836855907,32.819520481417364,-116.96126173164161,89.49556190400845,41,94,15,11
1631836856020,32.819520478939495,-116.96126172688712,89.494949007639,41,94,15,11
1631836856133,32.819520482027755,-116.96126173831587,89.49535148700352,41,94,15,11
1631836856251,32.819520493082,-116.96126173295816,89.49247769377662,41,94,15,11
1631836856346,32.81952049657815,-116.96126172692065,89.48945094778885,40,93,15,11
1631836856511,32.81952050611673,-116.96126173619727,89.48610192367674,40,92,15,11
1631836856683,32.81952051960612,-116.96126173397623,89.47926358655809,39,91,15,11
1631836856924,32.819520540216864,-116.96126173142277,89.46789683712721,38,89,15,11
1631836857039,32.81952053877551,-116.9612617284591,89.46538627339018,38,89,15,11
1631836857152,32.81952055111077,-116.96126173225775,89.46333489631458,38,89,15,11
1631836857274,32.81952055248241,-116.96126172116334,89.46262306557713,38,89,15,11
1631836857398,32.81952056746551,-116.96126172121497,89.46176546972526,38,89,15,11
1631836857532,32.819520567118374,-116.96126172530062,89.46067304279917,38,89,15,11
1631836857646,32.819520574697634,-116.96126171935285,89.46116397011974,38,89,15,11
1631836857902,32.819520583681694,-116.96126171542767,89.46700888806731,39,91,15,11
1631836858013,32.81952058944829,-116.96126171738793,89.46766833464008,40,91,15,11
1631836858131,32.819520606514004,-116.96126171831446,89.46844976153945,40,91,15,11
1631836858251,32.81952059255081,-116.96126172000163,89.47036324629833,40,92,15,11
1631836858373,32.81952060478632,-116.96126172290445,89.47010095587478,41,92,15,11
1631836858533,32.819520616512506,-116.96126173048161,89.4679296213951,41,92,15,11
1631836858643,32.81952062860167,-116.96126173468724,89.46764256386122,41,92,15,11
1631836858814,32.81952065792253,-116.9612617468522,89.46298375278717,40,92,15,11
1631836858949,32.81952065799889,-116.9612617480497,89.46119075094477,40,92,15,11
1631836859061,32.81952067729911,-116.9612617538439,89.45921013761875,40,91,15,11
1631836859222,32.81952068017452,-116.96126176079748,89.4556601014744,40,91,15,11
1631836859342,32.81952069707438,-116.96126176580604,89.45263226584888,39,91,15,11
1631836859466,32.81952069913038,-116.96126177514122,89.44887437681278,39,90,15,11
1631836859702,32.81952074578693,-116.96126178168123,89.43501265925177,37,88,15,11
1631836859870,32.81952076314377,-116.9612617803132,89.43046510176063,37,87,15,11
1631836860005,32.81952078262346,-116.9612617870548,89.42769506352506,37,87,15,11
1631836860118,32.81952078005726,-116.96126179265633,89.42326498170516,36,86,15,11
1631836860235,32.81952078961151,-116.96126179527742,89.42178353834514,36,85,15,11
1631836860353,32.81952080080739,-116.9612618048958,89.41856921896941,36,85,15,11
1631836860604,32.81952082201708,-116.9612617918557,89.41303600699358,36,84,15,11
1631836860716,32.819520839127165,-116.96126178828624,89.41150580832964,36,84,15,11
1631836860909,32.8195208403304,-116.96126178758374,89.40909498480583,36,84,15,11
1631836861083,32.81952084018517,-116.96126178512068,89.40811964142952,36,84,15,11
1631836861196,32.81952085125535,-116.9612617845485,89.40648401458046,36,83,15,11
1631836861409,32.81952086271941,-116.96126177730359,89.40314004024403,36,83,15,11
