1483233398332,32.8611260885333,-117.23040647400667,63.31540465053746,86,130,14,11
1483233398413,32.86109635603853,-117.23040893542044,63.24977509739598,86,130,14,11
1483233398500,32.86106659407985,-117.23041140681974,63.18289934167183,86,130,14,11
1483233398635,32.86103681675648,-117.23041387527581,63.11358452265057,86,130,14,11
1483233398783,32.861007015722336,-117.23041634642584,63.04282332206719,86,130,14,11
1483233398881,32.860977193055824,-117.23041881576339,62.97061569430248,85,129,14,11
1483233398961,32.860947345758106,-117.23042129139183,62.89247513434737,85,129,14,11
1483233399062,32.86091747566962,-117.2304237732809,62.815079911223144,85,129,14,11
1483233399156,32.860887574234255,-117.23042626179101,62.73791064372351,85,129,14,11
1483233399264,32.86085764608349,-117.23042873843646,62.661480816566765,85,129,14,11
1483233399350,32.860827679441066,-117.23043122107508,62.587950983572135,85,128,14,11
1483233399428,32.860797675581075,-117.23043371866773,62.515320895948676,85,128,14,11
1483233399501,32.860767632986075,-117.23043623220428,62.4367783205174,85,128,14,11
1483233399646,32.860737541512954,-117.23043878387143,62.35872228430804,85,128,14,11
1483233399857,32.86070743179136,-117.2304413732634,62.27026653145138,85,128,14,11
1483233399938,32.860677282045515,-117.2304440277832,62.18184282987974,85,127,14,11
1483233400008,32.860647084258275,-117.23044676820231,62.098190428593355,85,127,14,11
1483233400130,32.86061683111502,-117.23044958848595,62.015363502615415,84,127,14,11
1483233400208,32.860586561115845,-117.230452467009,61.92636794964985,84,127,14,11
1483233400316,32.86055624834101,-117.23045539029678,61.83884840086923,84,127,14,11
1483233400405,32.86052587861208,-117.23045834500387,61.75293340443551,84,127,14,11
1483233400493,32.860495468354515,-117.23046129962049,61.66343653371654,84,127,14,11
1483233400630,32.86046500932227,-117.23046426518962,61.57477357495633,84,126,14,11
1483233400711,32.860434508447476,-117.23046724015005,61.48448106036597,84,126,14,11
1483233400867,32.86040394921166,-117.23047023151473,61.399193787109105,84,126,14,11
1483233400946,32.860373342067994,-117.23047323182992,61.31181910088401,84,126,14,11
1483233401028,32.860342666543964,-117.23047625341684,61.21933143465721,84,126,14,11
1483233401110,32.86031194899765,-117.23047926510198,61.116372282988365,84,126,14,11
1483233401205,32.860281209769894,-117.23048227678976,61.00292922175519,84,126,14,11
1483233401305,32.86025042620112,-117.2304853583695,60.89816656594134,83,126,14,11
1483233401386,32.860219586395885,-117.2304885084192,60.81376893844176,83,125,14,11
1483233401458,32.8601886770166,-117.23049164823352,60.73948703888132,83,125,14,11
1483233401605,32.86015773069561,-117.23049475654177,60.65283675511804,83,125,14,11
1483233401686,32.86012677715549,-117.23049782808816,60.55610787898524,83,125,14,11
1483233401894,32.86009580218609,-117.23050091784887,60.45820150431242,83,125,14,11
1483233401987,32.86006477580094,-117.23050403580854,60.3702219802365,83,125,13,11
1483233402060,32.86003373432059,-117.23050715717368,60.27507485553409,83,125,13,11
1483233402164,32.86000269163724,-117.23051024830762,60.17579169511778,83,125,13,11
1483233402267,32.859971622201634,-117.23051328338762,60.08004935227829,83,125,13,11
1483233402369,32.859940533440714,-117.23051625618368,59.98380513112689,83,125,13,11
1483233402450,32.859909455650175,-117.23051918971811,59.88151745213349,83,125,13,11
1483233402531,32.85987836523283,-117.23052206509661,59.78024281039359,82,124,13,11
1483233402769,32.85975391436595,-117.23053327474925,59.3920971487819,82,124,13,11
1483233402879,32.859722795329006,-117.23053605127313,59.2879037640714,82,124,14,11
1483233402959,32.85969169118119,-117.23053883664119,59.18440567296255,82,124,14,11
1483233403078,32.859660583416606,-117.23054164568038,59.08968222740658,82,124,14,11
1483233403181,32.85962946529505,-117.23054449279515,58.99757511217487,82,124,13,11
1483233403264,32.85959835235516,-117.23054735185964,58.90322380558792,82,124,14,11
1483233403362,32.85956723199479,-117.2305502364887,58.806060542948536,82,124,13,11
1483233403464,32.85953612997513,-117.2305531426313,58.7086602307955,82,124,13,11
1483233403561,32.85950499986429,-117.23055608006054,58.61698990495153,82,124,13,11
1483233403765,32.859473876065906,-117.23055902294435,58.5196908555832,82,124,13,11
1483233403848,32.85944275685004,-117.23056194752067,58.41561336851439,82,124,13,11
1483233403982,32.85941163921559,-117.23056486914865,58.310426056171245,82,124,13,11
1483233404066,32.85938051491964,-117.2305677883265,58.20872894575177,82,124,13,11
1483233404160,32.85934939583706,-117.23057069142239,58.10591036117886,82,124,13,11
1483233404260,32.8593182735883,-117.23057360602493,58.00542584823544,82,124,13,11
1483233404340,32.85928714220382,-117.23057651703496,57.9131279957713,82,124,13,11
1483233404485,32.85925601616662,-117.2305794302492,57.82549384329176,82,124,13,11
1483233404572,32.85922487473007,-117.23058233174879,57.739990492787264,82,124,13,11
1483233404653,32.85919373215351,-117.23058524103631,57.648188239990574,82,124,13,11
1483233404809,32.85916260584608,-117.23058816930326,57.551805556952445,82,124,13,11
1483233404890,32.85913148062724,-117.23059111453078,57.45176662753845,82,123,13,11
1483233404984,32.859100354049495,-117.2305941384789,57.35993338198964,82,123,13,11
1483233405068,32.859069229793164,-117.23059718124078,57.2713592422641,82,123,13,11
1483233405149,32.85903811223986,-117.23060022827548,57.178373116301316,82,123,14,11
1483233405261,32.85900701057452,-117.23060326408604,57.078069064008844,82,123,14,11
1483233405340,32.85897590421467,-117.23060631212705,56.979684955013624,82,123,14,11
1483233405477,32.85894479643505,-117.23060938228127,56.87994593232335,82,123,14,11
1483233405558,32.858913728456415,-117.23061248320006,56.78293859535818,82,123,14,11
1483233405638,32.85888266385508,-117.2306155981013,56.687517276358626,82,123,14,11
1483233405836,32.85885162176172,-117.23061871918121,56.589805143303735,82,123,14,11
1483233405926,32.858820587285976,-117.23062183148564,56.493692679929374,82,123,14,11
1483233406021,32.85878956146598,-117.23062495523078,56.39891385000059,82,123,14,11
1483233406145,32.85875848982973,-117.23062811866362,56.30529847417057,82,123,14,11
1483233406228,32.858727484784104,-117.23063130261443,56.20590894332581,82,123,14,11
1483233406344,32.85869648052276,-117.23063449335584,56.103807776217344,82,123,14,11
1483233406433,32.858665492872106,-117.23063769432945,55.99217560570067,82,123,14,11
1483233406576,32.85863456160775,-117.23064089869453,55.87129040183961,82,123,14,11
1483233406658,32.858603609645186,-117.23064412660285,55.77602649685545,82,123,14,11
1483233406739,32.85857257471482,-117.23064741000334,55.69676779684414,82,123,14,11
1483233406889,32.85854161590386,-117.23065069019982,55.608156789917544,82,123,14,11
1483233406971,32.85851067535357,-117.2306538692288,55.50320291464935,82,123,14,11
1483233407040,32.8584797504631,-117.23065692134027,55.393408841657894,82,123,14,11
1483233407133,32.85844880683606,-117.23065989236224,55.29314307672525,82,123,14,11
1483233407218,32.858417830700766,-117.23066282934874,55.20109222635125,82,123,14,11
1483233407330,32.85838678318518,-117.23066575095373,55.10564364679364,82,123,14,11
1483233407419,32.85835578625751,-117.230668618965,55.007063857619166,82,123,14,11
1483233407576,32.85832476850761,-117.23067145590159,54.90920160933971,82,123,13,11
1483233407773,32.858200195305926,-117.23068206832517,54.50424943267541,82,123,14,11
1483233407849,32.858168939243264,-117.23068457142554,54.40079413164622,82,123,14,11
1483233407969,32.858137610496016,-117.23068698985179,54.30026144576121,82,123,14,11
1483233408054,32.858106193986416,-117.23068932225071,54.19788832979456,82,123,14,11
1483233408166,32.858074703486444,-117.23069153705744,54.089469903033034,82,123,14,11
1483233408263,32.85804311544107,-117.23069366786002,53.97690290308402,82,123,14,11
1483233408366,32.858011333408555,-117.23069576813472,53.86649678367509,82,123,14,11
1483233408514,32.857979528263904,-117.23069785341482,53.75918499204267,82,123,14,11
