1616367936245,32.85582532166703,-117.19925149540032,65.642128869816,40,70,11,11
1616367936440,32.85581207891537,-117.19924809280644,65.77408564655578,41,70,11,11
1616367936554,32.85579881549615,-117.1992445613264,65.90624222281137,41,71,11,11
1616367936791,32.85574529353873,-117.19922989721307,66.44093535435138,43,73,10,11
1616367936901,32.85573177343674,-117.19922620448347,66.57837972451777,43,74,10,11
1616367937018,32.85571816081632,-117.19922251070386,66.73279867272954,43,74,10,11
1616367937133,32.85570447116786,-117.1992188045694,66.8947398062702,43,74,10,11
1616367937244,32.85569069948468,-117.19921507457114,67.05153900886936,43,74,10,11
1616367937390,32.855676845270935,-117.19921132860529,67.20372426671162,43,74,10,11
1616367937502,32.855662911869,-117.19920758918931,67.35359414810411,43,74,10,11
1616367937618,32.855648890071144,-117.19920384679497,67.50757834870046,43,75,10,11
1616367937729,32.855606350605306,-117.19919260922123,67.9782826652816,43,76,10,11
1616367937872,32.8555920128306,-117.19918885369104,68.1401330601033,42,76,10,11
1616367937992,32.855577579508086,-117.19918513579707,68.30320359928096,42,76,10,11
1616367938106,32.85556307108314,-117.19918143148095,68.46154994837764,42,76,10,11
1616367938219,32.85554845255057,-117.19917775512789,68.62147756676295,42,76,10,11
1616367938410,32.85553375327181,-117.19917409575724,68.78291962528013,41,76,10,11
1616367938523,32.85551898185124,-117.19917044710478,68.9363470301217,41,77,10,11
1616367938771,32.855459303467555,-117.19915617452081,69.6102111420915,42,78,10,11
1616367938919,32.855444301977876,-117.19915268912844,69.79289357992407,42,78,10,11
1616367939033,32.8554292392789,-117.1991492470082,69.98117106114866,42,79,10,11
1616367939151,32.85541417254288,-117.19914580385236,70.16376711557452,42,79,11,11
1616367939261,32.85539915437491,-117.19914238964304,70.33719733549367,42,79,11,11
1616367939402,32.85538415833559,-117.19913896035544,70.50704925087943,42,80,11,11
1616367939514,32.85536921494556,-117.19913552845007,70.68140144395558,42,80,11,11
1616367939748,32.85531017878666,-117.1991218992088,71.36550357003557,40,78,11,11
1616367939897,32.85529562347332,-117.19911849434955,71.53468854079,39,78,11,11
1616367940013,32.855281177925654,-117.19911513974888,71.69709383539497,38,77,11,11
1616367940129,32.85526683864263,-117.19911179920727,71.86065828862122,38,76,11,11
1616367940241,32.8552526012295,-117.19910851715295,72.02213819676115,37,76,12,11
1616367940447,32.85523849166992,-117.19910527247953,72.17953565422619,37,76,12,11
1616367940559,32.855224523991645,-117.1991021007159,72.33264643394601,37,75,12,11
1616367940637,32.8551836041916,-117.19909293505988,72.78428635063142,37,74,12,11
1616367940752,32.85517029553787,-117.199089984917,72.93345116916758,37,74,12,11
1616367940895,32.85515715559642,-117.19908712186772,73.0804091346841,37,74,12,11
1616367941013,32.855144186243116,-117.1990843178038,73.2243343671297,37,74,12,11
1616367941126,32.855131397805195,-117.19908158980378,73.36399898747227,37,73,12,11
1616367941253,32.855118779685434,-117.19907895093036,73.49931612842218,38,73,12,11
1616367941390,32.85510632908201,-117.19907638925689,73.63448301933606,38,73,12,11
1616367941501,32.85509404823408,-117.19907391063678,73.76741619128879,38,73,12,11
1616367941618,32.85508193265431,-117.19907152795943,73.8923814427591,38,73,11,11
1616367941728,32.85504630084013,-117.1990650198769,74.26462446422909,39,73,10,11
1616367941872,32.85503461104777,-117.1990630785166,74.3824768769388,39,73,10,11
1616367941990,32.8550230104436,-117.19906127636983,74.49296716408084,40,73,10,11
1616367942110,32.855011489649854,-117.19905959582083,74.59840899125994,40,74,10,11
1616367942223,32.85500004086834,-117.19905800019633,74.70453390025365,40,74,10,11
1616367942419,32.85498867237254,-117.19905653935825,74.81074893686781,41,74,10,11
1616367942532,32.85497738242708,-117.1990551953618,74.90996364218246,41,74,10,11
1616367942743,32.854933015793385,-117.19905121184227,75.28846602847942,40,73,10,11
1616367942889,32.85492216678575,-117.19905058232754,75.37259346631656,40,72,10,11
1616367943020,32.85491143170752,-117.1990501069033,75.45672009313168,40,72,10,11
1616367943141,32.85490082952417,-117.19904980008191,75.53755532288027,40,72,10,11
1616367943253,32.854890350106714,-117.19904966006428,75.61488799370001,40,72,10,11
1616367943389,32.85487999286022,-117.19904964335485,75.69048077986396,41,72,10,11
1616367943501,32.85486976564057,-117.1990497604915,75.76953052280892,41,73,10,11
1616367943618,32.854859681461754,-117.19905001413716,75.84609727411836,43,74,12,11
1616367943732,32.85483029086783,-117.19905143101289,76.05568225885438,46,76,11,11
1616367943882,32.85482069012825,-117.1990520973889,76.1180595466473,47,77,11,11
1616367944004,32.85481110673292,-117.19905283355826,76.17976228872567,48,77,11,11
1616367944123,32.85480150894322,-117.1990536145563,76.24251592327585,48,78,11,11
1616367944235,32.85479187348483,-117.19905448850095,76.30596381054215,49,79,11,11
1616367944432,32.85478217761341,-117.19905543337268,76.36741313266965,50,79,11,11
1616367944681,32.85474229772091,-117.19905928216872,76.6251060407164,49,81,10,11
1616367944822,32.85473203930084,-117.19906036746852,76.69017199428392,49,82,10,11
1616367944968,32.85472158901714,-117.19906147947724,76.75346238616544,48,81,10,11
1616367945087,32.85471113109134,-117.19906268531956,76.81044265400466,47,81,10,11
1616367945206,32.854700549180706,-117.19906389838316,76.86914077216274,46,81,10,11
1616367945326,32.854689829643675,-117.19906517375824,76.9321111304078,46,81,10,11
1616367945464,32.85467897125219,-117.19906649467703,76.99719382595939,45,81,10,11
1616367945577,32.854667987254416,-117.19906785976623,77.05972634634436,45,81,10,11
1616367945775,32.854622627438204,-117.19907355377867,77.32540399005423,45,81,11,11
1616367945928,32.854610922802635,-117.19907502006625,77.39539631184567,44,80,10,11
1616367946042,32.85459906600143,-117.19907648984405,77.4559802277328,43,79,10,11
1616367946158,32.85458707683521,-117.19907795869457,77.5077719743946,40,76,10,11
1616367946271,32.854574974215545,-117.1990794855255,77.5593523933395,38,74,10,11
1616367946460,32.85456274749269,-117.1990810633692,77.62019971550507,38,74,10,11
