1632424819080,32.84468205580689,-117.17549324524734,60.3079764271134,46,78,14,11
1632424819195,32.84470933223293,-117.17549845494247,60.23063724959665,46,79,14,11
1632424819319,32.8447365932191,-117.17550353492207,60.14914847907266,45,79,14,11
1632424819457,32.84476385172968,-117.1755084878743,60.06757238246241,45,79,14,11
1632424819543,32.84479111408566,-117.17551330313796,59.986253384793116,45,79,14,11
1632424819659,32.84487299880723,-117.17552719264609,59.752441872183496,43,79,14,11
1632424819840,32.84490032892214,-117.17553166600806,59.67353126049053,43,80,14,11
1632424819969,32.844927697072876,-117.17553613033581,59.595909067141854,42,80,14,11
1632424820120,32.84495504950132,-117.17554052996309,59.51889852186869,41,79,14,11
1632424820199,32.84498244390451,-117.17554493071127,59.44052921391064,40,79,14,11
1632424820352,32.84500983238048,-117.17554925675401,59.35918626802727,39,79,14,11
1632424820602,32.845119693827435,-117.17556679977606,59.0308052248274,36,77,14,11
1632424820715,32.84514719647879,-117.17557135382549,58.95526429588902,36,76,14,11
1632424820860,32.84517473551419,-117.17557590673705,58.87823330564015,35,76,14,11
1632424820987,32.84520226442493,-117.1755804987615,58.794526399855656,34,75,14,11
1632424821134,32.845229829521735,-117.17558516531327,58.71882728272749,34,75,14,11
1632424821248,32.8452575691078,-117.17558986181984,58.64214776020857,33,74,14,11
1632424821361,32.845285198386264,-117.1755945499834,58.56687399910705,33,74,14,11
1632424821499,32.845312850417976,-117.17559923293868,58.48601013871664,32,73,14,11
1632424821727,32.84542396515669,-117.17561816858458,58.16271556050496,32,72,14,11
1632424821870,32.84545178897335,-117.1756229983031,58.080996188156625,32,73,14,11
1632424822000,32.84547961546767,-117.17562782759359,57.986930554478555,33,74,14,11
1632424822147,32.84550741671559,-117.17563268964479,57.887978087328946,34,75,14,11
1632424822274,32.84553513499239,-117.17563753444966,57.79026653484673,34,76,14,11
1632424822386,32.84556280774073,-117.17564238876112,57.73253227906124,35,76,14,11
1632424822600,32.84567320757314,-117.17566214388334,57.49293402825038,36,78,14,11
1632424822711,32.84570045222822,-117.17566709139055,57.410164547021274,36,78,14,11
1632424822859,32.845727689427555,-117.17567201615032,57.33999557432114,36,78,14,11
1632424822985,32.845754877482875,-117.17567692944003,57.271590944206636,35,78,14,11
1632424823130,32.845781999428084,-117.17568196101335,57.20559753303045,35,78,14,11
1632424823209,32.84580906699103,-117.17568707473902,57.1360540367918,35,77,14,11
1632424823366,32.845836102038156,-117.17569222675955,57.06244689659842,34,77,14,11
1632424823597,32.84594390386942,-117.17571319136576,56.78125206243001,34,77,14,11
1632424823733,32.845970665419195,-117.17571857367813,56.69989939224017,34,77,14,11
1632424823906,32.84599733663173,-117.17572401697187,56.611111525131406,34,77,14,11
1632424824034,32.84602388969409,-117.17572946532094,56.51808908031144,34,77,14,11
1632424824290,32.84612914745664,-117.17575166855639,56.19977425787558,33,75,14,11
1632424824380,32.846155184899246,-117.17575739544934,56.12479617055189,33,75,14,11
1632424824496,32.84618111701717,-117.17576320207998,56.06049291366954,32,74,14,11
1632424824694,32.84620693316924,-117.17576916047412,56.00362584746736,32,74,14,11
1632424824811,32.84623261606869,-117.17577529461826,55.948916043261505,32,73,14,11
1632424824958,32.84625815558291,-117.17578167566528,55.897946482487264,32,73,14,11
1632424825204,32.84635861761452,-117.17581043315859,55.68155575378987,34,73,14,11
1632424825339,32.846383282711685,-117.17581849093655,55.61939956278019,34,73,14,11
1632424825429,32.846407748484246,-117.17582683836315,55.55035116690197,35,73,14,11
1632424825624,32.8464320283084,-117.17583548422391,55.481485602889435,36,74,14,11
1632424825737,32.84645612771911,-117.17584445064391,55.41378762441294,36,74,14,11
1632424826002,32.846550981036565,-117.17588318255805,55.14240659898512,38,75,14,11
1632424826122,32.84657435630126,-117.17589359930312,55.07473870618011,38,75,14,11
1632424826232,32.846597598981106,-117.17590427976907,55.00295048771993,38,74,14,11
1632424826375,32.846620739792755,-117.17591535286272,54.9272085248509,39,75,14,11
1632424826463,32.84664378157243,-117.17592674807175,54.84770526044787,39,75,14,11
1632424826655,32.846666721695996,-117.1759384445528,54.76035876031998,39,75,14,11
1632424826768,32.84668953403046,-117.17595037371409,54.66074899667816,38,74,14,11
1632424827002,32.84677966287274,-117.17600191310906,54.33343989132792,38,74,14,11
1632424827117,32.84680194447815,-117.1760156831788,54.27801315620581,39,74,14,11
1632424827227,32.84682409802822,-117.1760297391494,54.21198097747585,39,74,14,11
1632424827366,32.84684612759367,-117.17604413699127,54.1441599360066,40,74,14,11
1632424827453,32.84686800513058,-117.17605880431996,54.067410640936465,40,74,14,11
1632424827657,32.84688976089006,-117.17607383267053,53.99696511724141,40,74,14,11
1632424827736,32.846911370855324,-117.1760890864957,53.92251645977362,39,74,14,11
1632424827892,32.84697535369598,-117.17613669667824,53.70608540683353,37,72,14,11
1632424828037,32.846996373902705,-117.17615325458405,53.631107364110335,36,71,14,11
1632424828152,32.84701719219382,-117.17617015743426,53.54655881542593,36,71,14,11
1632424828263,32.84703781384567,-117.1761873915362,53.46070071418238,35,70,14,11
1632424828402,32.847058260428824,-117.17620501374134,53.37410043733253,35,70,14,11
1632424828495,32.84707854152352,-117.17622291335525,53.2819302030376,35,70,14,11
1632424828640,32.84709866944551,-117.1762410618659,53.19223660204551,35,69,14,11
1632424828753,32.84711865530132,-117.17625950379177,53.10999871245361,35,69,14,11
1632424828995,32.84719694031595,-117.1763358259141,52.7800104144073,36,69,14,11
1632424829108,32.847216041073466,-117.17635556712466,52.70093734157905,36,70,14,11
1632424829225,32.847234957764435,-117.17637555794461,52.628260047661755,36,69,14,11
