1612399447314,32.75245452286726,-117.23063415902644,-31.07134742925897,77,121,15,11
1612399447385,32.75245639972408,-117.23061216503811,-31.08002743599105,76,121,15,11
1612399447475,32.75245829808412,-117.23059028846201,-31.10866564421336,76,121,15,11
1612399447556,32.75246021617687,-117.23056842478582,-31.120785525393778,76,121,15,11
1612399447655,32.75246212175442,-117.23054648583974,-31.113960248590754,76,121,15,11
1612399447760,32.75246402372179,-117.23052454243862,-31.102332541926753,76,121,15,11
1612399447902,32.75246589672829,-117.23050257115347,-31.08867983907201,77,121,15,11
1612399447984,32.75246777784196,-117.23048060232205,-31.082351983148072,76,120,15,11
1612399448066,32.75246971659316,-117.23045869294525,-31.08879189281266,76,121,15,11
1612399448156,32.752471647229285,-117.23043674097438,-31.07933485890812,76,121,15,11
1612399448367,32.75247355278605,-117.23041471592855,-31.059254821247123,76,121,15,11
1612399448442,32.75247545449522,-117.23039267667968,-31.04460904186324,76,121,15,11
1612399448533,32.75247737054475,-117.23037064679208,-31.03974268952369,76,121,15,11
1612399448640,32.75247928553198,-117.23034859248936,-31.034885532787808,76,120,15,11
1612399448733,32.75248119235315,-117.23032648987494,-31.024457073689835,76,120,15,11
1612399448836,32.75248309214787,-117.23030436475054,-31.01702023959643,76,121,15,11
1612399448988,32.75248498098648,-117.23028221700702,-31.0122240880294,76,121,15,11
1612399449069,32.75248687338661,-117.23026004321015,-31.008037037094805,76,121,15,11
1612399449153,32.75248876091645,-117.2302378555422,-31.004461721586477,76,121,15,11
1612399449243,32.752490637115685,-117.23021563741722,-30.999700978482604,76,120,15,11
1612399449406,32.75249253233934,-117.23019337783313,-30.993616581787197,76,120,15,11
1612399449474,32.75249440244648,-117.23017108323201,-30.989329662040795,76,120,15,11
1612399449566,32.752496250899114,-117.23014876308693,-30.990524334998955,76,121,15,11
1612399449658,32.752498074925064,-117.23012642678843,-30.99579018568138,76,121,15,11
1612399449742,32.752499841977006,-117.23010406876426,-30.998561386483203,76,121,15,11
1612399449833,32.75250156726954,-117.23008163926933,-30.99153187821971,76,120,15,11
1612399449990,32.75250324812373,-117.23005916915703,-30.9872937196919,76,120,15,11
1612399450073,32.752504889199706,-117.23003667918188,-30.98817751381332,76,120,15,11
1612399450153,32.7525065411316,-117.23001415499616,-30.988120689118535,76,121,15,11
1612399450246,32.75250816277501,-117.22999159847029,-30.985620412987885,76,121,15,11
1612399450463,32.75250979775695,-117.22996900311978,-30.980795509028326,76,121,15,11
1612399450573,32.752511424499,-117.22994637450785,-30.968623089315955,76,120,15,11
1612399450664,32.75251305446286,-117.2299237166131,-30.96384036147995,76,120,15,11
1612399450767,32.752514686016575,-117.2299010459555,-30.96059614115098,76,120,15,11
1612399450848,32.75251631825288,-117.22987835867755,-30.954232713964934,76,120,15,11
1612399451013,32.75251796053569,-117.22985562654331,-30.9448140881352,76,121,15,11
1612399451097,32.75251962944542,-117.22983292269798,-30.94548915395423,76,121,15,11
1612399451176,32.7525213212493,-117.22981026598389,-30.95522185621144,76,120,15,11
1612399451316,32.75252803838382,-117.22971963041029,-30.977066026513075,76,121,15,11
1612399451427,32.7525297309817,-117.22969705038126,-30.987415171923963,76,121,15,11
1612399451532,32.75253142868256,-117.22967448012236,-30.99602340234223,76,120,15,11
1612399451625,32.752533097733064,-117.22965194758856,-31.012089031338448,76,120,15,11
1612399451789,32.752534804392546,-117.2296296228384,-31.055790405428056,76,120,15,11
1612399451872,32.75253651357281,-117.2296072705859,-31.064795158143493,76,120,15,11
1612399451955,32.75253815278957,-117.22958480567227,-31.037971432686334,76,120,15,11
1612399452037,32.75253971810717,-117.22956252296093,-31.05660928510473,76,121,15,11
1612399452134,32.752541315094774,-117.22954036744184,-31.083140101308437,76,120,15,11
1612399452336,32.75254293118526,-117.2295182141762,-31.0833311395177,76,120,15,11
1612399452421,32.75254452007663,-117.22949603373192,-31.063092876545767,76,120,15,11
1612399452512,32.752546125431735,-117.22947390119349,-31.05238037936851,76,120,15,11
1612399452596,32.75254770834857,-117.22945193988195,-31.07009047959305,76,120,15,11
1612399452681,32.752549228907775,-117.22943019622404,-31.097701021351476,76,121,15,11
1612399452842,32.75255066438427,-117.22940841547099,-31.06230357563931,76,120,15,11
1612399452924,32.75255212310672,-117.22938645798192,-30.956070470950866,76,120,15,11
1612399453011,32.7525536386825,-117.22936451451241,-30.87510589545129,76,120,15,11
1612399453094,32.75255521449409,-117.22934279142743,-30.869960934371967,76,120,15,11
1612399453184,32.75255675985341,-117.22932113960955,-30.900317512848652,76,120,15,11
1612399453347,32.752558315322815,-117.22929951659567,-30.937952240039184,76,121,15,11
1612399453430,32.75255985996934,-117.22927798720853,-30.990240170393747,76,120,15,11
1612399453522,32.75256142154945,-117.2292566385011,-31.03305871549574,76,120,15,11
1612399453601,32.75256297516017,-117.22923525123575,-31.020546177578577,76,120,15,11
1612399453686,32.752564556400465,-117.22921381767532,-30.98011476485152,76,120,15,11
1612399453778,32.752566152807404,-117.22919248120385,-30.959147795272138,76,120,15,11
1612399453939,32.75256776303885,-117.2291712016539,-30.952340498741567,76,121,15,11
1612399454020,32.75256937200621,-117.22914995375001,-30.96216634311289,76,120,15,11
1612399454101,32.752570995682305,-117.22912886846598,-30.993366972402974,76,120,15,11
1612399454191,32.752572665531815,-117.2291077973531,-31.009033684932138,76,120,15,11
1612399454395,32.752574361304646,-117.22908678786081,-31.017888380425813,76,120,15,11
1612399454477,32.75257606271503,-117.22906585753428,-31.02822388362116,76,120,15,11
1612399454574,32.75257777075532,-117.22904493875131,-31.022745877373605,76,120,15,11
1612399454681,32.752579501209766,-117.22902402282861,-31.02478691349315,76,120,15,11
1612399454765,32.75258121586849,-117.22900316546361,-31.031379478541854,76,120,15,11
1612399454866,32.75258290560307,-117.22898238161278,-31.060919497772087,76,120,15,11
1612399455010,32.752584536633734,-117.2289616613505,-31.099919529477685,76,120,15,11
1612399455091,32.75258617582027,-117.22894098361442,-31.133727135228295,76,120,15,11
1612399455183,32.75258779059303,-117.22892033638207,-31.16213534615594,76,120,15,11
1612399455264,32.75258939310858,-117.22889965845353,-31.182087432701614,76,120,15,11
1612399455408,32.75259095917848,-117.22887910984817,-31.20996176115956,76,120,15,11
1612399455490,32.75259247839716,-117.22885857555163,-31.23204315762468,76,120,15,11
1612399455596,32.75259399393951,-117.22883808317715,-31.256122823433614,76,120,15,11
1612399455680,32.75259549206872,-117.2288176587995,-31.290028243390996,76,120,15,11
1612399455750,32.75259696850985,-117.22879727718026,-31.32450999242651,76,120,15,11
1612399455924,32.75259839595208,-117.22877690929904,-31.3575880356297,76,120,15,11
1612399456004,32.75259980545102,-117.22875664298098,-31.383561003999663,76,120,15,11
1612399456148,32.75260119040021,-117.22873647511497,-31.40918666453572,76,120,15,11
1612399456310,32.75260647393748,-117.22865720185581,-31.533173285025264,76,120,15,11
1612399456425,32.7526077075537,-117.22863779913057,-31.56070046032458,76,120,15,11
1612399456539,32.75260891408708,-117.22861858490258,-31.58967106211438,76,120,15,11
1612399456643,32.752610025234965,-117.2285995456432,-31.619819025568408,76,120,15,11
1612399456805,32.752611104250946,-117.2285807548343,-31.646193851476017,76,121,15,11
1612399456887,32.75261214976256,-117.22856225560054,-31.676314683251327,77,121,15,11
1612399456968,32.7526131667222,-117.22854404895347,-31.706811385878083,77,121,15,11
1612399457048,32.75261414380454,-117.22852611789436,-31.733016821948503,77,121,15,11
1612399457146,32.75261508546668,-117.22850844837586,-31.753974121221415,77,121,15,11
1612399457293,32.75261600469211,-117.22849107464107,-31.77853004679577,78,121,15,11
1612399457376,32.75261688819616,-117.22847400429434,-31.80800203918422,78,121,15,11
