1612314616156,32.85077603066904,-117.03547416898608,95.0997919210627,78,121,15,11
1612314616313,32.850770924372156,-117.03544475554672,95.04609635112286,78,121,15,11
1612314616405,32.850765788128854,-117.0354153351573,94.9766901041822,79,121,15,11
1612314616488,32.85076061124854,-117.03538584809485,94.91647713576056,79,121,15,11
1612314616574,32.850755379748406,-117.03535627656382,94.86604407036708,79,121,15,11
1612314616715,32.85075008630881,-117.03532662697984,94.81647483092705,79,121,15,11
1612314616885,32.85074471485317,-117.03529666301415,94.76114677868752,78,121,15,11
1612314616968,32.85073934265152,-117.03526690354626,94.69878951132794,78,121,15,11
1612314617047,32.850733907777006,-117.0352370727892,94.64216411905375,79,121,15,11
1612314617128,32.85072837539034,-117.03520715363656,94.5948095356739,79,121,15,11
1612314617216,32.85072278197676,-117.03517714807847,94.54786341169297,79,121,15,11
1612314617430,32.85071713993175,-117.03514708570734,94.49410970731357,78,121,15,11
1612314617551,32.850711383572865,-117.03511668950534,94.443397209713,78,121,15,11
1612314617634,32.85070560795175,-117.0350864522621,94.39938652126362,78,121,15,11
1612314617724,32.85069978997013,-117.0350561416855,94.35094899437478,79,121,15,11
1612314617803,32.850693923716555,-117.03502574773746,94.3032678311607,79,121,15,11
1612314617918,32.85068799956462,-117.03499525545689,94.25868281780096,79,121,15,11
1612314617997,32.85068199976953,-117.03496467299304,94.2157526393419,78,121,15,11
1612314618086,32.850675865525076,-117.03493374806757,94.16987935057297,78,121,15,11
1612314618168,32.85066967085764,-117.03490301866364,94.12931720485444,79,121,15,11
1612314618249,32.850663383583104,-117.03487220289186,94.08872004723017,79,121,15,11
1612314618396,32.85065701495093,-117.03484131580608,94.04236819377682,79,121,15,11
1612314618477,32.85065058842254,-117.03481035024157,94.00193788828693,79,121,15,11
1612314618572,32.85064409490056,-117.0347792887145,93.96583068178363,79,120,15,11
1612314618671,32.85063746974541,-117.0347478933823,93.91880567031559,79,121,15,11
1612314618761,32.85063084469814,-117.0347167590423,93.86790252574252,79,121,15,11
1612314618995,32.850624157508605,-117.03468555500872,93.82502866261937,79,121,15,11
1612314619074,32.85061743825265,-117.03465428761028,93.78195940446895,79,121,15,11
1612314619155,32.85061069534723,-117.03462297350976,93.73508373814086,79,121,15,11
1612314619236,32.850603937544946,-117.03459160677394,93.68830017700198,79,120,15,11
1612314619320,32.85059712448724,-117.03456018022455,93.64338352232431,79,121,15,11
1612314619546,32.85059028467341,-117.0345287103669,93.59875002779992,79,121,15,11
1612314619626,32.85058342320964,-117.03449719197786,93.55435729511633,79,121,15,11
1612314619708,32.85057652934809,-117.03446562218814,93.5137584373479,79,121,15,11
1612314619791,32.85056959594216,-117.03443402119015,93.47124209603332,79,121,15,11
1612314619872,32.8505626217244,-117.03440239273988,93.42596934891856,79,120,15,11
1612314619995,32.85055559934993,-117.0343707517868,93.37870841889136,79,121,15,11
1612314620074,32.85054852240126,-117.03433908920279,93.32741892636528,79,121,15,11
1612314620153,32.85054140331026,-117.03430739492823,93.27740334856439,79,121,15,11
1612314620234,32.85053423667298,-117.03427570314625,93.22659251489183,79,121,15,11
1612314620315,32.85052698721153,-117.03424398692796,93.17852624085587,79,121,15,11
1612314620481,32.85051967075328,-117.03421227136043,93.12472715569534,79,121,15,11
1612314620573,32.8505122788844,-117.0341805441861,93.07450435044537,79,121,15,11
1612314620654,32.85050480340613,-117.03414881419776,93.03049152958722,79,121,15,11
1612314620739,32.85049722993607,-117.03411704894947,92.99230595218475,79,121,15,11
1612314620818,32.85048958586601,-117.03408526407789,92.95121279272456,79,121,15,11
1612314621053,32.85048186454162,-117.03405346294078,92.90918746160226,79,121,15,11
1612314621132,32.85047405876423,-117.03402164320036,92.86318696627475,79,121,15,11
1612314621291,32.85044162989979,-117.03389411059486,92.67933135130217,79,121,15,11
1612314621360,32.850433284424305,-117.03386215957117,92.62846719195903,79,121,15,11
1612314621454,32.850424826427286,-117.0338301710638,92.57754695439863,79,121,15,11
1612314621560,32.8504162566696,-117.03379816804632,92.52696945097493,79,121,15,11
1612314621641,32.850407558800995,-117.03376613916902,92.4782791981783,79,121,15,11
1612314621756,32.850398754331536,-117.03373409062391,92.42363494251418,79,121,15,11
1612314621856,32.85038983350566,-117.0337020267101,92.36925472469123,79,121,15,11
1612314621953,32.85038077811702,-117.03366995058016,92.31815190837663,80,121,15,11
1612314622053,32.85037159447224,-117.0336378675946,92.26970360917572,80,121,15,11
1612314622155,32.850362286220694,-117.03360576770768,92.2236294045016,80,121,15,11
1612314622321,32.850352871981414,-117.03357365942692,92.17688889449823,80,121,15,11
1612314622402,32.85034332415045,-117.0335415691908,92.12846943376303,80,121,15,11
1612314622484,32.85033363580798,-117.03350950504657,92.07733774322752,81,121,15,11
1612314622570,32.850323797309336,-117.03347745888054,92.02827640912001,81,121,15,11
1612314622650,32.85031382183932,-117.03344544183766,91.97954882675893,81,121,15,11
1612314622887,32.85030374365143,-117.0334134551713,91.93180016708553,81,121,15,11
1612314622971,32.85029353788684,-117.03338148997035,91.88615938134502,81,121,15,11
1612314623050,32.850283215845955,-117.03334958664475,91.83338422608101,82,121,15,11
1612314623131,32.85027279355411,-117.0333177129472,91.78630484955913,82,121,15,11
1612314623217,32.85026225930421,-117.03328588247892,91.73944549913503,82,121,15,11
1612314623422,32.850251644203176,-117.03325411256886,91.68530688525601,82,121,15,11
1612314623523,32.85024095041224,-117.03322238535848,91.63737700439886,82,121,15,11
1612314623603,32.850230175595115,-117.03319070640708,91.592631469479,82,121,15,11
1612314623684,32.85021933591522,-117.03315908706486,91.54794008446834,83,121,15,11
1612314623776,32.85020844197569,-117.03312752193114,91.50541872406072,83,121,15,11
1612314623951,32.85019749941254,-117.03309600523158,91.4649026887694,83,121,15,11
1612314624030,32.85018650158195,-117.03306455516923,91.42206278539139,83,121,15,11
1612314624111,32.85017547220834,-117.03303317008636,91.37536159749062,83,121,15,11
1612314624207,32.85016440797015,-117.0330018735868,91.32195508474284,83,121,15,11
1612314624286,32.85015329816177,-117.0329706588407,91.26716622380808,83,122,15,11
1612314624430,32.8501421619765,-117.03293953224752,91.20964415009901,83,122,15,11
1612314624511,32.85013099721181,-117.03290850294849,91.1531193588344,84,122,15,11
1612314624602,32.85011978688021,-117.03287756025527,91.10202071832104,83,122,15,11
1612314624701,32.85010850719777,-117.03284667801371,91.05519355325134,84,122,15,11
1612314624835,32.85009717070264,-117.03281588691574,91.00098792295954,84,122,15,11
1612314624959,32.85008576657126,-117.03278515793573,90.94828175144696,84,122,15,11
1612314625048,32.85007426919932,-117.03275449167266,90.89570587050083,84,122,15,11
1612314625128,32.8500626649751,-117.03272388592376,90.84156222295304,84,122,15,11
1612314625209,32.85005094198648,-117.03269334732276,90.78221503984201,84,122,15,11
1612314625303,32.850039080333964,-117.03266287222304,90.72796990837136,84,122,15,11
1612314625502,32.85002707962453,-117.03263243163086,90.68312354561792,84,122,15,11
1612314625598,32.85001496773364,-117.03260203224055,90.63783984508166,84,122,15,11
1612314625678,32.85000275084853,-117.03257165656622,90.593243549348,84,122,15,11
1612314625759,32.84999044913026,-117.03254129692043,90.54893976537394,84,122,15,11
1612314625905,32.84997807251817,-117.03251094896193,90.50432062241543,84,122,15,11
1612314626018,32.84996562183232,-117.03248062475114,90.45772136204295,84,122,15,11
1612314626113,32.84995308545748,-117.03245029664129,90.41365707392032,84,122,15,11
1612314626194,32.849940477359205,-117.03241999527032,90.36140567221467,85,122,15,11
1612314626275,32.84992780892205,-117.03238969996704,90.30982291175711,85,122,15,11
