1619904123283,32.84031645848806,-117.22065764926568,14.532066555224398,38,79,9,11
1619904123386,32.840322937427956,-117.22063139333423,14.582076717131118,37,78,9,11
1619904123536,32.8403295401947,-117.2206052856992,14.622207062499582,37,77,9,11
1619904123650,32.84033624386658,-117.22057926207408,14.658446562572635,37,77,9,11
1619904123762,32.84034294951747,-117.22055331155241,14.665300375573246,35,75,9,11
1619904123897,32.840363056583634,-117.22047599770302,14.737243558143216,34,72,9,11
1619904123987,32.840369899637345,-117.22045038652345,14.773001166433987,33,72,9,11
1619904124147,32.840376808274875,-117.22042485279135,14.805843679391932,33,71,9,11
1619904124260,32.84038375530556,-117.22039930928794,14.834263807816106,33,71,9,11
1619904124362,32.84039068961981,-117.22037394066132,14.855187003404374,32,69,9,11
1619904124567,32.840397654828905,-117.22034864553949,14.877252037687597,31,68,9,11
1619904124679,32.84040466544891,-117.22032340470125,14.901435822417623,32,68,9,11
1619904124917,32.840433252313574,-117.22022271188146,14.970390889746774,31,67,9,11
1619904125006,32.84044048205993,-117.2201976647327,14.982642850169599,32,67,9,11
1619904125156,32.840447770427346,-117.22017265066945,14.997076258885722,32,68,9,11
1619904125278,32.84045509589397,-117.22014762769501,15.010954182784207,32,67,9,11
1619904125417,32.84046246004781,-117.22012267574488,15.015802811892167,32,67,9,11
1619904125533,32.84046991322619,-117.22009757389719,15.028160897382081,32,67,9,11
1619904125648,32.84047734077511,-117.22007265604718,15.042284114442994,32,67,9,11
1619904125763,32.84048479725177,-117.22004777184972,15.05695721272804,32,67,9,11
1619904125902,32.84050739876611,-117.2199731970918,15.093988493906837,31,66,9,11
1619904125998,32.84051508023793,-117.21994818162706,15.104122387905782,32,66,9,11
1619904126145,32.840522740013746,-117.21992337622689,15.111654650175739,32,66,9,11
1619904126261,32.84053041276485,-117.21989860767147,15.109469987447405,32,66,9,11
1619904126401,32.8405381168627,-117.21987384578861,15.11374357646105,33,67,9,11
1619904126576,32.84054584634651,-117.21984906327125,15.111155542637967,33,67,9,11
1619904126656,32.84055359178343,-117.21982433439187,15.104572512844575,34,68,9,11
1619904126793,32.84057713710514,-117.21975000724697,15.08389586741517,35,69,9,11
1619904126936,32.84058500447632,-117.21972536009919,15.076102943998999,35,69,9,11
1619904127027,32.84059291893157,-117.21970071906145,15.074647791008937,35,69,9,11
1619904127174,32.84060085650648,-117.2196760615721,15.07964543202527,34,69,9,11
1619904127288,32.84060873525009,-117.21965138702485,15.074755436245782,35,69,9,11
1619904127435,32.84061656358214,-117.21962667842479,15.068417968987863,35,69,9,11
1619904127549,32.84062433626002,-117.21960196174463,15.061743850443037,35,70,9,11
1619904127653,32.840632105238434,-117.21957719606098,15.056351776011093,35,70,9,11
1619904127775,32.8406553543176,-117.21950297175327,15.006767292609592,36,71,9,11
1619904127901,32.84066304735874,-117.21947825437891,14.97989863283419,36,71,9,11
1619904127990,32.84067074459871,-117.21945358589775,14.948578432291548,35,71,9,11
1619904128134,32.840678430537615,-117.2194288645293,14.925605052992493,34,70,9,11
1619904128251,32.84068612572485,-117.21940415840122,14.900775931279062,33,68,9,11
1619904128385,32.84069385411569,-117.21937949640503,14.872434385052546,32,67,9,11
1619904128572,32.8407015834478,-117.21935491762545,14.836155617560868,32,66,9,11
1619904128799,32.840732424406276,-117.2192566064273,14.706839046414093,31,66,9,11
1619904129002,32.84074011168835,-117.2192320955284,14.66601850256568,31,66,9,11
1619904129092,32.84074778456075,-117.21920757629799,14.62797759369628,32,66,9,11
1619904129241,32.84075547482437,-117.21918308105884,14.586780761048425,31,65,9,11
1619904129357,32.840763128297255,-117.21915865539478,14.531632492167937,31,64,9,11
1619904129487,32.840770789299555,-117.21913428109566,14.488537394581748,30,64,9,11
1619904129704,32.840801229374414,-117.21903740348442,14.342584262751654,29,62,9,11
1619904129855,32.84080879900617,-117.21901344047026,14.303305705306885,29,62,10,11
1619904130009,32.84081631415351,-117.21898957482692,14.26906277023138,29,61,10,11
1619904130098,32.840823776252776,-117.21896578613865,14.233542541250639,29,61,10,11
1619904130246,32.840831209996146,-117.21894210839129,14.185916893709859,29,61,10,11
1619904130360,32.84083860120657,-117.21891856503944,14.140463972011831,29,61,10,11
1619904130613,32.84086794904886,-117.21882546375075,13.996453223628045,29,61,10,11
1619904130766,32.840875247798955,-117.21880251024017,13.95899148644541,30,61,10,11
1619904130919,32.84088254067505,-117.21877967125087,13.928349441375618,30,61,10,11
1619904131078,32.840889815982976,-117.21875691550517,13.903126735358935,30,61,10,11
1619904131170,32.84089709261983,-117.21873427053991,13.878166149338817,30,61,10,11
1619904131410,32.84092615542978,-117.21864492711721,13.714492217136335,30,59,10,11
1619904131524,32.84093336231329,-117.21862286849982,13.677602398180046,30,59,10,11
1619904131603,32.84094055379992,-117.21860093938643,13.633799970165903,30,59,10,11
1619904131802,32.84094771361583,-117.218579163025,13.585892994940412,30,59,10,11
1619904131954,32.84095481300818,-117.21855758375621,13.54829078791268,30,59,10,11
1619904132098,32.840961843434215,-117.21853623524787,13.519923084858283,31,59,10,11
1619904132312,32.8409893484571,-117.21845319548626,13.41360586786607,32,59,10,11
1619904132482,32.84099605640597,-117.21843298019277,13.394382506833981,32,59,10,11
1619904132594,32.841002684073274,-117.218412973837,13.372240152536131,32,59,10,11
1619904132673,32.84100919962873,-117.21839320059648,13.33786881841763,33,59,10,11
1619904132819,32.841015617341,-117.21837363088915,13.300329766723117,34,60,10,11
1619904133098,32.84104055362576,-117.2182975172967,13.165827362950958,36,62,10,11
1619904133225,32.84104662172031,-117.21827904672637,13.13034921006298,37,62,10,11
1619904133359,32.84105261719575,-117.21826082682588,13.088392450737805,37,62,10,11
