1616701594712,32.84347296991549,-117.19841342746344,39.005299566364656,25,50,13,11
1616701594915,32.84348736691388,-117.19842681444372,38.857006295789866,25,50,13,11
1616701595029,32.84350164531149,-117.19844023234567,38.71091859339353,25,50,13,11
1616701595141,32.84351580584193,-117.19845366578717,38.566362310567804,25,50,14,11
1616701595257,32.84352985293661,-117.19846711827928,38.42505835649011,25,50,13,11
1616701595369,32.84354377742777,-117.19848057438973,38.283008419762766,26,51,13,11
1616701595481,32.843584875882215,-117.19852092098792,37.85347829919193,27,52,13,11
1616701595614,32.84359837507144,-117.19853433724178,37.71591376581882,27,52,13,11
1616701595770,32.84361178368006,-117.19854776092853,37.585452941175866,27,52,13,11
1616701595933,32.843625074832744,-117.19856115404293,37.44470589704983,27,52,14,11
1616701596088,32.8436382478012,-117.19857452432761,37.29655102827235,27,52,14,11
1616701596199,32.843651316258885,-117.19858789475101,37.152357279815455,27,52,14,11
1616701596415,32.843702474213615,-117.19864113641273,36.58298500095883,26,52,14,11
1616701596497,32.84371497252233,-117.19865439449703,36.45124548075931,26,52,14,11
1616701596623,32.84372734992851,-117.19866758600668,36.31960779827111,26,52,14,11
1616701596824,32.843739583401664,-117.1986807032123,36.18825874474863,26,52,14,11
1616701597028,32.843751653289175,-117.19869371496708,36.057323446454554,26,52,14,11
1616701597145,32.843763552664036,-117.19870659201261,35.922592952960265,26,52,14,11
1616701597339,32.84380960619069,-117.19875691931844,35.429817820908575,26,52,14,11
1616701597453,32.84382071669979,-117.19876917163559,35.30519081427313,25,51,14,11
1616701597532,32.843831656496235,-117.1987812970524,35.18218504492378,25,51,14,11
1616701597675,32.84384245910892,-117.19879328370949,35.065129009411876,25,51,14,11
1616701597806,32.84385309707982,-117.19880511123417,34.942474291292314,25,51,14,11
1616701597986,32.84386356896328,-117.19881678579335,34.81820621931138,25,50,14,11
1616701598224,32.8439038549406,-117.198862049441,34.33662461860698,24,49,14,11
1616701598425,32.84391349786089,-117.19887297566154,34.21355569140674,23,49,14,11
1616701598536,32.8439229895143,-117.19888376730405,34.0916427110011,23,48,14,11
1616701598649,32.84393232451545,-117.19889441076275,33.978684859534134,23,48,14,11
1616701598761,32.843941487886504,-117.1989049062625,33.8689712163777,23,47,14,11
1616701598993,32.84396795624573,-117.19893545678556,33.543244113746134,24,48,14,11
1616701599113,32.843976480033334,-117.19894529818414,33.434621822762175,24,48,14,11
1616701599241,32.84398485278735,-117.1989549923712,33.329812271864036,23,48,14,11
1616701599359,32.84399307338913,-117.19896451756165,33.22484992735243,23,47,14,11
1616701599620,32.844024480094056,-117.19900107023795,32.81146328208418,23,46,14,11
1616701599712,32.8440320054995,-117.19900980969074,32.71180795731986,23,46,14,11
1616701599940,32.84403944331259,-117.19901838934938,32.611702242165656,22,46,14,11
1616701600064,32.84404674701153,-117.1990268383011,32.51568536249845,22,46,14,11
1616701600176,32.84405393498257,-117.19903515042246,32.423886900391544,22,46,14,11
1616701600294,32.84406103999796,-117.199043301828,32.34046960445748,23,46,14,11
1616701600481,32.84408838543477,-117.19907454721462,31.985293358796753,23,46,13,11
1616701600632,32.8440949780077,-117.19908205143479,31.897183324722487,23,46,13,11
1616701600786,32.84410146057151,-117.19908943630313,31.813695941044145,23,46,13,11
1616701600986,32.844107848387765,-117.19909671161977,31.732157403395274,24,46,13,11
1616701601131,32.844114126972684,-117.19910387982624,31.64977773666023,24,46,13,11
1616701601328,32.8441383111166,-117.19913138274681,31.33088250790129,23,46,13,11
1616701601411,32.84414412596873,-117.19913795843355,31.253011155696964,23,46,13,11
1616701601586,32.84414985627919,-117.1991444111594,31.176220723166054,23,46,13,11
1616701601732,32.84415549428491,-117.19915073596363,31.101985898582964,23,46,13,11
1616701601831,32.84416104074982,-117.19915695352735,31.03232636336999,23,46,13,11
1616701602111,32.84418229615625,-117.19918085903022,30.758674633726475,22,45,13,11
1616701602242,32.84418736903231,-117.19918656939797,30.68764231113285,21,44,13,11
1616701602375,32.84419233319149,-117.19919216343766,30.619655511933427,21,44,13,11
1616701602517,32.8441972075164,-117.19919765475919,30.551096835336903,21,44,13,11
1616701602635,32.8442019854678,-117.19920303523216,30.48316578726386,21,44,13,11
1616701602930,32.84421997798102,-117.19922329566515,30.24199688923094,22,44,14,11
1616701603057,32.84422420300682,-117.1992280344156,30.183931697937613,21,43,14,11
1616701603188,32.84422829289409,-117.19923264457137,30.129959301468986,21,43,14,11
1616701603307,32.84423227687777,-117.1992371066866,30.07730833890785,21,43,14,11
1616701603440,32.84423615868079,-117.19924143519088,30.0261181564899,21,43,14,11
1616701603523,32.844239933071286,-117.19924565332393,29.974740449779155,21,43,14,11
1616701603898,32.84425402874734,-117.19926142618664,29.796379722940866,21,43,14,11
1616701604011,32.844257324065126,-117.19926508083421,29.75354539219173,21,43,14,11
1616701604123,32.844260521635356,-117.19926863310923,29.714175442084226,21,43,14,11
1616701604239,32.844263626023796,-117.19927208795606,29.675397646629488,21,43,14,11
1616701604357,32.84426663531156,-117.19927545049251,29.63806750559615,22,43,14,11
1616701604480,32.844275188935804,-117.1992849688744,29.535560320946274,22,44,14,11
1616701604625,32.844277872072446,-117.19928796419819,29.501766157867895,22,44,14,11
1616701604795,32.844280479073184,-117.19929084285442,29.468286226653078,21,43,14,11
1616701604984,32.844282993737124,-117.19929361958731,29.438488650634255,21,43,14,11
