1616284612492,32.84077577513581,-117.22091665957574,16.47400944422717,57,99,9,11
1616284612577,32.840767485673595,-117.22094003817048,16.42525300753869,58,100,9,11
1616284612734,32.84075929043318,-117.22096357053576,16.372904712977594,59,101,9,11
1616284612880,32.840751170072544,-117.22098722691533,16.319275037602893,59,101,9,11
1616284612991,32.840742982622665,-117.22101106381707,16.26202111493132,59,101,9,11
1616284613240,32.84071093130855,-117.22110669967628,16.052681399418972,59,101,8,11
1616284613351,32.840702981625185,-117.22113083035299,16.030791576050703,58,101,8,11
1616284613488,32.840694986049535,-117.22115518876167,16.017606509841833,58,100,8,11
1616284613635,32.84068702449426,-117.22117946474339,16.00950521630278,57,100,8,11
1616284613724,32.84067908749614,-117.22120382570326,15.992403539942828,57,100,8,11
1616284613871,32.840671169414755,-117.22122825423867,15.971535432855363,57,100,8,11
1616284613992,32.84066327522093,-117.22125278403706,15.944473758275448,57,99,8,11
1616284614245,32.840631769646905,-117.22135162434542,15.777595547474373,55,98,9,11
1616284614408,32.84062392291295,-117.22137651746694,15.746403304652972,56,98,9,11
1616284614545,32.84061611337424,-117.22140149392854,15.708934539107245,56,98,9,11
1616284614658,32.84060834722122,-117.22142658146613,15.668226260915878,55,98,9,11
1616284614781,32.84060057667455,-117.22145199361891,15.62641720106294,55,98,9,11
1616284614892,32.840592910238094,-117.22147727956185,15.584913625426672,55,98,9,11
1616284615015,32.840585266525366,-117.22150272305656,15.544360527464773,55,98,9,11
1616284615240,32.840554978077535,-117.22160578973806,15.368382420806347,54,96,9,11
1616284615353,32.840547485125064,-117.22163173047875,15.321395218335926,53,95,9,11
1616284615522,32.84053997946123,-117.22165780035706,15.284194360793919,52,95,9,11
1616284615635,32.8405325128886,-117.2216839514235,15.246166238784207,52,94,9,11
1616284615765,32.84052502942901,-117.22171019988008,15.210610301773123,52,94,9,11
1616284615878,32.84051759197404,-117.22173653771605,15.164399610996202,52,94,9,11
1616284616001,32.84051016523191,-117.22176296131511,15.118612524480236,51,93,9,11
1616284616125,32.840488036950156,-117.22184282555138,14.990073962231243,51,93,9,11
1616284616245,32.84048072176525,-117.22186958380483,14.94555284799814,51,93,9,11
1616284616358,32.84047344981974,-117.22189642673823,14.902238478683872,51,93,9,11
1616284616526,32.84046626052559,-117.22192333172876,14.85142333719491,51,93,9,11
1616284616642,32.84045908355917,-117.22195033757129,14.80137195331429,52,93,9,11
1616284616732,32.84045196437699,-117.22197741452813,14.751507755602978,52,93,9,11
1616284616876,32.84044488651806,-117.22200456324404,14.702815999496481,52,93,9,11
1616284616988,32.84043786050481,-117.22203179893725,14.654333099810804,52,93,9,11
1616284617241,32.840410207471606,-117.22214139092605,14.466632542592889,50,92,9,11
1616284617354,32.84040340591903,-117.22216898874802,14.424715139611775,50,91,9,11
1616284617456,32.84039665979666,-117.22219664463164,14.377825123703843,50,91,9,11
1616284617638,32.84038999158737,-117.22222437528676,14.328354359550438,49,90,9,11
1616284617728,32.840383347493784,-117.22225221477015,14.280701972953008,49,89,9,11
1616284617872,32.84037675382252,-117.22228006326364,14.22326205367569,48,88,9,11
1616284617984,32.84037018909432,-117.22230795907501,14.158878998500734,47,88,9,11
1616284618244,32.84034386179948,-117.22242018531045,13.947260248093436,46,86,9,11
1616284618354,32.840337324917556,-117.22244833870602,13.888731754646216,46,85,9,11
1616284618495,32.8403308164137,-117.22247659254398,13.833630476448523,45,84,9,11
1616284618646,32.84032431957086,-117.22250488211243,13.78370656852284,44,83,9,11
1616284618738,32.840317780522575,-117.2225331961695,13.734700459109291,44,82,9,11
1616284618890,32.84031122321077,-117.2225615282126,13.674468304201904,44,82,9,11
1616284619004,32.84030473226842,-117.22258985477771,13.616611466155474,44,82,9,11
1616284619239,32.84027886377769,-117.2227039867379,13.485179363453506,44,81,9,11
1616284619349,32.84027233773067,-117.22273270130613,13.4496829128473,44,81,9,11
1616284619487,32.84026582522132,-117.22276143304096,13.411128051638224,43,80,9,11
1616284619634,32.84025934843281,-117.2227902217201,13.363790666210488,44,80,9,11
1616284619728,32.840252947502854,-117.2228190800421,13.323923979851177,44,80,9,11
1616284619890,32.84024649146005,-117.2228480297004,13.288392021562382,45,81,9,11
1616284620003,32.84024009793142,-117.22287699448886,13.237423212110345,45,81,9,11
1616284620115,32.84022121025281,-117.22296438586393,13.069457242411275,47,83,9,11
1616284620258,32.84021504870135,-117.2229936350223,13.015364834269677,48,84,9,11
1616284620369,32.840208955376426,-117.22302296112996,12.955812353920804,48,84,9,11
1616284620633,32.84020289020233,-117.22305234027813,12.897003850528899,47,83,8,11
1616284620741,32.84019681115405,-117.2230818143574,12.8369049251481,47,82,8,11
1616284620932,32.84017346547208,-117.22319978885363,12.610502811554209,49,84,7,11
1616284621044,32.84016774916993,-117.22322940839052,12.560213093822716,49,85,7,11
1616284621166,32.84016204290608,-117.2232592277468,12.505688278558491,49,84,6,11
1616284621312,32.840156377108144,-117.22328888135728,12.447255515648518,48,83,6,11
1616284621422,32.840150740160674,-117.22331856311031,12.39194958371448,48,83,6,11
1616284621590,32.840145082142485,-117.223348274099,12.33339531474908,48,83,6,11
1616284621707,32.84013942430933,-117.2233780124257,12.28157160880188,48,83,6,11
1616284621798,32.84013376068153,-117.22340776074743,12.222185098950753,48,82,6,11
1616284621953,32.8401280679114,-117.22343772069844,12.16367326529485,47,82,6,11
1616284622164,32.84010553138954,-117.22355702819293,11.927180677868643,47,81,9,11
1616284622308,32.840099908755796,-117.22358688842904,11.860585827437008,48,81,9,11
1616284622430,32.840094267803416,-117.22361700113875,11.798146996469898,48,82,9,11
1616284622533,32.84008871709729,-117.22364693169838,11.743426908479469,49,82,9,11
1616284622715,32.8400831452548,-117.22367690218071,11.689177393808327,49,83,9,11
