1615680721838,32.88010922210417,-117.23537313145083,77.36566337994182,43,84,10,11
1615680722106,32.880109239861326,-117.23537311097567,77.36695418541413,42,82,10,11
1615680722223,32.88010923500476,-117.2353731211875,77.36756098669841,42,81,10,11
1615680722337,32.880109254329504,-117.23537311236053,77.36900180924201,42,81,10,11
1615680722425,32.88010924242712,-117.23537309833314,77.36849029594732,42,81,10,11
1615680722573,32.88010924792038,-117.23537308425713,77.36906762381135,42,81,10,11
1615680722719,32.88010925445194,-117.23537307755524,77.36925401887804,41,80,10,11
1615680722872,32.880109262138674,-117.23537308766969,77.36941340592111,41,79,10,11
1615680722989,32.880109269845335,-117.23537308152244,77.36946617961563,41,79,10,11
1615680723090,32.88010926012772,-117.23537307335225,77.36919565999222,41,79,10,11
1615680723278,32.88010926980658,-117.23537308799266,77.3694770903303,41,79,10,11
1615680723394,32.88010927139185,-117.23537305685194,77.3702743644001,41,79,10,11
1615680723479,32.88010928215855,-117.23537306725612,77.3719017116416,41,79,10,11
1615680723639,32.880109268625965,-117.23537305718132,77.37151003345542,41,79,10,11
1615680723877,32.880109270781375,-117.23537305165662,77.37486540599288,42,80,10,11
1615680723957,32.8801092841955,-117.23537304847481,77.37574973928162,43,81,10,11
1615680724166,32.88010928745527,-117.23537304449225,77.37552108523789,43,81,10,11
1615680724287,32.88010929451702,-117.23537304000139,77.37561845615978,43,81,10,11
1615680724399,32.880109288665246,-117.23537306319592,77.37584914737316,43,81,10,11
1615680724487,32.880109285901455,-117.2353730367404,77.37668832837667,43,81,10,11
1615680724631,32.88010930020407,-117.23537307116965,77.37636504253362,43,81,10,11
1615680724892,32.88010930187308,-117.23537307647291,77.37990819517209,44,82,10,11
1615680724973,32.88010928263962,-117.23537306018119,77.38112730327957,44,82,10,11
1615680725180,32.88010928885778,-117.23537310037354,77.379345484152,43,82,10,11
1615680725296,32.88010929666371,-117.23537314814847,77.378872906429,44,82,10,11
1615680725406,32.88010929238142,-117.23537324887373,77.37689249951832,44,82,10,11
1615680725497,32.88010929365304,-117.2353734422643,77.37170124348513,44,82,10,11
1615680725643,32.88010930626357,-117.235373667472,77.36571423931821,44,82,10,11
1615680725866,32.88010934205411,-117.2353745208401,77.32474400535021,42,79,10,11
1615680725948,32.8801093537722,-117.23537465076423,77.31234919652269,41,78,10,11
1615680726130,32.8801093738675,-117.23537477902501,77.30295967008254,41,77,10,11
1615680726279,32.88010937069481,-117.23537484039996,77.29446716179457,40,77,10,11
1615680726391,32.88010937345909,-117.23537488459016,77.28738479751071,39,75,10,11
1615680726478,32.88010936490158,-117.23537491588353,77.2793914475317,39,74,10,11
1615680726622,32.88010937946906,-117.23537494728757,77.2727129932037,38,73,10,11
1615680726724,32.8801093847063,-117.23537497328277,77.26816032135903,38,73,10,11
1615680726840,32.88010937473285,-117.23537505632211,77.25549847643747,37,71,10,11
1615680726953,32.8801093790933,-117.23537508179676,77.25207740183203,37,71,10,11
1615680727098,32.88010937296767,-117.23537510491029,77.24936381066425,37,71,10,11
1615680727285,32.880109372406146,-117.2353751301186,77.24575085088166,37,70,10,11
1615680727365,32.88010938337231,-117.23537516604436,77.2434676930437,37,70,10,11
1615680727482,32.880109386219736,-117.23537517962892,77.24081855134298,37,70,10,11
1615680727627,32.88010937678204,-117.23537519328364,77.23854481832385,37,70,10,11
1615680727728,32.88010938313758,-117.2353752160352,77.23557799674428,37,70,10,11
1615680727942,32.880109387202836,-117.23537527367769,77.22736281100394,37,70,10,11
1615680728107,32.880109383212755,-117.23537528345729,77.22493230081125,37,70,10,11
1615680728296,32.88010937708242,-117.2353753054112,77.22327586738675,38,70,10,11
1615680728408,32.88010938224833,-117.23537531167794,77.22058326333173,38,70,9,11
1615680728495,32.880109377697934,-117.23537531607698,77.21867444845878,38,70,9,11
1615680728651,32.8801093726729,-117.23537532999264,77.21654031873445,38,70,9,11
1615680728877,32.88010935136904,-117.23537534304083,77.2085041583816,38,71,9,11
1615680728959,32.88010935682873,-117.23537535563351,77.20824585866434,38,71,9,11
1615680729136,32.88010935186583,-117.23537535659635,77.20651120535497,39,71,9,11
1615680729282,32.880109339671414,-117.23537535064564,77.20500085390387,39,72,9,11
1615680729363,32.880109329887986,-117.23537534649805,77.20343271159837,39,72,9,11
1615680729482,32.88010932858766,-117.23537535944129,77.20254718111686,39,72,10,11
1615680729629,32.880109324017965,-117.2353753666641,77.20190761249127,40,73,10,11
1615680729731,32.88010932789652,-117.23537536993356,77.20246463282973,40,74,10,11
1615680729875,32.88010931000206,-117.23537537534231,77.20104868939205,41,75,10,11
1615680729962,32.88010930508472,-117.23537536979767,77.20063480193642,42,76,10,11
1615680730136,32.880109308774394,-117.23537537370511,77.20041458312528,42,77,10,11
1615680730293,32.880109299681045,-117.23537537159959,77.19988988520053,42,77,10,11
1615680730374,32.8801093184404,-117.23537536964383,77.20010713466986,43,78,10,11
1615680730492,32.88010930316346,-117.235375364349,77.19850462255695,43,79,10,11
1615680730827,32.88010931096645,-117.23537535988456,77.19765364907448,44,81,10,11
1615680731015,32.88010929263377,-117.23537534979452,77.19675606153524,45,82,10,11
1615680731115,32.880109308614365,-117.23537533486301,77.19585270960108,45,82,10,11
1615680731244,32.88010929578907,-117.23537531458848,77.19457875063142,46,84,10,11
1615680731389,32.880109299700855,-117.23537531248525,77.19334834081478,46,84,10,11
1615680731551,32.88010929668984,-117.23537530807725,77.19287180303601,46,85,10,11
1615680731674,32.88010929214953,-117.2353753035157,77.19226265500467,46,85,10,11
1615680731976,32.880109290346155,-117.23537527195998,77.19036072632572,47,88,10,11
1615680732135,32.88010929215459,-117.23537526462763,77.19026596733956,48,88,10,11
