1631981292841,32.876855392038365,-117.2331201855982,69.47237957510076,42,85,13,11
1631981292954,32.87685755807423,-117.2331307386868,69.48410082852185,42,85,13,11
1631981293088,32.876859659942255,-117.23314115551926,69.50008914969474,43,85,13,11
1631981293261,32.87686523363122,-117.23317163855539,69.54496268424697,43,84,13,11
1631981293404,32.87686672492419,-117.2331815568552,69.5599836521158,44,85,13,11
1631981293540,32.876867973026094,-117.23319136181235,69.57516770226333,44,85,13,11
1631981293658,32.87686892212703,-117.23320104579658,69.59045804751985,45,85,13,11
1631981293780,32.87686956521531,-117.23321059925777,69.60534164878754,46,86,13,11
1631981293960,32.87686994316565,-117.23322003021221,69.61823038750197,46,86,13,11
1631981294089,32.87686910695744,-117.23324740781935,69.660819142724,47,86,13,11
1631981294210,32.876868194354145,-117.23325615037564,69.67314380241179,49,87,13,11
1631981294299,32.8768669304352,-117.23326470178043,69.6801313492574,50,89,13,11
1631981294442,32.87686535222401,-117.23327306311808,69.6849472697072,52,90,13,11
1631981294574,32.87686351742641,-117.23328126067965,69.68831606079715,53,90,13,11
1631981294706,32.876861358272556,-117.23328927885632,69.6878037202071,54,91,13,11
1631981294823,32.876858919586994,-117.23329714688941,69.68276010933812,55,92,13,11
1631981294942,32.8768561981388,-117.23330489117154,69.68294502045211,56,93,13,11
1631981295275,32.876842743000786,-117.23333443619055,69.6901752234059,60,96,13,11
1631981295399,32.876838780321265,-117.23334142258182,69.68262605653544,61,97,13,11
1631981295508,32.87683460553067,-117.23334827194849,69.67234712312673,60,97,13,11
1631981295639,32.876830176909266,-117.23335494992577,69.66448674347767,61,97,13,11
1631981295761,32.87682555365139,-117.23336151937887,69.66410712889602,60,97,13,11
1631981295871,32.876820704785025,-117.23336786332635,69.65654573352973,59,97,13,11
1631981295994,32.87681568008196,-117.23337391123815,69.63561285814328,58,96,13,11
1631981296246,32.876793634350655,-117.23339571028865,69.55973179797506,57,96,13,11
1631981296338,32.87678756492069,-117.23340056165831,69.59742797696752,57,96,13,11
1631981296481,32.8767812463849,-117.23340494982557,69.62687367426999,57,97,13,11
1631981296581,32.876774783349184,-117.2334091480953,69.6506364675349,58,97,13,11
1631981296729,32.876768178898715,-117.23341312190365,69.66993977739291,58,98,13,11
1631981296840,32.87676139497507,-117.23341672116938,69.68802039885902,59,98,13,11
1631981296952,32.87675445550418,-117.2334199872429,69.69888946618647,59,99,13,11
1631981297282,32.876725322394364,-117.2334303745274,69.7527458814199,60,100,13,11
1631981297408,32.87671775650447,-117.2334323729184,69.77391480442762,60,100,13,11
1631981297553,32.87671008450151,-117.23343409546254,69.7903608710464,59,100,14,11
1631981297685,32.87670231280463,-117.23343558243336,69.80281372105432,59,100,14,11
1631981297799,32.87669445643688,-117.2334368848649,69.8172346724399,58,99,14,11
1631981297912,32.8766864881979,-117.23343797278177,69.83373095862103,59,100,14,11
1631981298133,32.87665413520231,-117.23344142198472,69.8967847647007,53,96,13,11
1631981298307,32.87664586594728,-117.23344197706973,69.91157444639494,52,95,13,11
1631981298396,32.876637519474365,-117.23344240318289,69.92997768318986,52,95,13,11
1631981298559,32.87662912315705,-117.23344272879221,69.95116770283204,52,94,11,11
1631981298700,32.87662067661865,-117.2334430159908,69.9713227604028,52,94,11,11
1631981298814,32.876612168528254,-117.23344326572558,69.98815894850993,52,94,11,11
1631981298927,32.876603588631994,-117.23344360126357,70.0084451599737,52,94,11,11
1631981299079,32.876568460771075,-117.23344524757144,70.06292806936584,46,89,11,11
1631981299351,32.87655945550538,-117.23344561639945,70.07049417894373,44,87,11,11
1631981299440,32.8765503813682,-117.23344595921414,70.081816974527,43,86,11,11
1631981299586,32.87654130862865,-117.23344630707311,70.08260298746558,42,85,11,11
1631981299690,32.876532154509285,-117.23344669506308,70.08691861042102,41,84,11,11
1631981299895,32.87649493832294,-117.23344816817173,70.12919189888095,40,82,10,11
1631981299997,32.87648552781074,-117.2334485558612,70.13538484328957,39,82,10,11
1631981300155,32.876476094514224,-117.23344890306058,70.14158419501005,39,81,10,11
1631981300357,32.876466650172,-117.23344925377751,70.1456135304999,39,81,10,11
1631981300452,32.8764571531569,-117.23344960356698,70.15612163933734,38,80,10,11
1631981300698,32.8764188643365,-117.23345086670928,70.19479054921064,37,79,11,11
1631981300808,32.87640919111445,-117.23345112828233,70.2093805477551,37,79,11,11
1631981300921,32.87639948618039,-117.23345142530265,70.22700890897568,37,78,11,11
1631981301022,32.87638980703761,-117.2334517262485,70.23186627667309,37,78,11,11
1631981301243,32.87638006157421,-117.23345201251884,70.23504157588648,37,78,11,11
1631981301356,32.8763507425132,-117.23345283580372,70.22060891351525,37,78,11,11
1631981301501,32.876340907794116,-117.23345306981209,70.21468350113572,37,78,11,11
1631981301613,32.876331076887844,-117.23345328368843,70.20760326654502,37,77,11,11
1631981301761,32.876321194726984,-117.23345354282596,70.20114347456935,36,77,11,11
1631981301881,32.87631130308209,-117.23345378320401,70.20256130518379,37,77,13,11
1631981301994,32.87630136063296,-117.23345402601893,70.20982869269594,37,77,13,11
1631981302094,32.87629142682685,-117.23345426662677,70.20774713439873,37,78,13,11
1631981302285,32.87626150999306,-117.2334547860188,70.19442463889483,38,78,13,11
1631981302396,32.87625142304102,-117.23345489779517,70.18731857101777,38,78,13,11
1631981302508,32.876241355775434,-117.23345493244459,70.18930005701624,38,78,12,11
1631981302656,32.87623126949139,-117.23345489670602,70.19338501190194,38,78,12,11
1631981302771,32.87622111501663,-117.23345484300391,70.1944732455353,38,78,12,11
1631981302899,32.87621099962032,-117.23345471993613,70.19749334992908,38,78,12,11
1631981303016,32.87620082868085,-117.23345454370475,70.19835964317863,38,78,12,11
