1613866971626,32.88010528379034,-117.23539116916783,76.87094606973308,30,60,11,11
1613866971843,32.88010525334395,-117.23539115933032,76.87308020383118,31,60,11,11
1613866971995,32.88010525849039,-117.23539116347453,76.87088347968792,31,60,11,11
1613866972174,32.88010526190601,-117.23539115449255,76.87124511543912,31,61,11,11
1613866972345,32.88010524307557,-117.23539115064337,76.86940481130188,31,61,11,11
1613866972503,32.88010526065895,-117.23539115552839,76.86878164109045,31,61,11,11
1613866972627,32.88010525663715,-117.23539114920189,76.86900947567113,31,61,11,11
1613866972950,32.88010526679471,-117.23539114219896,76.86780373977224,31,61,11,11
1613866973106,32.880105259808666,-117.23539114266457,76.86763855230872,31,61,11,11
1613866973448,32.88010527162816,-117.23539112766525,76.86733965810492,31,62,11,11
1613866973558,32.880105268525796,-117.23539111237773,76.86705003718896,31,62,11,11
1613866973726,32.88010528194567,-117.23539112284232,76.86722467984167,31,62,11,11
1613866973855,32.88010528682579,-117.23539110760547,76.86683422411751,31,62,11,11
1613866974156,32.880105325414945,-117.2353911117049,76.86520436537396,31,62,11,11
1613866974336,32.88010531657788,-117.23539110803785,76.86584758314811,31,62,11,11
1613866974656,32.88010532805068,-117.2353911031443,76.86562445736196,31,62,11,11
1613866974784,32.88010532557982,-117.23539108615108,76.86593706579539,31,63,11,11
1613866974917,32.88010532110037,-117.235391087705,76.86597231450726,31,63,11,11
1613866975072,32.88010533391279,-117.23539107221275,76.86490563370562,32,63,11,11
1613866975252,32.880105323486305,-117.23539107468905,76.8655879789373,32,64,11,11
1613866975390,32.88010532901778,-117.23539107204483,76.86504873676687,32,64,11,11
1613866975545,32.88010534876478,-117.23539107631541,76.86415408374519,32,64,11,11
1613866975669,32.88010534653565,-117.23539107503272,76.86504487491707,32,65,11,11
1613866975944,32.880105366224015,-117.23539107938988,76.86460331786736,33,66,11,11
1613866976134,32.88010535975069,-117.23539105879749,76.86494720570732,33,66,11,11
1613866976264,32.88010536407227,-117.23539107173882,76.86493636713686,33,67,11,11
1613866976457,32.88010535989479,-117.2353910689626,76.86474427182291,34,67,11,11
1613866976569,32.88010535943022,-117.23539107921424,76.8650886201378,34,68,11,11
1613866976951,32.88010537624526,-117.23539107579343,76.8651561848568,34,69,11,11
1613866977105,32.88010537079759,-117.23539107926287,76.86453694105839,34,68,11,11
1613866977238,32.88010539060849,-117.2353910868508,76.86348620746007,34,69,11,11
1613866977458,32.88010540648273,-117.23539106113861,76.86233625407121,34,69,11,11
1613866977568,32.88010541462116,-117.23539108402929,76.86071388474176,34,69,11,11
1613866977733,32.88010540980089,-117.23539107228773,76.86001872781026,34,69,11,11
1613866977873,32.88010541953087,-117.23539109159232,76.86145138150663,34,69,11,11
1613866978204,32.88010545348995,-117.23539107841536,76.85844623568299,34,70,11,11
1613866978334,32.880105457062754,-117.23539109601116,76.85847056991972,34,70,11,11
1613866978473,32.880105469488704,-117.23539109698191,76.8569445928622,34,70,11,11
1613866978643,32.880105481217534,-117.23539109707305,76.85728412440838,34,70,11,11
1613866978776,32.88010548821131,-117.23539108589905,76.85699394252244,35,70,11,11
1613866978914,32.8801054928533,-117.23539110045797,76.85645187174127,35,70,11,11
1613866979066,32.88010550014461,-117.23539108401081,76.85652508987101,35,70,11,11
1613866979236,32.880105515505306,-117.23539108736824,76.85549658448821,35,71,11,11
1613866979370,32.88010551707318,-117.23539108678195,76.85434539281198,35,72,11,11
1613866979524,32.88010553365277,-117.23539108728143,76.85410946336833,35,72,11,11
1613866979637,32.88010553731929,-117.23539109909693,76.85405230330652,36,72,11,11
1613866979949,32.88010555692076,-117.23539108989083,76.8512254102645,36,73,11,11
1613866980136,32.88010557870117,-117.23539109017891,76.85048187325435,36,73,11,11
1613866980344,32.88010558950995,-117.23539109589557,76.84874117238097,36,73,11,11
1613866980501,32.88010559152848,-117.23539109938496,76.8479908804245,36,73,11,11
1613866980627,32.88010558538981,-117.23539107833824,76.84855662408937,36,74,11,11
1613866980941,32.880105625680486,-117.23539110076031,76.84389687596409,36,73,11,11
1613866981094,32.88010562254441,-117.23539110676975,76.84381647479451,36,73,11,11
1613866981258,32.88010563445345,-117.23539110174057,76.843623509448,36,73,11,11
1613866981459,32.880105648226994,-117.23539112316925,76.84093199550247,36,74,11,11
1613866981568,32.88010565372037,-117.23539113021698,76.8395401215585,36,74,11,11
1613866981754,32.88010566581486,-117.23539112123692,76.83948368431017,36,74,11,11
1613866981887,32.88010567288583,-117.23539114274278,76.83802812519896,36,74,11,11
