1615681574037,32.76131048218474,-117.20459395809883,-25.925282481112088,48,83,10,11
1615681574225,32.76128217924046,-117.20458668068741,-25.949678237303974,48,83,10,11
1615681574336,32.761253908512145,-117.20457943030503,-25.97085448711086,48,84,10,11
1615681574469,32.7612255101392,-117.20457218831059,-25.978914953895337,48,84,10,11
1615681574551,32.76119712692739,-117.20456491025423,-26.001919050534912,48,85,10,11
1615681574695,32.76116881674331,-117.20455759830301,-26.061648888409596,48,85,10,11
1615681574818,32.76114052245933,-117.20455030419608,-26.124578046133674,48,85,10,11
1615681574927,32.76105543705851,-117.20452850712299,-26.213467544706607,47,85,10,11
1615681575108,32.76102707818853,-117.20452118216711,-26.220394589451978,46,84,10,11
1615681575226,32.76099870281821,-117.2045138742485,-26.231335368191942,46,84,10,11
1615681575339,32.76097031320268,-117.20450656948225,-26.24469429096822,46,83,10,11
1615681575472,32.76094190617643,-117.204499254338,-26.263234380167408,45,83,10,11
1615681575594,32.760913507885085,-117.20449192094162,-26.28846351643681,45,82,10,11
1615681575738,32.76088512594238,-117.20448460360488,-26.32197046507096,44,82,10,11
1615681575981,32.76077147497805,-117.20445533466818,-26.3817072727073,42,79,10,11
1615681576129,32.76074304369484,-117.20444806233434,-26.393723557329782,42,78,10,11
1615681576247,32.76071457696573,-117.20444080954476,-26.413588501653297,42,79,10,11
1615681576361,32.76068610043648,-117.2044335131969,-26.42589498322001,41,78,10,11
1615681576503,32.76065764797062,-117.20442617449356,-26.448101732055868,41,77,10,11
1615681576613,32.760629199390124,-117.20441885737144,-26.469389833331583,40,77,10,11
1615681576729,32.76060072194895,-117.20441157283175,-26.486233615736786,40,76,10,11
1615681576958,32.760486717176335,-117.20438235254363,-26.560090460155845,39,74,10,11
1615681577108,32.76045814546058,-117.20437506283191,-26.548654773988936,38,73,10,11
1615681577259,32.76042956569454,-117.2043677322684,-26.569297287552782,38,73,10,11
1615681577372,32.76040103961998,-117.20436040870511,-26.593423966486135,37,72,10,11
1615681577504,32.76037249327675,-117.2043530785011,-26.620984780197155,37,72,10,11
1615681577616,32.76034391399687,-117.2043457770954,-26.63599915814564,36,70,10,11
1615681577738,32.76031532526271,-117.20433847893547,-26.650562006017537,35,69,10,11
1615681577852,32.76028673907617,-117.2043311709041,-26.687742634594425,35,69,10,11
1615681578016,32.760258149940604,-117.20432384565355,-26.708520609923653,35,68,10,11
1615681578152,32.76022951401157,-117.20431654296989,-26.716916348851807,34,66,10,11
1615681578190,32.76014355663534,-117.20429459413828,-26.807402062660646,33,65,10,11
1615681578308,32.760114869950755,-117.20428727915916,-26.85710435193731,33,65,10,11
1615681578444,32.76008619795389,-117.20427995654948,-26.906397521144843,33,65,10,11
1615681578554,32.76005751461179,-117.20427262419686,-26.957551083659443,33,65,10,11
1615681578668,32.760028819880404,-117.20426528204686,-27.01367370614677,34,65,10,11
1615681578793,32.76000008108283,-117.20425792992742,-27.057235459883625,34,65,10,11
1615681578933,32.75991391173005,-117.20423582376321,-27.25053583642856,33,64,10,11
1615681579086,32.759885178570606,-117.20422840333099,-27.304219508860562,34,64,10,11
1615681579243,32.75985642532829,-117.20422097379776,-27.345666279883073,34,64,10,11
1615681579354,32.759827636557276,-117.20421351791748,-27.38008009265136,34,64,10,11
1615681579494,32.7597988598615,-117.20420603713136,-27.42781260489132,34,65,10,11
1615681579584,32.75977006981443,-117.20419855120424,-27.477580910195687,34,64,8,11
1615681579796,32.75965486105726,-117.2041686392502,-27.70575243009141,39,69,0,13
1615681579937,32.75962602623965,-117.2041611829769,-27.76426002010142,41,70,0,13
1615681580081,32.75959716904859,-117.20415374264303,-27.819678869413764,42,72,0,13
1615681580193,32.7595682913297,-117.20414629792856,-27.87399272780152,44,73,0,13
1615681580320,32.75953940775359,-117.20413883292937,-27.934760467022603,46,74,0,13
1615681580434,32.75951051729373,-117.20413135405961,-28.000297670817954,47,76,0,13
1615681580568,32.75948161982424,-117.20412387536022,-28.0697114582997,49,77,0,13
1615681580701,32.75945270309617,-117.204116406026,-28.138311541369667,51,79,0,13
1615681580811,32.75942376571593,-117.20410895216993,-28.208395657825882,53,80,0,13
1615681580963,32.75939482828773,-117.20410150687901,-28.284669505539515,55,81,0,13
1615681581045,32.75936588131645,-117.20409406837902,-28.35702749099166,57,83,0,13
1615681581172,32.75927890525259,-117.20407174573613,-28.556824186122743,64,88,0,13
1615681581280,32.75924989717257,-117.20406431579804,-28.62636107025078,66,89,0,13
1615681581425,32.7592208551079,-117.20405688432564,-28.68546149244441,68,91,0,13
1615681581545,32.759191814859875,-117.20404945251519,-28.749018237984757,71,93,0,13
1615681581659,32.759162759898146,-117.20404201182194,-28.808228120854494,73,94,0,13
1615681581772,32.759133698056374,-117.20403456118224,-28.866876150741756,76,96,0,13
1615681581990,32.75901732071477,-117.20400470758267,-29.10123978372095,87,103,0,13
1615681582104,32.7589882156485,-117.20399723125301,-29.158889865360585,89,105,0,13
1615681582226,32.75895910153397,-117.20398975197662,-29.2083111481543,92,107,0,13
1615681582370,32.758929960168906,-117.20398227206002,-29.24821699345797,96,108,0,13
1615681582531,32.758900813766026,-117.20397479089993,-29.289555192548626,98,110,0,13
1615681582614,32.75887166154586,-117.20396732105557,-29.334886302473187,101,112,0,13
1615681582728,32.75884249720674,-117.20395985351485,-29.376076773294184,105,114,0,13
1615681583077,32.75872574280012,-117.20392980185967,-29.504958622922402,118,122,0,13
1615681583194,32.75869653527546,-117.20392226069958,-29.53357008043973,121,124,0,13
1615681583323,32.75866731554703,-117.20391471096566,-29.558321382584303,125,126,0,13
1615681583466,32.75863809580852,-117.20390715294096,-29.58404051133091,129,128,0,13
1615681583574,32.75860885464505,-117.20389961501834,-29.603206221148298,133,130,0,13
1615681583694,32.758579601202996,-117.2038920883478,-29.62186778442253,136,132,0,13
1615681583976,32.75846253004691,-117.20386197950697,-29.70164194512412,152,140,0,13
1615681584142,32.75843323729874,-117.20385446291326,-29.71151611895593,156,142,0,13
