1610061139274,32.82446206903743,-117.23124651042211,-8.337100164352082,80,122,15,11
1610061139353,32.82448482305244,-117.23126318140565,-8.359201108224703,80,122,15,11
1610061139438,32.8245077158664,-117.23127978177043,-8.375344314799646,80,122,15,11
1610061139581,32.82459986891358,-117.23134534133683,-8.441044100676365,80,122,15,11
1610061139688,32.824623109914704,-117.23136151690079,-8.451044219952815,80,122,15,11
1610061139787,32.824646437704146,-117.23137761625092,-8.459677299471288,81,122,15,11
1610061139872,32.82466983931746,-117.23139362567872,-8.476314090097976,81,122,15,11
1610061140052,32.82469332071375,-117.23140954447535,-8.496830888669027,81,122,15,11
1610061140142,32.82471688138219,-117.2314253642951,-8.518399482088322,81,122,15,11
1610061140286,32.8247405260786,-117.23144108772246,-8.53500888031136,82,122,15,11
1610061140367,32.82476424221255,-117.23145672310918,-8.54891891453498,82,122,15,11
1610061140494,32.82478801505366,-117.23147227337074,-8.560814481067718,82,122,15,11
1610061140617,32.82481184365835,-117.23148772990554,-8.570534845548321,82,122,15,11
1610061140710,32.82483572288473,-117.23150308484534,-8.580975884405872,82,122,15,11
1610061140792,32.82485964847705,-117.2315183273586,-8.596565165498646,83,122,15,11
1610061140877,32.824883610089046,-117.23153345503347,-8.613043042587288,83,122,15,11
1610061141027,32.82490761650458,-117.23154845519144,-8.622765285414594,83,122,15,11
1610061141127,32.82493167830828,-117.23156334810945,-8.621126989602853,83,122,15,11
1610061141210,32.82495576808359,-117.23157815075358,-8.622102464834217,83,122,15,11
1610061141295,32.82497988511895,-117.2315928531082,-8.630814778648329,83,122,15,11
1610061141374,32.82500402169527,-117.23160744919862,-8.64650619112504,83,122,15,11
1610061141507,32.82502817778983,-117.2316219364831,-8.666406642516725,84,122,15,11
1610061141623,32.8250523561604,-117.23163632204373,-8.686227347846287,84,122,15,11
1610061141710,32.82507655354275,-117.23165062051983,-8.704562029693106,84,122,15,11
1610061141811,32.825100775364916,-117.23166482454236,-8.720343028928658,84,122,15,11
1610061141899,32.82512501784032,-117.23167894186321,-8.736358286744862,84,122,15,11
1610061141968,32.82514929119361,-117.23169297338309,-8.749645240638404,84,122,15,11
1610061142148,32.825173602291756,-117.23170691914264,-8.762497421033254,84,122,15,11
1610061142229,32.8251979560162,-117.23172078629241,-8.775323529162328,84,122,15,11
1610061142372,32.82522235169637,-117.23173457071988,-8.791251961735902,84,122,15,11
1610061142455,32.82524680896922,-117.23174826621874,-8.804524011973358,84,122,15,11
1610061142592,32.8252713368593,-117.23176188580376,-8.816626832089648,84,122,15,11
1610061142699,32.82529591405122,-117.23177543246862,-8.828255903343539,84,123,15,11
1610061142803,32.825320547643976,-117.23178889994495,-8.839251572729072,84,123,15,11
1610061142889,32.82534524813676,-117.23180231259586,-8.848490985480373,84,123,15,11
1610061142971,32.82537002286041,-117.23181566954328,-8.85862725913008,83,122,15,11
1610061143056,32.82539481661158,-117.23182894110437,-8.871228406586582,83,122,15,11
1610061143156,32.82541969309929,-117.2318421436658,-8.879144923988383,83,122,15,11
1610061143264,32.82544463159949,-117.23185525435997,-8.887283587544399,83,122,15,11
1610061143393,32.82546963817954,-117.23186827695842,-8.894209240366077,83,122,15,11
1610061143474,32.82549472662519,-117.23188122877839,-8.903917799056051,83,122,15,11
1610061143610,32.825519902270976,-117.23189413712714,-8.913665949788605,82,122,15,11
1610061143731,32.825545100141014,-117.23190694182281,-8.927380098812193,82,122,15,11
1610061143812,32.82557040075948,-117.23191962049478,-8.937685891368897,82,122,15,11
1610061143911,32.825595789184064,-117.23193216440461,-8.956044627150131,82,122,15,11
1610061143992,32.82562129789426,-117.23194454626893,-8.970616390872964,82,122,15,11
1610061144073,32.8256469250594,-117.23195680406884,-8.979762397321982,83,123,15,11
1610061144180,32.82572448398518,-117.2319928937452,-9.004830468922847,83,123,15,11
1610061144281,32.82575056291502,-117.23200468951644,-9.01370473873828,83,123,15,11
1610061144409,32.825776776500796,-117.23201636647636,-9.017310443254042,83,123,15,11
1610061144535,32.825803099801036,-117.2320279444031,-9.025797122585029,83,123,15,11
1610061144620,32.82582952281377,-117.23203942559103,-9.040215876334038,83,123,15,11
1610061144703,32.825856058606746,-117.23205080811559,-9.052380333058895,83,123,15,11
1610061144787,32.825882720738555,-117.23206208932164,-9.058382608910417,83,123,15,11
1610061144888,32.82590948646599,-117.23207325369317,-9.067787081450417,83,123,15,11
1610061145001,32.825936376981765,-117.23208429995239,-9.073548313748285,84,123,15,11
1610061145147,32.82596336884042,-117.23209522670876,-9.083949831557952,84,123,15,11
1610061145230,32.82599048186877,-117.23210603554328,-9.08871189957614,84,123,15,11
1610061145309,32.82601769667528,-117.23211671499656,-9.092625932509682,84,123,15,11
1610061145433,32.82604500192526,-117.23212727228189,-9.09661275971026,84,123,15,11
1610061145545,32.82607235956603,-117.23213770802647,-9.1064620301957,84,123,15,11
1610061145638,32.826099767769584,-117.23214803540365,-9.115805134196233,84,123,15,11
1610061145721,32.826127237823094,-117.23215826266124,-9.11924551172119,84,123,15,11
1610061145814,32.8261547601638,-117.23216838693205,-9.123290442868656,84,123,15,11
1610061145898,32.82618233421018,-117.23217842826227,-9.128242863222571,84,123,15,11
1610061146028,32.826209963949594,-117.23218838111092,-9.13290433575312,84,123,15,11
1610061146155,32.82623764794124,-117.2321982337339,-9.139901720482458,84,123,15,11
1610061146299,32.826265414012866,-117.232207981197,-9.138224516188735,84,123,15,11
1610061146383,32.826293215870166,-117.23221765289165,-9.142234635083298,85,123,15,11
1610061146501,32.82632105221745,-117.23222723468629,-9.14902681782631,84,123,15,11
1610061146636,32.8263489217362,-117.23223671096798,-9.155078903107238,84,123,15,11
1610061146730,32.826376825684996,-117.2322460688274,-9.160097497758725,85,123,15,11
1610061146813,32.826404739291235,-117.23225530828556,-9.16766187893525,85,123,15,11
1610061146903,32.82643267577967,-117.23226442092181,-9.17064131018838,85,123,15,11
1610061146984,32.82646063067305,-117.23227342407291,-9.177228199893975,85,123,15,11
1610061147087,32.8264886078396,-117.23228228625817,-9.182395319357155,84,123,15,11
1610061147239,32.826516598696266,-117.23229099861975,-9.186326773191624,85,123,15,11
1610061147328,32.8265446304197,-117.23229955718378,-9.183952033622072,85,123,15,11
1610061147409,32.82657266872782,-117.23230796551468,-9.191026139109916,85,123,15,11
1610061147523,32.82660071053173,-117.23231623348948,-9.201984239971816,85,123,15,11
1610061147643,32.826628771381124,-117.23232437124135,-9.208344695005444,85,123,15,11
1610061147744,32.8266568493563,-117.23233233576406,-9.21492232622289,85,123,15,11
1610061147830,32.82668494175719,-117.23234011333516,-9.223916115082304,85,123,15,11
1610061147911,32.826713055852196,-117.23234772586838,-9.23046411511722,85,123,15,11
1610061147995,32.82674116802121,-117.23235517643464,-9.240455102040533,85,123,15,11
1610061148168,32.82676930735191,-117.23236247370588,-9.241745045627525,85,123,15,11
1610061148254,32.82679745420612,-117.2323696183346,-9.243684809281154,85,123,15,11
1610061148390,32.826825624435614,-117.2323765998653,-9.247390119915137,85,123,15,11
1610061148474,32.82685382136675,-117.23238342496653,-9.251407000112993,85,123,15,11
1610061148589,32.82688205390399,-117.23239013457379,-9.254981422658618,85,123,15,11
1610061148709,32.82691029439605,-117.23239677509898,-9.265206555385836,85,123,15,11
1610061148802,32.82693857011416,-117.23240334232365,-9.273202284874372,85,123,15,11
1610061148889,32.82696686838057,-117.23240984806095,-9.283368093938776,85,123,15,11
1610061148970,32.82699516891311,-117.23241632446361,-9.297153750992736,84,123,15,11
1610061149065,32.82702348503472,-117.23242279006985,-9.306098536411175,84,123,15,11
1610061149242,32.827051808095526,-117.23242924982809,-9.312278338478363,85,123,15,11
1610061149334,32.827080114099836,-117.23243570259972,-9.319245475712417,85,123,15,11
1610061149421,32.82710843632336,-117.23244212661074,-9.313926395558259,85,123,15,11
