1483233669007,32.78221556361085,-117.20813420663721,-29.060884065411226,83,122,15,11
1483233669088,32.78218604111656,-117.2081404115704,-29.075175986210905,83,122,15,11
1483233669174,32.782156589592454,-117.20814662747114,-29.091050858948947,83,122,15,11
1483233669256,32.782127237807394,-117.20815282670439,-29.11836424319175,83,122,15,11
1483233669375,32.782097956583854,-117.20815895235332,-29.144467864504897,83,122,15,11
1483233669512,32.78206877649628,-117.20816503648388,-29.174329850067444,83,122,15,11
1483233669593,32.78203967711252,-117.20817113714537,-29.18993746699607,83,122,15,11
1483233669677,32.78201061938481,-117.20817725185533,-29.194792039897795,83,122,15,11
1483233669875,32.78198165666278,-117.20818333632664,-29.20794792210898,83,122,15,11
1483233669975,32.78195275585602,-117.2081893970442,-29.22755756123698,83,122,15,11
1483233670059,32.781923928725924,-117.20819546364895,-29.249219352179608,83,122,15,11
1483233670154,32.781895154650464,-117.20820154708561,-29.267597960244398,83,122,14,11
1483233670243,32.78186643321414,-117.20820763842225,-29.28481246867198,83,122,14,11
1483233670324,32.78183777660011,-117.20821370168666,-29.303345203695628,83,122,14,11
1483233670445,32.78180917937617,-117.20821974233522,-29.322431946509585,83,122,14,11
1483233670531,32.78178063142932,-117.2082257524383,-29.33688524923294,83,122,14,11
1483233670665,32.781752137480765,-117.20823173320188,-29.353510673516134,83,122,14,11
1483233670739,32.78172369625887,-117.20823766292106,-29.370274292340408,83,122,14,11
1483233670877,32.7816953033724,-117.2082435241226,-29.388093681097914,83,122,15,11
1483233670989,32.781666960937535,-117.20824933589847,-29.40384150027906,83,122,15,11
1483233671068,32.781638670162835,-117.20825508169636,-29.424446500551504,84,122,15,11
1483233671152,32.78161045895076,-117.20826078845302,-29.450674061937363,84,122,15,11
1483233671234,32.781582292659046,-117.20826650942598,-29.469307792542388,84,122,15,11
1483233671316,32.78155414956596,-117.2082722009995,-29.482507835990607,83,122,15,11
1483233671416,32.78152604733777,-117.20827781827832,-29.50363222332246,83,122,15,11
1483233671563,32.7814979471622,-117.20828339189873,-29.52318958991191,84,122,15,11
1483233671644,32.78146985922729,-117.20828891917802,-29.544130436282014,84,122,15,11
1483233671776,32.78138545849762,-117.20830513267471,-29.59517400795834,83,122,15,11
1483233671872,32.781357272542465,-117.20831041871435,-29.614751645074215,83,122,15,11
1483233671971,32.781329032098,-117.208315655825,-29.622116214151312,83,122,15,11
1483233672082,32.78130075408044,-117.20832086867097,-29.633028110860373,83,122,15,11
1483233672174,32.78127245001175,-117.20832604750328,-29.648360478418255,83,122,15,11
1483233672274,32.78124411993647,-117.2083312162423,-29.660926071399935,83,122,15,11
1483233672380,32.78121572312312,-117.20833638905916,-29.662278339801748,83,122,15,11
1483233672576,32.781187303980055,-117.20834155697229,-29.668719029817513,83,122,15,11
1483233672649,32.78115882290264,-117.20834672713781,-29.67038787059835,83,122,15,11
1483233672797,32.78113031611613,-117.20835190286236,-29.680818201505563,83,122,15,11
1483233672900,32.78110177097398,-117.2083570581966,-29.691915676911886,83,122,15,11
1483233672981,32.781073175071064,-117.208362211536,-29.69798184950829,83,122,15,11
1483233673062,32.78104450867002,-117.2083673738695,-29.697285553927244,83,122,15,11
1483233673150,32.78101583116299,-117.2083725219156,-29.7002476033064,83,122,15,11
1483233673245,32.78098710567996,-117.20837767372406,-29.697819402298908,83,122,15,11
1483233673353,32.78095837317812,-117.20838283058606,-29.70290181412624,83,122,15,11
1483233673434,32.78092960997014,-117.20838799481356,-29.707685741288852,83,122,15,11
1483233673570,32.78090082782744,-117.20839316926158,-29.714846514090528,83,122,15,11
1483233673644,32.78087200719306,-117.20839835899558,-29.727995101430707,82,122,15,11
1483233673848,32.78084320617809,-117.20840355887773,-29.741890445955452,82,122,15,11
1483233673954,32.780814383540026,-117.20840878224979,-29.74850564906109,82,122,15,11
1483233674033,32.78078554647292,-117.20841399349838,-29.754865782527343,82,122,15,11
1483233674116,32.78075668851122,-117.20841918713108,-29.75631035260818,82,122,15,11
1483233674200,32.78072781113323,-117.20842438908839,-29.75703358646927,82,122,15,11
1483233674281,32.7806988721332,-117.20842960709986,-29.758086156369544,82,122,15,11
1483233674392,32.78066997324183,-117.20843479811587,-29.758428633453146,82,122,15,11
1483233674473,32.780641071388,-117.20843998189038,-29.76093896426356,82,122,15,11
1483233674543,32.780612179116616,-117.20844516333919,-29.761282068096047,82,122,15,11
1483233674683,32.78058329119806,-117.20845033721803,-29.7571431984599,82,122,15,11
1483233674838,32.78055441582852,-117.20845549958175,-29.751213311067044,82,122,15,11
1483233674947,32.780525494218224,-117.20846067187394,-29.742537994447186,82,122,15,11
1483233675026,32.780496655507726,-117.20846582776312,-29.736576912514934,82,122,15,11
1483233675107,32.78046782819255,-117.20847097692848,-29.725150105037205,82,122,15,11
1483233675196,32.78043902177509,-117.20847614343973,-29.72024841957467,82,122,15,11
1483233675274,32.78041025569348,-117.20848131876319,-29.71479914294015,82,122,15,11
1483233675378,32.780381509180884,-117.2084865059502,-29.69946813614311,82,122,15,11
1483233675470,32.780352688295885,-117.20849172068164,-29.678970833374144,82,122,15,11
1483233675555,32.7803239385551,-117.20849694809945,-29.655470833366163,82,122,15,11
1483233675681,32.780295173707906,-117.20850218191556,-29.630242150713748,82,122,15,11
1483233675871,32.78026638332434,-117.20850740785842,-29.61261480794867,82,122,15,11
1483233675983,32.78023760807468,-117.2085125912411,-29.61477151897527,82,122,15,11
1483233676064,32.78020882496367,-117.20851774430061,-29.618111992499745,82,122,15,11
1483233676176,32.78017993223408,-117.20852292286503,-29.60618118152072,82,122,15,11
1483233676268,32.78015108243702,-117.20852806997492,-29.58013368534449,82,122,15,11
1483233676347,32.780122208951866,-117.20853317232852,-29.55488443482772,82,122,15,11
1483233676450,32.78009330327629,-117.20853825346202,-29.533737213857858,82,122,15,11
1483233676531,32.78006437535288,-117.20854331244466,-29.52026529656954,82,122,15,11
1483233676668,32.78003543308635,-117.20854835064146,-29.508324452583466,82,122,15,11
1483233676752,32.780006371128266,-117.20855341028806,-29.491859692290923,82,122,15,11
1483233676893,32.7799773826165,-117.2085584567059,-29.46883386187019,82,122,15,11
1483233677004,32.77994837164697,-117.20856351558919,-29.447872936897895,82,122,15,11
1483233677090,32.779919344608786,-117.208568598995,-29.42648390768117,82,122,15,11
1483233677175,32.779890299396506,-117.20857370154371,-29.402064256183277,82,122,15,11
1483233677257,32.779861243920905,-117.20857881282701,-29.378239393480545,82,122,15,11
1483233677336,32.77983207954627,-117.20858395093062,-29.356555886353366,82,122,15,11
1483233677442,32.77980304334183,-117.20858908135574,-29.32506908667927,82,122,15,11
1483233677575,32.77977399870788,-117.20859421816061,-29.280642112921797,82,122,15,11
1483233677773,32.77965785655258,-117.20861464810328,-29.14474782825199,82,121,15,11
1483233677868,32.7796288971016,-117.20861974976964,-29.10767717206894,82,121,15,11
1483233677963,32.77959995359372,-117.20862479891754,-29.070585977625676,82,121,15,11
1483233678075,32.779571020869774,-117.20862979039856,-29.03585107794525,82,121,15,11
1483233678171,32.7795421184931,-117.20863473091617,-29.01046051517697,82,121,15,11
1483233678283,32.77951320811941,-117.20863963521887,-28.976344381633155,82,121,15,11
1483233678389,32.77948418871137,-117.20864452026036,-28.9451072498435,82,121,15,11
1483233678501,32.77945532188302,-117.20864933923212,-28.914116986830248,82,121,15,11
1483233678594,32.779426473558416,-117.20865413801369,-28.888460257740523,82,121,15,11
1483233678716,32.77939763574678,-117.2086589052685,-28.85964330948162,82,121,14,11
1483233678830,32.77936882398459,-117.208663652849,-28.83392234262643,82,121,14,11
1483233678911,32.77934001507595,-117.20866836622335,-28.804790552420716,82,121,14,11
1483233678992,32.7793110820734,-117.20867306622534,-28.783754758518,82,121,14,11
1483233679088,32.77928232296002,-117.20867768615024,-28.757754659475363,82,121,14,11
