3600049389455,32.65705163312347,-117.07312071063036,-15.896451094729004,79,122,15,11
3600049389547,32.657074363723176,-117.07314126170621,-15.87708381780421,79,122,15,11
3600049389668,32.657097017148764,-117.07316175097377,-15.870304062883207,79,122,15,11
3600049389809,32.657119630338,-117.07318225232353,-15.865513395462726,79,122,15,11
3600049389891,32.65714222609601,-117.07320275510688,-15.852088627523923,79,122,15,11
3600049389983,32.657164847545154,-117.07322322993697,-15.830180943137897,79,122,15,11
3600049390053,32.65718747338399,-117.07324370113824,-15.810088337912964,79,122,15,11
3600049390174,32.657210073022306,-117.0732642102462,-15.796540368563113,79,122,15,11
3600049390316,32.657232626053386,-117.07328471280185,-15.777875553079166,79,122,15,11
3600049390471,32.6572551806077,-117.07330520091094,-15.761265937704371,79,122,15,11
3600049390561,32.65727770749218,-117.0733257048435,-15.753857225293238,79,122,14,11
3600049390639,32.657300196749695,-117.07334624568688,-15.746462831962354,79,122,14,11
3600049390760,32.65732262858396,-117.07336676140021,-15.737095823238699,79,122,13,11
3600049390848,32.657345130942964,-117.07338734417941,-15.723020918862812,79,122,9,11
3600049390939,32.65736757398362,-117.07340786108455,-15.710078256092318,79,122,8,11
3600049391039,32.65738999863602,-117.07342835055273,-15.683702999444735,80,122,8,11
3600049391123,32.65741241981337,-117.07344884523148,-15.6631283905609,81,123,6,11
3600049391212,32.657434844051764,-117.07346938360845,-15.661220600566955,84,125,0,13
3600049391337,32.65745724441585,-117.07348991762733,-15.668756392349744,86,127,0,13
3600049391486,32.657479657556664,-117.07351046190782,-15.669131768738419,88,128,0,13
3600049391569,32.657502078996934,-117.0735309755165,-15.670687997231676,91,130,0,13
3600049391664,32.657524531507185,-117.07355147276895,-15.664197938230403,94,132,0,13
3600049391746,32.65754698457445,-117.07357198159879,-15.656969842908012,96,134,0,13
3600049391851,32.65756944988436,-117.07359250059287,-15.650027577077623,99,135,0,13
3600049391999,32.65759190951852,-117.07361301014193,-15.65024021968754,102,137,0,13
3600049392112,32.6576143921758,-117.07363352661045,-15.644323425578852,104,139,0,13
3600049392193,32.657636875110974,-117.07365403151957,-15.642697410887124,107,141,0,13
3600049392274,32.65765937201027,-117.07367454512632,-15.637527770425343,111,143,0,13
3600049392374,32.65768186921599,-117.07369506058826,-15.635605829800813,114,144,0,13
3600049392524,32.65770436707375,-117.07371558768175,-15.633006237756897,117,146,0,13
3600049392609,32.657726874873234,-117.07373611206683,-15.630946360769993,120,148,0,13
3600049392705,32.65774940141882,-117.07375662684291,-15.62804918166701,123,150,0,13
3600049392781,32.65777193332092,-117.07377712623003,-15.62825504082007,126,152,0,13
3600049392884,32.65779447920743,-117.0737976310996,-15.625246116175559,130,154,0,13
3600049393013,32.65781705636526,-117.07381814417253,-15.626458172252653,133,156,13,11
3600049393108,32.65783960703019,-117.07383867166679,-15.619813993607018,136,158,0,13
3600049393183,32.657862199749665,-117.07385921107111,-15.618519103345026,138,160,13,11
3600049393298,32.65788484751565,-117.07387980361656,-15.621767940657799,139,161,13,11
3600049393418,32.657907450346876,-117.07390037771381,-15.626596662976752,140,162,13,11
3600049393577,32.657930105330855,-117.0739209505638,-15.630356794405637,140,164,13,11
3600049393669,32.65795277770231,-117.07394151713487,-15.642975063147873,139,165,13,11
3600049393758,32.65797546642058,-117.07396211287141,-15.656702564863908,138,166,13,11
3600049393870,32.65799813199015,-117.07398273660641,-15.672835689551285,137,166,13,11
3600049394012,32.6580208621275,-117.07400343847075,-15.682762027124856,135,167,13,11
3600049394099,32.65804352410513,-117.07402410775514,-15.69921971744425,133,167,13,11
3600049394195,32.65806613141239,-117.07404480174624,-15.709281348401374,131,168,15,11
3600049394235,32.658134038408804,-117.07410685149227,-15.692806350027809,126,168,15,11
3600049394324,32.658156670730854,-117.0741275843718,-15.691153006103907,124,168,15,11
3600049394430,32.65817926953348,-117.07414829494147,-15.681268607708995,122,168,15,11
3600049394532,32.65820184623459,-117.07416902349571,-15.662682415393963,120,168,15,11
3600049394633,32.658224427193964,-117.07418978976236,-15.640645481796936,118,168,15,11
3600049394727,32.65824699590545,-117.07421055820053,-15.625984722605464,117,167,15,11
3600049394814,32.65826954134039,-117.07423134657365,-15.611549507726071,115,167,15,11
3600049394934,32.65829215134115,-117.07425221145823,-15.588496541312749,113,166,15,11
3600049395035,32.65831469851274,-117.07427305402294,-15.573785993556333,112,166,15,11
3600049395137,32.65833721848786,-117.07429392682157,-15.560354043358544,110,165,15,11
3600049395341,32.65835973520935,-117.07431484908712,-15.544321061837243,109,165,15,11
3600049395442,32.658382240911614,-117.07433578744171,-15.528417939411717,108,164,15,11
3600049395525,32.65840474828383,-117.07435676523211,-15.511298376863563,106,164,15,11
3600049395608,32.658427284322485,-117.07437781044806,-15.495710389035022,105,163,15,11
3600049395704,32.658449765751875,-117.07439883864691,-15.482681488200559,104,162,15,11
3600049395854,32.65847222791156,-117.07441988259806,-15.476497261314693,103,162,15,11
3600049395933,32.65849467556569,-117.07444094681873,-15.473644563460354,102,161,15,11
3600049396020,32.658517114465575,-117.07446203620634,-15.468863267491697,101,161,15,11
3600049396102,32.658539544791466,-117.07448315296169,-15.466292461098517,100,160,15,11
3600049396217,32.65856199888148,-117.07450432349357,-15.462325671950264,99,159,15,11
3600049396410,32.658584432273926,-117.07452544044575,-15.452782324349887,98,159,15,11
3600049396500,32.658606848402314,-117.07454655256294,-15.447919742011269,97,158,15,11
3600049396609,32.65862926443693,-117.07456767662704,-15.44066389976571,96,157,15,11
3600049396690,32.658651662025,-117.07458882528918,-15.432532997397914,96,157,15,11
3600049396783,32.658674050188395,-117.07460998027858,-15.428302718247496,95,156,15,11
3600049396880,32.658696522239275,-117.07463117728828,-15.421055745383903,94,155,15,11
3600049396964,32.65871888308637,-117.07465231955747,-15.411998807926178,94,155,15,11
3600049397061,32.65874120293917,-117.07467348929083,-15.38177756304471,93,154,15,11
3600049397143,32.65876358905764,-117.07469461150879,-15.3348618595317,92,153,15,11
3600049397234,32.6587859945843,-117.07471570829328,-15.287438093694615,92,153,15,11
3600049397437,32.65880839111926,-117.0747368023758,-15.247611993651729,92,152,15,11
3600049397531,32.658830819830065,-117.07475795634124,-15.206430623323177,91,151,15,11
3600049397627,32.65885319363071,-117.07477906667344,-15.168471846607039,91,151,15,11
3600049397711,32.65887558023444,-117.07480015997052,-15.132038450063884,90,150,15,11
3600049397801,32.65889797201343,-117.07482124147654,-15.09892541659408,90,150,15,11
3600049397951,32.658920368465026,-117.07484229603453,-15.06585771505255,90,149,15,11
3600049398037,32.65894277864231,-117.07486334099382,-15.034974212691674,90,149,15,11
3600049398122,32.6589652602899,-117.07488441841008,-15.003696285669369,89,148,15,11
3600049398206,32.65898770924667,-117.0749054256889,-14.971681481163419,89,147,14,11
3600049398321,32.65905510208625,-117.0749683249743,-14.897473760922717,89,146,9,11
3600049398421,32.65907759782029,-117.07498924390678,-14.869938149355692,89,145,9,11
3600049398514,32.659100110612485,-117.07501015039752,-14.845299569455824,89,145,8,11
3600049398615,32.65912276531642,-117.07503099474073,-14.814656637798683,90,146,10,14
3600049398722,32.6591453096667,-117.07505182062867,-14.789299105900978,93,148,0,13
3600049398801,32.659167860267424,-117.0750726250177,-14.763718857294098,95,149,0,13
3600049398893,32.659190416170524,-117.07509340895903,-14.739207573434898,98,151,0,13
3600049398972,32.65921297965294,-117.07511417164073,-14.715671269448434,100,153,0,13
3600049399073,32.659235547796825,-117.07513491130427,-14.69394108660689,103,154,0,13
3600049399197,32.65925812916827,-117.0751556331106,-14.671882975084426,106,156,0,13
3600049399343,32.6592807113568,-117.07517633502324,-14.653450218120843,109,158,0,13
3600049399435,32.65930330307157,-117.07519700870137,-14.636529017937821,112,160,0,13
3600049399507,32.65932590536509,-117.07521765688648,-14.619581735435078,115,162,0,13
