1612138367849,32.87739285284252,-117.22454064190306,64.8305114421094,79,122,14,11
1612138367952,32.87739522523054,-117.22453432375006,64.84087197920779,79,122,14,11
1612138368030,32.87739756937807,-117.22452799823785,64.85402055337931,78,122,15,11
1612138368123,32.87739989463083,-117.2245217767372,64.86944533517924,78,122,15,11
1612138368224,32.877402198557505,-117.2245156357073,64.88079695928253,78,122,15,11
1612138368351,32.87740445343615,-117.22450959888941,64.89233584774391,78,122,15,11
1612138368455,32.87740666544309,-117.22450369187382,64.90527367818196,78,122,15,11
1612138368546,32.87740883195073,-117.22449789738852,64.91985263630988,78,122,15,11
1612138368660,32.87741094990993,-117.22449218890515,64.93510034956819,78,122,15,11
1612138368815,32.877413006314335,-117.22448663785333,64.94804159591848,78,122,15,11
1612138368896,32.877415021293764,-117.22448124057534,64.96217956129748,78,122,15,11
1612138368998,32.87741697913083,-117.22447599084217,64.97611283926845,78,122,15,11
1612138369144,32.877418899435824,-117.22447089483313,64.99149982913158,78,122,15,11
1612138369223,32.87742074126264,-117.22446594111224,65.00214090542187,78,122,15,11
1612138369303,32.87742252125121,-117.22446111697835,65.01461846689412,78,122,15,11
1612138369426,32.87742425658722,-117.22445644240678,65.02709639914559,78,122,15,11
1612138369558,32.87743067550956,-117.2244390738589,65.06397162459582,80,122,15,11
1612138369663,32.87743216854422,-117.22443504215838,65.07295292068797,80,122,15,11
1612138369778,32.877433615476676,-117.22443113167235,65.08180156470833,80,122,15,11
1612138369878,32.877435018055195,-117.22442735637958,65.08938653900674,80,122,15,11
1612138369963,32.87743636695121,-117.22442371844556,65.09770060690047,81,122,15,11
1612138370068,32.87743764035005,-117.22442024891701,65.10718488731258,81,122,15,11
1612138370198,32.877438838274024,-117.22441697218981,65.1141396303552,81,122,15,11
1612138370297,32.8774399830918,-117.22441389373529,65.12070879583176,81,122,15,11
1612138370394,32.8774410637791,-117.2244109877473,65.12789473551858,81,122,15,11
1612138370489,32.87744207593844,-117.22440827236981,65.13474727706824,82,122,15,11
1612138370560,32.87744301985474,-117.22440574067355,65.14104783775731,82,122,14,11
1612138370718,32.877443901159616,-117.22440337017582,65.14794715003252,82,123,14,11
1612138370819,32.877444724631935,-117.2244011681713,65.15345204139082,82,123,14,11
1612138370966,32.87744548710969,-117.22439912276903,65.16135879612006,82,122,14,11
1612138371046,32.87744618897,-117.22439722863241,65.16807774124,83,122,14,11
1612138371127,32.87744685002616,-117.22439543714316,65.17187363520733,83,123,14,11
1612138371249,32.87744750345566,-117.22439370506399,65.17683794121713,83,123,14,11
1612138371362,32.87744814096752,-117.22439200248613,65.18014781064217,83,123,14,11
1612138371454,32.877448778967164,-117.22439032255345,65.18314588747776,83,123,14,11
1612138371552,32.87744941483676,-117.22438865683793,65.18760253417598,83,123,14,11
1612138371704,32.87745004773909,-117.22438700961976,65.19217958328127,83,123,14,11
1612138371787,32.87745067112455,-117.2243853726,65.19583194140965,84,123,14,11
1612138371889,32.877451285175404,-117.2243837447558,65.19976689396155,84,123,14,11
1612138371973,32.87745190585552,-117.2243821343767,65.20470041370172,84,123,14,11
1612138372054,32.8774525448879,-117.2243805779233,65.21004830438581,84,123,14,11
1612138372136,32.87745316905684,-117.22437901577013,65.21431887008622,83,123,14,11
1612138372253,32.877453791578105,-117.22437747489715,65.21978853367993,83,123,14,11
1612138372365,32.877454401662185,-117.22437594632854,65.22363123465252,82,123,15,11
1612138372459,32.877454992841805,-117.224374420356,65.22757688460341,82,123,15,11
1612138372605,32.877455590488395,-117.22437290867296,65.2313139085143,82,123,15,11
1612138372686,32.87745618313964,-117.22437140755558,65.23410391084253,82,123,15,11
1612138372785,32.87745676744259,-117.2243699034486,65.23648993159775,81,123,15,11
1612138372887,32.87745733979282,-117.22436841694451,65.239785858856,81,123,15,11
1612138373027,32.877457923229805,-117.22436692030075,65.24271077533031,81,123,15,11
1612138373118,32.87745850612187,-117.22436542867844,65.24504319112796,80,123,15,11
1612138373196,32.87745910438481,-117.22436390867209,65.24779653632756,80,123,15,11
1612138373322,32.877459713827335,-117.22436235164763,65.2512745281672,80,123,15,11
1612138373426,32.877460366626515,-117.22436071617807,65.25479150483515,80,122,15,11
1612138373516,32.87746103339137,-117.22435900249022,65.25815029492944,80,122,15,11
1612138373658,32.877461724594774,-117.2243571983581,65.26145308296474,79,122,15,11
1612138373743,32.87746244907511,-117.22435532202127,65.26507359432222,79,122,15,11
1612138373824,32.87746319419189,-117.22435335619396,65.26834082996268,79,123,15,11
1612138373927,32.87746397380892,-117.22435132073473,65.27200248890674,79,123,14,11
1612138374015,32.87746479810539,-117.22434919714554,65.27591974297592,79,122,14,11
1612138374110,32.87746563759495,-117.2243469948217,65.27941391124672,78,122,14,11
1612138374191,32.87746650961632,-117.22434467243085,65.2829577584169,78,122,14,11
1612138374314,32.877467427768785,-117.2243422088677,65.28649932877605,78,122,14,11
1612138374416,32.87746840412592,-117.22433962223498,65.29055132637875,78,122,14,11
1612138374507,32.87746941716612,-117.22433693814385,65.2956726784172,78,122,14,11
1612138374600,32.87747044763147,-117.22433419023776,65.3008486450108,78,122,15,11
1612138374757,32.87747147490089,-117.2243314593557,65.30672853380563,78,122,15,11
1612138374839,32.87747249896014,-117.22432875372736,65.30964527245318,78,122,15,11
1612138374930,32.877473497581754,-117.22432606861099,65.31270352569919,77,122,15,11
1612138375083,32.877474491231325,-117.22432339131397,65.31708908164701,77,122,15,11
1612138375151,32.877475477322996,-117.22432074431569,65.32143944447736,77,122,15,11
1612138375242,32.87747644953079,-117.22431809506676,65.32515399316227,77,122,15,11
1612138375381,32.877477418293836,-117.22431552024725,65.3292902995485,77,122,15,11
1612138375486,32.87747835436616,-117.22431297559102,65.33382420281198,77,122,15,11
1612138375570,32.87747924833384,-117.22431050543496,65.33932147519945,77,122,15,11
1612138375669,32.87748011532016,-117.2243081636628,65.34346041199593,77,122,15,11
1612138375817,32.87748092076793,-117.22430597286355,65.3465731327054,77,122,15,11
1612138375896,32.877481695508884,-117.22430390345356,65.34909143109978,77,122,15,11
1612138375989,32.87748239864395,-117.22430197362641,65.35273249232637,77,122,15,11
1612138376089,32.87748305123957,-117.2243001873397,65.35478860596311,77,122,15,11
1612138376171,32.8774836610831,-117.2242985514102,65.35715114081134,77,122,15,11
1612138376251,32.877484221263636,-117.2242970427705,65.35888701262999,77,122,15,11
1612138376379,32.877484735482184,-117.22429565660607,65.35777564920802,77,122,15,11
1612138376482,32.87748521816758,-117.2242943218519,65.35821954172916,76,122,15,11
1612138376562,32.877485689837386,-117.22429300956493,65.35878059474818,76,122,15,11
1612138376663,32.87748616679795,-117.22429168784724,65.35847165742277,76,122,15,11
1612138376732,32.877486648251015,-117.2242903595868,65.35850234237897,76,122,15,11
1612138376888,32.877487143391306,-117.22428901160225,65.35855349978368,76,122,15,11
1612138376988,32.87748767224971,-117.2242875452189,65.35896503315223,76,122,15,11
1612138377130,32.87748826564704,-117.2242859071559,65.35949800193286,76,122,15,11
1612138377219,32.877488934620565,-117.22428409382232,65.36011878027088,76,122,15,11
1612138377300,32.877489681764004,-117.22428206102708,65.36095339974328,76,122,15,11
1612138377421,32.877490513773154,-117.22427978309418,65.36084599844263,76,122,15,11
1612138377536,32.87749144171801,-117.22427725821555,65.36168968763846,76,122,15,11
1612138377645,32.877496144326756,-117.22426447195045,65.37281565688767,77,122,14,11
1612138377768,32.877497542548866,-117.22426063338338,65.37335093204113,77,122,14,11
1612138377874,32.877499032314496,-117.22425654068577,65.37536515124755,78,122,14,11
1612138377953,32.87750062402242,-117.22425220359537,65.37641905715262,78,122,14,11
