1483232981185,32.848608270199286,-117.23579799107657,19.710854456007453,42,68,13,11
1483232981312,32.848582374451816,-117.23580756772837,19.6214904412189,42,68,13,11
1483232981424,32.84855643770979,-117.23581704587356,19.54016464778644,43,69,13,11
1483232981536,32.848530486670214,-117.23582643182566,19.461452340936845,43,69,13,11
1483232981822,32.84842632171022,-117.23586311173779,19.14731601260183,43,70,13,11
1483232981903,32.848400298368034,-117.23587204561962,19.07516730607823,43,70,13,11
1483232982124,32.84837424401846,-117.23588086137853,19.01607618789692,43,71,13,11
1483232982257,32.84834791374996,-117.23588965953718,18.961495819572526,44,71,13,11
1483232982374,32.84832176801078,-117.235898279668,18.904130695660502,45,72,13,11
1483232982485,32.84829561103191,-117.2359068102854,18.836843604119256,45,73,13,11
1483232982594,32.84826941299014,-117.2359152440525,18.76186234977301,46,73,13,11
1483232982825,32.84816409921112,-117.23594799578349,18.405334079036972,45,73,13,11
1483232983009,32.8481377669024,-117.23595592627639,18.309547540602274,44,73,13,11
1483232983117,32.84811139650366,-117.23596381041642,18.211667802188984,43,72,13,11
1483232983254,32.84808499447196,-117.23597159210497,18.120401356763754,43,72,13,11
1483232983386,32.8480585562521,-117.23597928381241,18.029828618806008,43,72,13,11
1483232983500,32.8480320832626,-117.23598689297206,17.94749188485511,43,72,13,11
1483232983766,32.847925858035644,-117.23601646996737,17.61914164258312,43,73,13,11
1483232983909,32.84789920643472,-117.23602362759256,17.525362737918044,43,73,13,11
1483232984080,32.84787251471657,-117.23603068903611,17.431285089559434,43,72,13,11
1483232984196,32.847845807405264,-117.23603765697852,17.331460949374954,42,72,13,11
1483232984313,32.84781904478775,-117.2360445223829,17.2392831145495,42,72,13,11
1483232984458,32.84779223462093,-117.23605130726598,17.142269996530885,41,71,13,11
1483232984611,32.84768472312016,-117.2360774987132,16.734247924969708,37,67,13,11
1483232984810,32.84765773762493,-117.23608379254676,16.641537501287733,37,67,13,11
1483232984922,32.8476307297692,-117.23608994837954,16.547950644055934,36,66,13,11
1483232985001,32.84760366531042,-117.23609595519946,16.455706185109683,36,66,13,11
1483232985206,32.84757656187243,-117.23610179502084,16.359575799090344,36,65,13,11
1483232985307,32.8475494087364,-117.23610748721877,16.26402563875303,36,64,13,11
1483232985455,32.84752222012272,-117.23611302422337,16.165967140138378,35,64,13,11
1483232985511,32.84744043949719,-117.23612900662161,15.883070564141912,38,66,13,11
1483232985649,32.84741309603112,-117.23613416678373,15.783594619831057,38,66,12,11
1483232985774,32.84738572785474,-117.23613928580684,15.680812872447031,38,66,12,11
1483232985901,32.847358340240696,-117.23614435884448,15.571936259166987,38,66,12,11
1483232986147,32.84727587990313,-117.23615929891155,15.247640250342357,36,64,12,11
1483232986262,32.84724835408858,-117.2361642122088,15.131077717021665,36,64,12,11
1483232986381,32.8472208016803,-117.23616912084093,15.009712947514545,36,63,12,11
1483232986494,32.84719323089686,-117.23617401746895,14.887846762137045,35,63,12,11
1483232986607,32.84716563599505,-117.23617893082441,14.763199310894535,35,63,13,11
1483232986710,32.8471380135533,-117.23618383947208,14.636747832165854,35,63,12,11
1483232986902,32.84711039002416,-117.23618876666067,14.509306410260532,35,63,12,11
1483232986989,32.84708274085055,-117.23619372845523,14.381522867495017,35,63,12,11
1483232987145,32.846999747803736,-117.23620876432751,13.991429475376762,35,63,12,11
1483232987261,32.84697202389597,-117.23621378550754,13.862950555003549,34,63,12,11
1483232987382,32.8469442926206,-117.23621882827882,13.735698059805447,34,62,12,11
1483232987501,32.846916551809905,-117.236223900719,13.604314359721267,33,62,12,11
1483232987677,32.84688880053003,-117.23622894124651,13.478741540590676,33,61,12,11
1483232987776,32.84686104304939,-117.23623403729638,13.355508057892047,33,61,12,11
1483232987966,32.846833310054286,-117.23623922711873,13.232738761541071,33,61,12,11
1483232988155,32.84672217794876,-117.23626011669626,12.802395711216949,33,61,12,11
1483232988269,32.846694370149805,-117.2362653506846,12.70421632718102,33,61,12,11
1483232988384,32.846666562190386,-117.23627061400205,12.608629708177075,33,61,12,11
1483232988504,32.84663871941359,-117.23627587890053,12.517780070580335,33,62,12,11
1483232988619,32.84661088404919,-117.23628112850747,12.427089174740482,33,62,12,11
1483232988755,32.84658307230921,-117.23628630345907,12.336853778538737,33,62,12,11
1483232988921,32.84655521678075,-117.23629158590734,12.24007343816503,33,62,13,11
1483232989115,32.84644375756392,-117.23631270818956,11.877726231670362,33,61,13,11
1483232989260,32.84641588431792,-117.23631800722137,11.795059955085911,33,62,13,11
1483232989374,32.84638800508255,-117.23632330987388,11.710769283790542,33,61,13,11
1483232989495,32.84636010564841,-117.23632863468727,11.623989654178121,33,61,13,11
1483232989665,32.846332236024466,-117.2363339417983,11.53478468152038,33,61,13,11
1483232989765,32.846304329220466,-117.23633923456804,11.449055248668108,33,61,13,11
1483232990031,32.846192680972415,-117.236359797962,11.092016403117425,32,61,13,11
1483232990139,32.84616474324982,-117.23636477268424,11.000289426591138,32,60,13,11
1483232990289,32.84613679856647,-117.23636969964848,10.91493983302313,32,60,13,11
1483232990407,32.8461088576642,-117.23637456058128,10.824182872107256,32,61,13,11
1483232990519,32.84608087437185,-117.23637937003569,10.740810982043797,32,60,13,11
1483232990633,32.84605288962919,-117.23638412635079,10.65277162732784,32,60,13,11
1483232990737,32.84602489255197,-117.23638883503978,10.558016371734372,32,60,13,11
1483232991030,32.84591285785155,-117.23640713174443,10.154046493857258,31,58,13,11
1483232991133,32.845884828414505,-117.23641162423013,10.05979014032628,30,58,13,11
1483232991278,32.84585677131933,-117.23641609894274,9.965795815077259,30,57,13,11
