4925063902095,33.014836080751316,-117.0792600006186,144.77723035835092,77,121,15,11
4925063902207,33.01486356728382,-117.07925714927323,144.68128369721143,77,121,15,11
4925063902292,33.01489109396154,-117.0792542664411,144.59064504190357,77,121,15,11
4925063902434,33.01491870641434,-117.07925136896515,144.51672297824905,77,121,14,11
4925063902515,33.01494637576128,-117.07924847792366,144.44115862856813,77,120,14,11
4925063902595,33.014974093027554,-117.07924555731393,144.35748839905884,77,121,14,11
4925063902716,33.01500186140886,-117.07924261161932,144.26621516098612,77,121,14,11
4925063902796,33.01502967462925,-117.07923963789895,144.17708258603275,77,121,14,11
4925063902879,33.01505754574993,-117.07923661835515,144.09562312863207,77,121,14,11
4925063902972,33.01508546877983,-117.07923354439498,144.01812122496398,77,121,14,11
4925063903109,33.01511343375893,-117.07923045185207,143.9408508551572,77,121,14,11
4925063903276,33.01514141854248,-117.0792273688017,143.8620705500048,77,121,14,11
4925063903357,33.0151694062935,-117.07922428608757,143.7790130049426,77,121,14,11
4925063903452,33.01519739661802,-117.07922119579453,143.69728954839707,77,121,14,11
4925063903534,33.01522539377747,-117.07921807188397,143.61652667562245,77,121,14,11
4925063903616,33.01525339523536,-117.07921492858097,143.5429554144271,78,121,14,11
4925063903720,33.015281380613715,-117.07921176942376,143.46817513231332,77,121,14,11
4925063903807,33.015309338849185,-117.07920859729353,143.39676296079242,77,121,14,11
4925063903889,33.015337285778365,-117.07920545283552,143.33540526496685,77,121,14,11
4925063904041,33.01536521760261,-117.07920233299465,143.28475537044088,78,121,14,11
4925063904160,33.015393128538335,-117.07919923883043,143.23483007718775,78,121,14,11
4925063904262,33.01542103836929,-117.07919618842229,143.18785461601047,78,121,13,11
4925063904414,33.015448921321386,-117.07919319173527,143.14169306463194,78,121,13,11
4925063904493,33.015476779827324,-117.07919027663259,143.09466976800408,78,121,13,11
4925063904566,33.015504639504655,-117.07918736163896,143.04965820982838,78,121,12,11
4925063904685,33.01553248570969,-117.07918442301943,143.0033287509532,78,121,12,11
4925063904787,33.01556032569344,-117.0791814787455,142.9578509660649,78,121,12,11
4925063904870,33.01558817837536,-117.07917851603166,142.9112049674438,78,121,12,11
4925063904950,33.015616025480206,-117.07917554151716,142.86061590571188,78,121,12,11
4925063905048,33.01564388452587,-117.07917253925518,142.81858823975514,78,121,12,11
4925063905168,33.015671769122996,-117.07916953775998,142.7793688897101,78,121,12,11
4925063905261,33.01569965272615,-117.07916650819473,142.73987946884438,78,121,12,11
4925063905353,33.01572756438114,-117.0791634779368,142.70119199650588,79,121,12,11
4925063905494,33.01575549427694,-117.07916044244895,142.6605444315077,79,121,12,11
4925063905596,33.01578344636848,-117.07915736365146,142.61728357687457,79,121,12,11
4925063905687,33.015811681095975,-117.07915421125729,142.57418685416314,79,121,12,11
4925063905791,33.01583967683325,-117.07915104372091,142.5288521249862,79,121,12,11
4925063905878,33.015867699174855,-117.07914784251655,142.48408915844078,79,121,12,11
4925063906037,33.01598040658802,-117.07913505627992,142.37972408625316,79,121,12,11
4925063906135,33.016008628619645,-117.07913183788173,142.3550702162963,79,121,12,11
4925063906231,33.01603684104726,-117.07912864606104,142.30898735317098,79,121,12,11
4925063906333,33.0160650320821,-117.07912540549519,142.2585672899917,79,121,12,11
4925063906444,33.01609325674219,-117.0791221258502,142.2249944319172,79,121,12,11
4925063906548,33.016121496000615,-117.07911879244575,142.20127068730062,79,121,12,11
4925063906628,33.016149948648504,-117.07911541108845,142.17255498646526,79,121,12,11
4925063906716,33.01617812932292,-117.07911205317876,142.14414028462332,79,121,12,11
4925063906835,33.01620630204594,-117.07910867846924,142.1274284814664,80,121,12,11
4925063906960,33.01623446335871,-117.0791052973723,142.1073638819236,80,121,12,11
4925063907058,33.01626256182577,-117.07910194560229,142.07905485152972,80,121,12,11
4925063907212,33.01629060977148,-117.0790986326775,142.0539804976943,80,121,12,11
4925063907294,33.0163188007209,-117.07909532564639,142.027291348969,80,121,12,11
4925063907375,33.01634671128297,-117.07909206040381,142.00741961269384,80,121,12,11
4925063907472,33.01637458090977,-117.07908882198828,141.9946972477947,80,121,11,11
4925063907574,33.0164023624211,-117.07908561976977,141.97243484034988,80,121,11,11
4925063907655,33.01643006907825,-117.07908244726107,141.95085561999443,80,121,11,11
4925063907738,33.01645772250672,-117.07907928295124,141.936987581797,80,121,11,11
4925063907894,33.01648551061039,-117.07907609983492,141.92263756753502,80,121,11,11
4925063908011,33.0165130328397,-117.07907293313532,141.9070018652256,80,121,11,11
4925063908102,33.01654049299526,-117.07906977173086,141.89015480314458,80,121,11,11
4925063908252,33.01656791147533,-117.0790666138785,141.87319131668966,81,121,11,11
4925063908333,33.016595292056465,-117.07906348740525,141.85472304038902,81,121,11,11
4925063908423,33.016622647126624,-117.07906037536364,141.83990864096737,81,121,11,11
4925063908506,33.01665018119049,-117.0790572278295,141.8322555082286,81,121,11,11
4925063908608,33.01667751398444,-117.07905409053252,141.8280271432047,81,121,11,11
4925063908707,33.01670483979003,-117.0790509350832,141.82432471475622,81,121,11,11
4925063908785,33.016732164653135,-117.07904777135072,141.82066448888432,81,121,11,11
4925063908880,33.01675948904736,-117.07904458962419,141.81635304206858,81,121,11,11
4925063909002,33.01678680836715,-117.07904140458311,141.81134722136053,81,122,11,11
4925063909097,33.01681431089533,-117.07903817881366,141.81283038678959,81,121,11,11
4925063909248,33.01684164752827,-117.07903499860335,141.81191039675758,81,121,11,11
4925063909327,33.016868981044645,-117.07903183341111,141.80617035353825,81,122,11,11
4925063909412,33.01689633096774,-117.07902866389287,141.80313529320006,81,122,11,11
4925063909497,33.0169236894544,-117.07902548365632,141.80184746063807,81,122,11,11
4925063909597,33.01695107000417,-117.0790222973924,141.80453153341972,81,122,11,11
4925063909686,33.01697863015489,-117.07901912516628,141.8077292396239,81,122,13,11
4925063909781,33.01700605011682,-117.07901601236767,141.8075332283005,81,122,13,11
4925063909938,33.01703349330137,-117.07901291720243,141.8042628687838,81,122,13,11
4925063910071,33.017060957844926,-117.07900984243417,141.8014948198558,81,122,13,11
4925063910164,33.017088457974374,-117.07900676721087,141.80559096224218,81,122,13,11
4925063910308,33.01711598309418,-117.07900367550248,141.80693998411644,81,122,13,11
4925063910382,33.017143679541135,-117.07900056285331,141.8064805611617,81,122,13,11
4925063910465,33.01717125098926,-117.07899748840221,141.8026404258138,81,122,13,11
4925063910547,33.017198851244224,-117.0789944278054,141.8048659739979,81,122,13,11
4925063910649,33.01722647075504,-117.07899138561154,141.8153164970843,81,122,13,11
4925063910729,33.017254134711834,-117.07898835624722,141.8298463615837,81,122,13,11
4925063910819,33.01728181983525,-117.07898532392342,141.83663257201135,82,122,12,11
4925063910912,33.017309634541576,-117.07898228097545,141.83679699525993,81,122,12,11
4925063911064,33.017337340821136,-117.07897925958156,141.84276264278327,81,122,12,11
4925063911193,33.01736508125131,-117.07897620550865,141.854371991316,82,122,12,11
4925063911280,33.01739285989501,-117.07897310905192,141.86535205934865,82,122,12,11
4925063911408,33.01742064114681,-117.07896998278265,141.86448700410452,82,122,12,11
4925063911489,33.01744844443801,-117.07896684787082,141.864086965674,82,122,12,11
4925063911570,33.017476410281475,-117.07896370673667,141.87138168444474,81,122,12,11
4925063911672,33.01750428821626,-117.07896055392162,141.87698462907014,82,122,12,11
4925063911754,33.01753219259389,-117.0789573890271,141.8776438264093,82,122,12,11
4925063911866,33.01756012215124,-117.07895421409347,141.8759725828058,82,122,12,11
4925063912017,33.01758807066185,-117.07895101855425,141.87586760836663,82,122,13,11
4925063912138,33.01761604533997,-117.07894782776033,141.87917360537676,82,122,13,11
4925063912255,33.01764414188953,-117.07894462482632,141.8814533792877,81,122,13,11
