1612398976123,32.75970707525871,-117.20392209148636,-21.071058895234913,91,153,15,11
1612398976220,32.75970740297859,-117.20395266642156,-21.15359513246375,90,153,15,11
1612398976364,32.75970772557703,-117.20398323232892,-21.232236934646842,90,152,15,11
1612398976506,32.759708020805355,-117.20401382243509,-21.302835277465743,89,151,15,11
1612398976606,32.75970830113859,-117.20404443277316,-21.37600103664821,89,150,15,11
1612398976685,32.75970857816764,-117.20407495992549,-21.471976595478758,88,150,15,11
1612398976771,32.75970887864079,-117.2041054610464,-21.564012375810254,88,149,15,11
1612398976855,32.759709206015145,-117.20413595739376,-21.6514369266498,88,148,15,11
1612398976951,32.759709565418355,-117.2041664588807,-21.72968089752954,87,147,15,11
1612398977116,32.759709947679596,-117.20419691817946,-21.81474664529412,87,147,15,11
1612398977197,32.759710342539755,-117.20422734471046,-21.897712233694072,86,146,15,11
1612398977332,32.75971215803521,-117.20434901893235,-22.25311175310899,85,144,13,11
1612398977412,32.75971264046354,-117.20437945476871,-22.35324723458595,85,143,11,11
1612398977495,32.759713152443474,-117.20440987817045,-22.46002502734485,87,144,8,14
1612398977595,32.75971362468982,-117.2044403866617,-22.57733839387968,89,145,0,13
1612398977698,32.759714097934655,-117.20447090086367,-22.69563231816849,92,147,0,13
1612398977845,32.759714549671166,-117.20450145991151,-22.80241751558765,94,149,0,13
1612398977955,32.75971496683171,-117.20453209590792,-22.89710053215873,97,150,0,13
1612398978040,32.75971532519422,-117.2045627690026,-22.997919947767837,99,152,0,13
1612398978190,32.75971560275547,-117.20459347333086,-23.10529768050453,102,154,0,13
1612398978263,32.75971580904614,-117.20462422965913,-23.21298954595542,105,155,0,13
1612398978347,32.75971594703225,-117.20465502814328,-23.32278541533345,108,157,0,13
1612398978447,32.75971602502752,-117.20468587519714,-23.4322530855723,110,159,0,13
1612398978542,32.759716026035264,-117.2047167678825,-23.54199629055992,113,161,0,13
1612398978614,32.75971595599175,-117.20474771024578,-23.653196721551055,117,163,0,13
1612398978703,32.75971582381165,-117.2047786796987,-23.76928881744402,120,164,0,13
1612398978878,32.75971563538918,-117.2048096998601,-23.88207170301331,123,166,0,13
1612398978982,32.75971539557054,-117.2048407748076,-23.991066349122594,127,168,0,13
1612398979079,32.75971510181782,-117.20487190608668,-24.098636891509276,130,170,0,13
1612398979161,32.75971475004665,-117.20490308867869,-24.207282610870458,133,172,0,13
1612398979248,32.75971431244567,-117.20493434940263,-24.310660264389753,137,174,0,13
1612398979397,32.75971386948191,-117.20496570984248,-24.412604287144255,139,176,15,11
1612398979473,32.759713223939784,-117.20499711784493,-24.51060783851591,143,178,0,13
1612398979556,32.75971259479238,-117.20502863910617,-24.606760579897283,145,179,15,11
1612398979647,32.75971194740648,-117.20506023480488,-24.701884679020473,146,181,15,11
1612398979801,32.75971124623797,-117.20509190333614,-24.793498982286923,145,182,15,11
1612398979905,32.75971045872001,-117.20512363127506,-24.88225598531212,145,182,15,11
1612398979984,32.75970956984275,-117.20515543738644,-24.968073208811447,143,183,15,11
1612398980076,32.75970857919832,-117.20518732108805,-25.051398500951255,141,183,15,11
1612398980223,32.75970746902345,-117.20521926049068,-25.13512839367262,139,184,15,11
1612398980337,32.75970623826002,-117.20525126724633,-25.21884092870274,136,184,15,11
1612398980446,32.75970487051438,-117.2052833459878,-25.30074805755622,134,183,15,11
1612398980544,32.75970309575013,-117.20531544417193,-25.38420467855064,137,185,0,13
1612398980625,32.7597011920557,-117.2053476171352,-25.461798209129654,141,188,0,13
1612398980735,32.75969915562825,-117.20537984802863,-25.53820758115392,144,190,0,13
1612398980835,32.75969697245833,-117.20541214599284,-25.61030376855127,148,192,0,13
1612398980998,32.75969464295265,-117.20544449521437,-25.68188725148067,152,194,0,13
1612398981135,32.75969217052931,-117.20547690789029,-25.7492098220659,155,196,0,13
1612398981209,32.75968955823033,-117.20550937237279,-25.81614511371102,159,198,0,13
1612398981291,32.75968678981198,-117.20554188986232,-25.88087377531471,163,200,0,13
1612398981376,32.75968386797989,-117.20557444973299,-25.944545648868992,167,202,0,13
1612398981459,32.75968080122677,-117.20560706912538,-26.002885752258013,171,205,0,13
1612398981559,32.75967759825226,-117.20563974258165,-26.0573413092151,175,207,0,13
1612398981657,32.759674250585036,-117.20567248743573,-26.10593201087342,179,209,0,13
1612398981731,32.75967076549332,-117.20570529041863,-26.157196242435695,183,211,0,13
1612398981813,32.75966715000734,-117.20573817558407,-26.2070228549957,188,213,0,13
1612398981895,32.75966342544325,-117.20577114518753,-26.25731996070885,192,216,0,13
1612398982089,32.75965963259618,-117.20580419055483,-26.309964896938265,197,218,0,13
1612398982159,32.759655798274245,-117.20583734353444,-26.353970245331084,201,220,0,13
1612398982325,32.759651922877865,-117.20587061109279,-26.39251041088183,206,222,0,13
1612398982405,32.75964800865302,-117.20590397341006,-26.43428568122173,211,225,0,13
1612398982487,32.75964406091714,-117.20593742805112,-26.478833903158588,215,227,0,13
1612398982634,32.759640337100706,-117.20597103479342,-26.508180485134314,215,229,15,11
1612398982708,32.759636334541085,-117.206004690893,-26.54507537138649,220,231,0,13
1612398982806,32.75963266896726,-117.2060385962017,-26.563344185608802,217,232,15,11
1612398982893,32.7596291570111,-117.20607264232305,-26.56992081004245,210,232,15,11
1612398983004,32.759625650538545,-117.20610671507221,-26.570069738850304,201,232,15,11
1612398983097,32.75962208856828,-117.20614076961814,-26.566059683336643,192,231,15,11
1612398983180,32.75961845743126,-117.20617481000984,-26.559211745786904,184,229,15,11
1612398983345,32.759614741157286,-117.20620884078404,-26.54721104140517,175,228,15,11
1612398983457,32.7596109549846,-117.20624285500071,-26.534258727148483,167,226,15,11
1612398983563,32.75960708954195,-117.20627688044819,-26.51915141638448,160,223,15,11
1612398983654,32.759603146608185,-117.20631090785517,-26.506934536296967,154,221,15,11
1612398983725,32.759599141200454,-117.20634492403434,-26.50131012860937,148,219,15,11
1612398983819,32.75959508690234,-117.20637891475718,-26.503887763356314,143,216,15,11
1612398983967,32.759591014438904,-117.20641289679607,-26.5113540563588,138,214,15,11
1612398984077,32.759586916026215,-117.20644687131932,-26.522933167732663,133,211,15,11
1612398984158,32.75958279047414,-117.20648087618063,-26.539755678807715,129,208,15,11
1612398984355,32.75956619770084,-117.20661654335188,-26.612686462169155,117,198,15,11
1612398984434,32.759562008037356,-117.2066504188134,-26.633029869525185,114,196,15,11
1612398984518,32.75955779826535,-117.2066843410956,-26.653043860887724,112,193,15,11
1612398984615,32.759553598743814,-117.20671817447189,-26.67343827329292,110,191,15,11
1612398984771,32.759549402293615,-117.20675201493621,-26.689972661052497,108,189,15,11
1612398984875,32.75954520232668,-117.20678583045262,-26.711042919625967,106,186,15,11
1612398984958,32.7595410078043,-117.20681963442306,-26.737300341220514,105,184,15,11
1612398985048,32.759536840345085,-117.20685341640606,-26.767571088413554,103,182,15,11
1612398985131,32.75953269931059,-117.20688725727221,-26.79836969115273,102,180,15,11
1612398985251,32.759528608036874,-117.20692103433225,-26.828073106636577,100,178,15,11
1612398985364,32.759524547637675,-117.20695481238239,-26.860397782322487,99,176,15,11
1612398985445,32.759520519808895,-117.20698860681448,-26.88902548507301,98,174,15,11
1612398985514,32.75951651141076,-117.20702242119522,-26.915763223622108,97,173,15,11
1612398985629,32.75951252109298,-117.20705624525097,-26.943817324085266,96,171,15,11
1612398985717,32.759508536901905,-117.20709016364371,-26.975298309931283,95,169,15,11
1612398985884,32.75950457225644,-117.20712401147269,-27.010645279443036,95,168,15,11
1612398985970,32.759500590758485,-117.2071578661484,-27.05016501027608,94,166,15,11
1612398986061,32.75949659980246,-117.20719173103834,-27.087033661951025,93,165,15,11
1612398986188,32.75949261192321,-117.20722561203114,-27.120668620940624,93,163,15,11
