1614906171257,32.87153850201815,-117.2335141075931,47.02937420436603,61,115,10,11
1614906171376,32.87153786677428,-117.23350113425731,46.997408388693955,61,115,10,11
1614906171486,32.87153724034427,-117.23348796774616,46.96337377549077,60,115,10,11
1614906171598,32.87153670094127,-117.23347470147277,46.93400933859696,60,116,10,11
1614906171742,32.8715361663495,-117.23346132281017,46.89849717814268,60,116,10,11
1614906171863,32.87153572921843,-117.23344789300958,46.865132386286255,60,116,10,11
1614906171945,32.871535308903525,-117.23343438943424,46.82444733069539,60,116,10,11
1614906172215,32.87153416596583,-117.23337978188081,46.666822536741755,63,119,10,11
1614906172330,32.87153402676545,-117.23336604157988,46.62115460495284,64,120,9,11
1614906172450,32.87153388546955,-117.23335213661649,46.59218460827911,65,121,9,11
1614906172564,32.871533716834435,-117.23333806300498,46.58883800620459,65,122,9,11
1614906172728,32.871533533923724,-117.23332393394726,46.573049521972955,65,122,8,11
1614906172840,32.871533285150036,-117.23330933320625,46.53843259243536,64,123,8,11
1614906172994,32.87153304093785,-117.23329467505442,46.51229149909146,63,123,8,11
1614906173225,32.87153224286111,-117.23323549531776,46.439700673807074,61,125,8,11
1614906173340,32.871532087749095,-117.23322039679297,46.42971137928509,60,125,8,11
1614906173452,32.871531873762315,-117.2332051424407,46.42385871855923,59,125,8,11
1614906173603,32.871531751783614,-117.23318992057106,46.42679245953092,59,125,8,11
1614906173724,32.871531582930665,-117.23317477406567,46.42572140367051,59,125,8,11
1614906173837,32.871531393281956,-117.23315941074529,46.40886453833393,58,125,8,11
1614906173991,32.87153118178761,-117.23314412391014,46.395211450635266,57,125,8,11
1614906174211,32.87153040753095,-117.23308297533761,46.386623469132466,54,124,8,11
1614906174325,32.87153024984549,-117.23306786271444,46.37602475477324,53,123,8,11
1614906174438,32.8715301278457,-117.23305276436972,46.375961388339235,52,123,8,11
1614906174575,32.87153002971289,-117.23303773272737,46.371772713044976,51,122,8,11
1614906174665,32.87152991852878,-117.23302280960816,46.364169948611305,50,121,8,11
1614906174808,32.871529844893395,-117.23300793335916,46.3569093118113,49,120,8,11
1614906174931,32.87152978971422,-117.23299318297369,46.35184451364323,49,119,8,11
1614906175211,32.871529752465904,-117.23293480725042,46.361764894333064,45,115,8,11
1614906175327,32.87152974328507,-117.23292044532585,46.367047989343305,44,114,10,11
1614906175449,32.87152975758572,-117.23290611755954,46.37018747472419,43,112,10,11
1614906175582,32.871529778660516,-117.23289186526509,46.37621501029135,42,111,10,11
1614906175674,32.87152979841339,-117.2328776962987,46.377266702285354,41,109,10,11
1614906175818,32.871529865769716,-117.23286365986169,46.39008867474547,41,108,10,11
1614906175929,32.871529900793526,-117.23284966346017,46.405250647948044,40,107,10,11
1614906176010,32.87152995300611,-117.23283575056175,46.422238629611535,40,106,9,11
1614906176210,32.87153004275917,-117.23279458967666,46.459621092769126,39,105,9,11
1614906176326,32.871530032339344,-117.23278100920116,46.475897587533105,40,105,9,11
1614906176439,32.87153002489065,-117.23276747816435,46.49254227339649,40,105,8,11
1614906176579,32.87153004278503,-117.2327540542713,46.50513918069993,40,104,8,11
1614906176692,32.87153003481698,-117.2327406659002,46.52193733790454,40,104,8,11
1614906176779,32.87153006456605,-117.2327273335384,46.53080734211646,40,104,8,11
1614906176934,32.87153003783845,-117.23271406298888,46.54553346722847,40,105,8,11
1614906177047,32.87153005473297,-117.23270083031107,46.55862910083257,40,105,8,11
1614906177207,32.87152999949594,-117.23266123993552,46.622475295946586,41,106,8,11
1614906177322,32.871529966859875,-117.23264806456238,46.65138758228875,42,106,8,11
1614906177434,32.87152996031894,-117.23263492188842,46.67179645606387,42,106,8,11
1614906177579,32.8715299591218,-117.23262177902028,46.688443152878186,42,106,9,11
1614906177689,32.87152992790349,-117.23260863866945,46.707815823548344,42,106,9,11
1614906177779,32.87152995272068,-117.23259548676701,46.729542546005135,42,106,9,11
1614906177936,32.87152994946796,-117.23258231586394,46.74883790398967,42,106,9,11
1614906178214,32.871530035864545,-117.23252952533693,46.86763286306725,42,106,9,11
1614906178326,32.87153010269835,-117.23251632001485,46.89887092722647,43,107,9,11
1614906178439,32.87153011468412,-117.23250312989227,46.923710260971994,43,107,9,11
1614906178543,32.87153015610606,-117.23248987900327,46.95421927542501,43,107,9,11
1614906178701,32.87153022752859,-117.2324766192136,46.99052919551354,43,108,9,11
1614906178796,32.87153030620984,-117.23246332163583,47.026014839408,43,108,9,11
1614906178981,32.87153036841726,-117.2324499907695,47.0536844644962,43,108,9,11
1614906179214,32.87153068322594,-117.23239653676556,47.16648958937174,44,108,9,11
1614906179328,32.87153075779625,-117.23238314020826,47.18660424409909,44,108,9,11
1614906179447,32.871530881185016,-117.23236972493278,47.19739938287285,43,108,9,11
1614906179580,32.87153106914344,-117.23235633378604,47.218813217214404,43,108,9,11
1614906179693,32.87153121502768,-117.23234293242686,47.246369709527045,43,108,9,11
1614906179827,32.87153141056288,-117.23232965053674,47.27450364352104,43,108,9,11
1614906179952,32.87153160038553,-117.23231649091872,47.29579290640659,43,108,9,11
1614906180069,32.87153182862995,-117.23230342873072,47.31926877474038,43,108,9,11
1614906180217,32.871532572771926,-117.23226510708962,47.386084065959636,43,107,9,11
1614906180329,32.87153284966627,-117.23225267443443,47.40630123716828,43,107,9,11
1614906180447,32.8715331318232,-117.23224041116586,47.424805837894965,44,108,9,11
1614906180579,32.87153341616531,-117.23222831112889,47.44242437652625,44,108,9,11
1614906180694,32.87153370218905,-117.23221637323745,47.45833910084907,44,108,9,11
1614906180806,32.87153398701078,-117.23220459497853,47.47415668955124,45,109,9,11
1614906180954,32.87153427333573,-117.23219296104207,47.48937425967308,45,109,10,11
1614906181098,32.87153456728102,-117.23218146914098,47.50497619732401,45,109,10,11
1614906181239,32.87153487044395,-117.2321700688867,47.52339564954652,46,109,10,11
1614906181360,32.87153518240118,-117.23215876094174,47.54308207820514,46,109,10,11
