1633098722472,32.7179621979077,-117.08976166882454,30.48272807216141,73,144,15,11
1633098722708,32.71796310974896,-117.08984234869551,30.46954174383256,72,146,15,11
1633098722818,32.717963339565394,-117.08986280498033,30.461410491343923,71,146,15,11
1633098722939,32.71796360389437,-117.08988336329864,30.455290382744952,71,146,15,11
1633098723058,32.71796396470704,-117.08990408180473,30.44195336577881,70,146,15,11
1633098723206,32.7179642556996,-117.08992491592807,30.43341828193882,70,147,15,11
1633098723320,32.71796462023605,-117.0899458668594,30.42598018944985,69,147,15,11
1633098723496,32.71796569136288,-117.09000941309388,30.38606579487046,68,146,15,11
1633098723643,32.71796603755261,-117.0900308232803,30.369468969324494,69,147,15,11
1633098723792,32.71796636672691,-117.09005234461945,30.350487411586116,69,147,15,11
1633098723905,32.71796667735156,-117.09007399423064,30.33375647514835,70,148,15,11
1633098724017,32.717966957947986,-117.09009575986946,30.316447604619132,71,149,15,11
1633098724163,32.71796722042433,-117.09011764936041,30.29832874601018,72,149,15,11
1633098724400,32.7179680874295,-117.09020639552008,30.206432105922033,74,151,15,11
1633098724532,32.71796826643441,-117.09022888270637,30.18287881174444,75,152,15,11
1633098724713,32.71796842855394,-117.09025148573649,30.15747678684147,75,152,15,11
1633098724842,32.717968591193454,-117.09027421842926,30.133735682545932,75,152,15,11
1633098724954,32.71796874700677,-117.09029705771144,30.10721928087993,75,152,15,11
1633098725068,32.71796891138198,-117.09031996881984,30.07947318268159,75,151,15,11
1633098725212,32.71796903499422,-117.09034292386805,30.055988672819186,74,151,15,11
1633098725400,32.71796933689927,-117.09043493877051,29.956832260817777,67,146,15,11
1633098725501,32.717969358233695,-117.09045791969565,29.931250581809643,66,145,15,11
1633098725735,32.71796934623513,-117.09048086143184,29.900307721120566,65,144,15,11
1633098725880,32.717969363458955,-117.09050380151939,29.868682536809892,64,143,15,11
1633098726094,32.717969389245326,-117.09059550332344,29.739200806846718,61,140,15,11
1633098726213,32.71796944401821,-117.09061842931796,29.707324771977834,61,141,15,11
1633098726334,32.717969483393524,-117.09064132525094,29.669074249477998,62,141,15,11
1633098726449,32.71796957674403,-117.0906642676551,29.62533783842923,62,142,15,11
1633098726642,32.717969710736334,-117.09068716604209,29.582298484371428,62,142,15,11
1633098726818,32.71796979113777,-117.0907100695883,29.54273681814407,62,142,15,11
1633098726984,32.717970270284184,-117.09080202230483,29.37657053964139,61,142,15,11
1633098727100,32.71797038192288,-117.09082518815009,29.329078403896695,61,141,15,11
1633098727214,32.717970519487515,-117.09084844156767,29.283325942640904,61,141,15,11
1633098727325,32.7179706882493,-117.09087185132671,29.23311132457643,60,141,15,11
1633098727468,32.7179708134665,-117.09089538220104,29.185438610663486,60,140,15,11
1633098727705,32.71797140379453,-117.09096700185829,29.039271133434372,59,138,15,11
1633098727816,32.717971626600225,-117.09099119806743,28.98676743006138,59,138,15,11
1633098727926,32.71797186687904,-117.09101553024433,28.92910877251131,59,138,15,11
1633098728051,32.71797211398582,-117.09103997236276,28.865012687013113,59,138,15,11
1633098728200,32.717972374806855,-117.09106451574814,28.80015762785018,59,137,15,11
1633098728314,32.71797265816474,-117.09108915641792,28.74086569615844,59,136,15,11
1633098728492,32.717973651109375,-117.09116348644771,28.585772547164392,59,135,15,11
1633098728634,32.71797401558319,-117.09118839582761,28.534618114160224,59,135,15,11
1633098728788,32.71797442228125,-117.09121330990763,28.47846985861052,59,134,15,11
1633098728900,32.71797484942127,-117.09123819697206,28.413704808002866,58,134,15,11
1633098728983,32.71797524857984,-117.0912631146132,28.350527239185556,58,134,15,11
1633098729164,32.71797566182649,-117.09128800640126,28.293295794600553,57,133,15,11
1633098729399,32.717977613253666,-117.09138744062928,28.000643284114116,54,127,15,11
1633098729533,32.717978207201085,-117.09141226094663,27.93671415726411,53,127,15,11
1633098729722,32.71797879256246,-117.09143708197145,27.88842764464938,52,126,15,11
1633098729837,32.717979490451015,-117.09146190643187,27.838516137537358,52,124,15,11
1633098729949,32.71798028651149,-117.09148669222924,27.779731957394176,51,123,15,11
1633098730067,32.717981162811206,-117.09151145085593,27.713165575306224,50,121,15,11
1633098730177,32.71798211323363,-117.09153617664819,27.639682061924635,49,120,15,11
1633098730402,32.71798662725693,-117.09163489591548,27.349341562972267,47,116,15,11
1633098730534,32.71798794430182,-117.09165954709002,27.281559239976403,47,115,15,11
1633098730719,32.71798939250767,-117.09168418597785,27.20970602106645,47,114,15,11
1633098730830,32.71799091777668,-117.09170884826618,27.14469542931842,46,113,15,11
1633098730943,32.717992576485855,-117.09173358578512,27.07576050858907,45,111,15,11
1633098731056,32.71799432915937,-117.09175833369056,27.009819511462005,45,110,15,11
1633098731203,32.71799621377854,-117.09178315680926,26.944575190518883,44,109,15,11
1633098731455,32.718004980335316,-117.0918830071615,26.66637841955658,44,104,15,11
1633098731587,32.71800750913253,-117.09190810870885,26.59594061463587,44,104,15,11
1633098731760,32.718010194124574,-117.09193326192494,26.52846584875048,44,103,15,11
1633098731875,32.71801303851654,-117.09195847420676,26.46444894481542,44,102,15,11
1633098732097,32.718025938186344,-117.09205986165632,26.187549517372283,45,101,15,11
1633098732211,32.71802953643937,-117.09208533569415,26.113949172866313,46,101,15,11
1633098732331,32.71803329051511,-117.0921108558582,26.03935727473613,47,102,15,11
1633098732445,32.71803719359425,-117.09213642636517,25.97129706200722,47,101,15,11
1633098732639,32.71804125606484,-117.09216205172899,25.905490423392454,47,101,15,11
