1613869077061,32.744995388273885,-117.03603848317162,105.25785949593853,32,65,11,11
1613869077181,32.74500129144345,-117.03600519966874,105.34873842846964,32,65,11,11
1613869077339,32.74500725509831,-117.03597195577223,105.44005573511555,32,65,11,11
1613869077454,32.7450132763337,-117.0359387312358,105.53325511670279,32,65,11,11
1613869077592,32.745019352504485,-117.03590552748582,105.6293081023313,32,65,11,11
1613869077704,32.74502549989487,-117.03587235071458,105.72582172793996,31,65,10,11
1613869077829,32.745031674829995,-117.03583919767074,105.8223788300904,31,64,10,11
1613869078018,32.74505694600056,-117.03570699031549,106.22539874288043,31,63,9,11
1613869078212,32.74506340286129,-117.03567400357447,106.32389238666079,30,63,9,11
1613869078326,32.74506991466313,-117.03564104081052,106.4206640154205,30,62,9,11
1613869078446,32.745076482821226,-117.03560809600225,106.51518680563132,29,62,9,11
1613869078585,32.7450831064637,-117.0355751963441,106.61021151466741,29,61,9,11
1613869078704,32.745089779192334,-117.03554232845288,106.70493856775278,29,60,9,11
1613869078937,32.74511694235534,-117.0354111025844,107.08875311334498,28,59,9,11
1613869079099,32.745123914259416,-117.03537839723626,107.18374798074962,29,60,9,11
1613869079263,32.745130928563675,-117.03534572154419,107.28069085417918,30,60,9,11
1613869079381,32.74513794795427,-117.03531305023267,107.37231342499756,30,60,9,11
1613869079491,32.74514503006549,-117.03528040695771,107.46664977844578,30,60,9,11
1613869079623,32.74515216353971,-117.0352478144581,107.5549431174682,30,60,9,11
1613869079783,32.7451812343873,-117.03511770548161,107.93813898447529,26,53,9,11
1613869079927,32.74518859882059,-117.03508525540093,108.0299438654372,26,52,9,11
1613869080173,32.74519602800152,-117.03505284337425,108.12080020939987,26,52,9,11
1613869080288,32.745203509991335,-117.0350204430272,108.21035723310527,26,52,9,11
1613869080512,32.74523391549785,-117.03489121245654,108.60895728069646,28,54,8,11
1613869080626,32.745241650425406,-117.03485899031,108.70876236854835,28,53,8,11
1613869080754,32.74524946081738,-117.0348267813834,108.80761636014891,27,52,8,11
1613869080924,32.74525732202316,-117.03479462398575,108.90672048052926,26,51,8,11
1613869081038,32.745265207269334,-117.03476250382937,108.99940636847866,27,51,10,11
1613869081230,32.74528921819813,-117.03466628125973,109.26062370765418,28,52,9,11
1613869081348,32.74529732022131,-117.03463423345055,109.32711590511295,28,53,9,11
1613869081480,32.74530543595072,-117.03460229516858,109.39459342226645,29,53,9,11
1613869081593,32.74531358565257,-117.03457034160851,109.48220672495826,30,54,9,11
1613869081705,32.745321810792284,-117.0345383886729,109.57892415613769,31,55,9,11
1613869081819,32.74533009569675,-117.03450647618583,109.66420458910461,31,55,9,11
1613869081901,32.74533840824263,-117.03447464124658,109.7363193120654,32,56,9,11
1613869082074,32.74534679674166,-117.03444274470856,109.82127275642425,33,57,10,11
1613869082227,32.74537204987268,-117.03434739768751,110.03496778883265,34,59,12,11
1613869082339,32.74538053677684,-117.03431569913867,110.11619489005692,35,59,12,11
1613869082471,32.74538906548674,-117.03428397197567,110.21334142676676,35,60,12,11
1613869082583,32.74539763650108,-117.03425219186866,110.30456108629399,35,60,12,11
1613869082704,32.74540618249757,-117.0342205346602,110.36997576715251,35,61,12,11
1613869082819,32.74541473804086,-117.03418888773037,110.43921328433368,36,61,12,11
1613869082998,32.745423295728614,-117.03415725020182,110.50425425500833,36,62,12,11
1613869083106,32.745448736877634,-117.03406226636845,110.7372184050605,36,63,12,11
1613869083274,32.745457244994824,-117.03403066455742,110.80508738889831,36,63,12,11
1613869083387,32.7454657389471,-117.03399909281346,110.87285676220424,36,64,12,11
1613869083524,32.74547421174485,-117.03396751518878,110.95248030388838,36,64,12,11
1613869083636,32.745482662420386,-117.03393594879184,111.02811162390799,36,65,12,11
1613869083748,32.74549112708386,-117.03390441978296,111.10228683744816,36,65,12,11
1613869083862,32.745499592708995,-117.03387285752048,111.1725452849465,36,65,12,11
1613869083945,32.74550803625704,-117.03384136463487,111.2402077925953,36,65,12,11
1613869084124,32.74553327055428,-117.03374705341422,111.412476580519,35,65,12,11
1613869084284,32.745541666201326,-117.03371568978997,111.46388893319441,36,66,12,11
1613869084396,32.745550064202575,-117.033684305738,111.51257693108163,35,66,12,11
1613869084532,32.7455584258641,-117.0336530066932,111.56282851574144,36,66,12,11
1613869084645,32.74556675541203,-117.03362173285473,111.61875518218186,36,67,12,11
1613869084758,32.74557513144292,-117.0335905000243,111.67936893543838,36,67,12,11
1613869084872,32.74558351688426,-117.03355931914062,111.73734589040615,35,66,12,11
1613869085099,32.74560867756585,-117.0334659402224,111.90782169743716,33,64,12,11
1613869085192,32.74561705659938,-117.03343489526382,111.96730893417761,33,64,12,11
1613869085383,32.745625446430644,-117.03340388881419,112.02327842340414,32,63,12,11
1613869085499,32.7456338390852,-117.0333729177931,112.07129330010204,32,62,12,11
1613869085631,32.74564224161135,-117.03334198753154,112.11197213568666,31,62,12,11
1613869085751,32.74565070894658,-117.03331103443878,112.15248243413053,31,61,12,11
1613869085939,32.74568436606958,-117.03318785218063,112.3795553416884,30,59,12,11
1613869086111,32.745692790728484,-117.03315712529101,112.44075008527484,30,59,12,11
1613869086259,32.74570124701643,-117.03312637518023,112.48801156523083,30,59,12,11
1613869086393,32.7457096717053,-117.0330957324954,112.52944772584694,30,59,12,11
1613869086509,32.745718087844736,-117.03306511289023,112.57390830458465,30,58,12,11
1613869086612,32.74572650127682,-117.03303451106663,112.62248720251775,29,58,12,11
1613869086827,32.74576014134885,-117.03291244686008,112.75522534086258,28,56,12,11
1613869086961,32.745768491326686,-117.03288203543188,112.79052713324653,28,56,12,11
1613869087142,32.745776821450995,-117.03285169371397,112.8244025166631,28,56,12,11
