1612316975997,32.87414969865264,-117.20715557859181,79.11487930061666,77,120,15,11
1612316976096,32.87414967732597,-117.20715559782359,79.11345392832129,77,120,15,11
1612316976216,32.87414967367651,-117.20715560927302,79.11243799405635,77,120,15,11
1612316976375,32.874149670330524,-117.20715561654497,79.11125405472536,77,120,15,11
1612316976491,32.8741496609841,-117.2071556285674,79.11012289034757,77,120,15,11
1612316976620,32.874149660305484,-117.2071556316181,79.10944318900984,77,120,15,11
1612316976763,32.874149641842195,-117.20715565958571,79.1067071438876,77,120,15,11
1612316976895,32.874149631505475,-117.20715566747485,79.10611999186992,77,120,15,11
1612316977022,32.87414963732946,-117.2071556823567,79.10510559475523,77,120,15,11
1612316977153,32.87414963320291,-117.20715569439123,79.10420181381052,77,120,15,11
1612316977270,32.874149625711844,-117.20715570714451,79.1034859632368,77,120,15,11
1612316977432,32.874149627944426,-117.20715571028673,79.10257745123947,77,120,15,11
1612316977694,32.874149622296834,-117.20715573824252,79.09917983744265,77,120,15,11
1612316977859,32.874149626258834,-117.207155745492,79.09844251899904,77,120,15,11
1612316977977,32.87414962243225,-117.2071557578639,79.09747031463502,77,120,15,11
1612316978134,32.87414962906162,-117.20715576468879,79.09680746496252,77,120,15,11
1612316978387,32.87414963935893,-117.20715578705071,79.09389927316437,77,120,15,11
1612316978517,32.87414964001811,-117.20715579372707,79.09305318802673,77,120,15,11
1612316978638,32.87414964425503,-117.20715580398932,79.09221750272198,77,120,15,11
1612316978852,32.874149642300445,-117.20715580994116,79.09160240999573,77,120,15,11
1612316979090,32.874149667451995,-117.20715582765945,79.08866091137592,77,120,15,11
1612316979216,32.87414966360841,-117.20715583664965,79.08804869309323,77,120,15,11
1612316979365,32.87414967271059,-117.20715583774195,79.08718480080759,77,120,15,11
1612316979496,32.87414967672879,-117.20715584310122,79.08646010631946,77,120,15,11
1612316979686,32.874149695889564,-117.20715585836149,79.08451019063654,77,120,15,11
1612316979812,32.874149708320495,-117.20715585416916,79.08446757445343,77,120,15,11
1612316979930,32.87414970958134,-117.20715585098087,79.08419781177611,77,120,15,11
1612316980073,32.87414971307791,-117.20715585801733,79.08385175522868,77,120,15,11
1612316980200,32.87414971773602,-117.20715585513923,79.083173084225,77,120,15,11
1612316980319,32.87414972054356,-117.20715585869853,79.08296755443813,77,120,15,11
1612316980479,32.87414972259499,-117.20715585421453,79.08264271899041,77,120,15,11
1612316980599,32.874149730650494,-117.20715585923197,79.08173438228253,77,120,15,11
1612316980725,32.87414972790705,-117.2071558538325,79.08146039758769,77,120,15,11
1612316980854,32.874149735471605,-117.20715585900331,79.08067243778704,77,120,15,11
1612316980906,32.874149720737165,-117.20715586307497,79.07919599273038,77,120,15,11
1612316981003,32.874149714454376,-117.2071558635971,79.07857983917071,77,120,15,11
1612316981092,32.874149712931704,-117.20715586944844,79.07775521107091,77,120,15,11
1612316981164,32.87414969949327,-117.20715586877941,79.0771385308691,77,120,15,11
1612316981292,32.87414968699945,-117.20715587652923,79.07642584924585,77,120,15,11
1612316981389,32.87414968305246,-117.20715588524891,79.07548753106725,77,120,15,11
1612316981480,32.87414967153533,-117.20715588678985,79.07485761091675,77,120,15,11
1612316981621,32.87414967305983,-117.20715589924302,79.07368055994411,77,120,15,11
1612316981790,32.87414966460975,-117.20715590555947,79.07273625847093,77,120,15,11
1612316981883,32.87414965619583,-117.20715590993083,79.07205836668149,77,120,15,11
1612316981979,32.87414964333121,-117.20715591325026,79.07144981619267,77,120,15,11
1612316982070,32.87414964433471,-117.20715592186029,79.0707262123669,77,120,15,11
1612316982160,32.87414963437307,-117.20715592907958,79.07048721350692,77,120,15,11
1612316982241,32.874149622332276,-117.2071559385188,79.06967340426365,77,120,15,11
1612316982364,32.87414961066276,-117.20715593830514,79.06956055411067,77,120,15,11
1612316982457,32.8741496094997,-117.20715594447158,79.0689324897304,77,120,15,11
1612316982552,32.87414960234215,-117.20715595071833,79.06827864635369,77,120,15,11
1612316982720,32.87414959651939,-117.20715596950772,79.06759365163862,77,120,15,11
1612316982804,32.874149591532095,-117.20715596955193,79.06703133735981,77,120,15,11
1612316982885,32.87414958509433,-117.20715597702468,79.06615070502727,77,120,15,11
1612316982976,32.874149580242126,-117.207155984702,79.06573152287551,77,120,15,11
1612316983098,32.874149580228305,-117.20715599189113,79.06511170595027,77,120,15,11
1612316983181,32.87414957367347,-117.20715600215169,79.06438718544482,77,120,15,11
1612316983261,32.8741495644975,-117.20715600680556,79.06405895773818,77,120,15,11
1612316983374,32.8741495583629,-117.2071560080111,79.0634033660341,77,120,15,11
1612316983467,32.87414954727131,-117.20715602099763,79.06274006612793,77,120,15,11
1612316983571,32.87414954498193,-117.20715603180642,79.06189499681973,77,120,15,11
1612316983769,32.874149545118975,-117.20715603937882,79.06126296612011,77,120,15,11
1612316983851,32.874149536788785,-117.2071560448551,79.06095071878808,77,120,15,11
1612316983930,32.87414953523677,-117.20715604811774,79.06041562085402,77,120,15,11
1612316984045,32.87414952924497,-117.20715605708881,79.0595961851627,77,120,15,11
1612316984211,32.87414953011497,-117.20715606750117,79.05887085891229,77,120,15,11
1612316984291,32.87414953062342,-117.20715608132616,79.05795284065773,77,120,15,11
1612316984370,32.87414952742039,-117.20715608245892,79.05730384429505,77,120,15,11
1612316984496,32.87414952220316,-117.20715608010335,79.05659674928523,77,120,15,11
1612316984582,32.874149514095215,-117.20715608990432,79.05637940135901,77,120,15,11
1612316984682,32.87414951261357,-117.2071560960043,79.05565976112376,77,120,15,11
1612316984771,32.87414951525706,-117.2071561061503,79.05464521073498,77,120,15,11
1612316984853,32.874149518378005,-117.20715611505021,79.05359323439828,77,120,15,11
1612316984931,32.87414951962201,-117.20715612434827,79.05269298087971,77,120,15,11
1612316985082,32.87414951963393,-117.20715612557508,79.05208687644814,77,120,15,11
1612316985199,32.87414952680235,-117.207156124965,79.05158592286823,77,120,15,11
1612316985282,32.874149529569934,-117.20715612967403,79.05095371429233,77,120,15,11
1612316985363,32.8741495369362,-117.20715613410518,79.05015616871488,77,120,15,11
1612316985491,32.874149539033915,-117.20715613693538,79.04950495446494,77,120,15,11
1612316985577,32.87414954832076,-117.2071561417938,79.04897697719525,77,120,15,11
1612316985744,32.87414956702805,-117.20715615801534,79.04724308472726,77,120,15,11
1612316985855,32.87414957227274,-117.20715616199955,79.04677282468076,77,120,15,11
1612316985955,32.874149583574884,-117.20715616642984,79.04582860193005,77,120,15,11
1612316986043,32.87414959168633,-117.20715616596179,79.04526507383466,77,120,15,11
1612316986129,32.874149599409314,-117.20715617125055,79.04459365766314,77,120,15,11
