1619906467032,32.79112786269381,-117.16626704215608,75.79641901667323,24,39,12,11
1619906467166,32.79114071869357,-117.16625425362227,75.77499874617348,23,38,12,11
1619906467336,32.79115351114706,-117.16624148592217,75.74079372499625,23,38,12,11
1619906467514,32.79120476041259,-117.16619035177389,75.64484642273925,21,36,12,11
1619906467653,32.791217558114724,-117.16617764405193,75.60742775418713,21,36,12,11
1619906467769,32.79123036690999,-117.16616493140599,75.5819768137225,21,36,12,11
1619906468001,32.791243191293376,-117.16615222926104,75.56369760195466,20,35,12,11
1619906468211,32.79129440090233,-117.16610164686693,75.48009297070972,20,35,12,11
1619906468325,32.79130716901726,-117.1660890307134,75.45980210745684,20,35,12,11
1619906468437,32.79131992686338,-117.16607644412565,75.44292256401172,20,34,12,11
1619906468553,32.79133267780434,-117.16606386079059,75.42371006167042,20,34,12,11
1619906468687,32.79134543005563,-117.16605129583827,75.4117604491419,20,34,12,11
1619906468874,32.79138370807593,-117.16601373735107,75.36391098059703,20,34,12,11
1619906469017,32.79139646308119,-117.16600125869124,75.3527365652056,20,34,12,11
1619906469223,32.79140921170734,-117.16598882293869,75.33617849218352,20,34,13,11
1619906469337,32.79142195398865,-117.16597639128881,75.32526722214416,20,34,13,11
1619906469450,32.7914346964666,-117.16596395345633,75.31982511934974,21,34,13,11
1619906469567,32.791447449606686,-117.16595150715384,75.31508282663602,21,34,13,11
1619906469677,32.791460270345546,-117.16593898418341,75.30900403590374,20,34,13,11
1619906469819,32.79149831176654,-117.16590178619634,75.2232751646519,20,34,13,11
1619906469932,32.791511022874836,-117.16588932257315,75.23091006131601,20,33,13,11
1619906470056,32.79152375145776,-117.16587685758519,75.241154768178,20,34,13,11
1619906470218,32.79153655091465,-117.16586437829407,75.23192804557556,20,34,13,11
1619906470338,32.79154922328491,-117.16585196968646,75.21230390089055,20,34,13,11
1619906470449,32.79156192376055,-117.16583959430373,75.1936481700589,20,34,13,11
1619906470562,32.79157460863811,-117.1658271942063,75.18384563078554,21,34,13,11
1619906470807,32.79162547236609,-117.16577747138416,75.13948087051772,21,35,13,11
1619906470964,32.79163809847976,-117.16576513108046,75.11193793706654,21,35,13,11
1619906471102,32.79165075235001,-117.16575280459107,75.10105600163165,21,35,13,11
1619906471270,32.791663526141065,-117.16574037189551,75.12931420418562,21,34,13,11
1619906471383,32.79167636355198,-117.16572796340985,75.13865453197242,20,34,13,11
1619906471497,32.79168911284031,-117.1657157039483,75.07802296439823,20,34,13,11
1619906471611,32.791701777216595,-117.16570346536761,74.9958821588356,20,33,13,11
1619906471819,32.79175264233366,-117.16565386896718,74.91618615788589,19,32,12,11
1619906471932,32.791765358133745,-117.16564147038689,74.88728264087439,19,32,12,11
1619906472056,32.79177807717795,-117.16562906334164,74.85977150424443,19,32,12,11
1619906472220,32.79179082605883,-117.16561666685517,74.83685239185186,19,32,12,11
1619906472337,32.79180355458821,-117.16560427347771,74.8129029160548,19,32,12,11
1619906472463,32.791816275112126,-117.1655918908537,74.78758290847432,19,32,12,11
1619906472578,32.79182899168353,-117.16557946803692,74.76840840482764,20,33,12,11
1619906472694,32.791867033882454,-117.16554223798923,74.68650133246798,20,34,12,11
1619906472834,32.791879669526715,-117.16552982631676,74.65853381172,20,34,11,11
1619906472947,32.791892309304345,-117.1655174200271,74.63583094462625,20,34,11,11
1619906473071,32.791904907042245,-117.16550501355219,74.61475306396461,20,34,11,11
1619906473249,32.79191749279216,-117.16549262348344,74.59336866489295,20,34,11,11
1619906473365,32.791930047600744,-117.16548025318733,74.57526553692571,20,34,11,11
1619906473483,32.79194257855616,-117.16546788870573,74.55633056762137,20,33,11,11
1619906473597,32.79195509980708,-117.16545558460965,74.53732262178953,20,33,11,11
1619906473809,32.792004962072504,-117.16540641603537,74.45648914699596,19,32,12,11
1619906473955,32.79201734178742,-117.16539414784775,74.43799082655276,18,32,12,11
1619906474044,32.792029699881176,-117.16538190702234,74.42258321502973,18,32,12,11
1619906474211,32.79204202037427,-117.16536969482766,74.40012512087917,18,32,12,11
1619906474324,32.792054373876866,-117.16535744471882,74.38181263477932,18,31,12,11
1619906474443,32.79206664971912,-117.16534527070404,74.36543916664625,18,31,11,11
1619906474523,32.79207889987538,-117.16533311636172,74.34231711666553,18,31,11,11
1619906474696,32.79211554402993,-117.16529682390136,74.28750512932491,18,31,12,11
1619906474834,32.7921278145607,-117.16528470253803,74.27099203768248,18,30,11,11
1619906474995,32.79213996453089,-117.16527266842976,74.24672897696941,18,30,11,11
1619906475119,32.79215211293693,-117.16526065961706,74.22481207661518,18,30,11,11
1619906475287,32.79216425173036,-117.16524865754162,74.20087165300168,18,31,11,11
1619906475400,32.7921763890344,-117.1652366718628,74.18218645017126,18,30,11,11
1619906475519,32.79218853730918,-117.16522472090135,74.16472649947559,18,30,11,11
1619906475788,32.79223741180083,-117.16517698293205,74.10676364018725,18,30,13,11
1619906475953,32.792249619833825,-117.16516504570903,74.08986776838563,18,30,12,11
1619906476032,32.792261854676426,-117.16515310951455,74.07471306225206,18,30,12,11
1619906476156,32.79227410907949,-117.16514117471822,74.05648516083114,18,30,11,11
1619906476324,32.79228637599511,-117.16512924251046,74.03468322009657,18,30,11,11
1619906476508,32.79233573077832,-117.16508142507364,73.97455936914879,18,30,11,11
1619906476642,32.79234809701446,-117.16506939553997,73.95667073683691,18,30,12,11
1619906476812,32.79236045247362,-117.1650573331198,73.94379482477507,18,29,12,11
1619906477116,32.79241010428417,-117.16500897016766,73.89096932180978,18,29,13,11
1619906477226,32.79242252597266,-117.16499680379367,73.87498946789545,18,29,13,11
