1483234023829,32.64368792772366,-117.05790956708107,-1.7859183337825792,37,49,13,11
1483234023966,32.64366335552806,-117.05789580861098,-1.698256056231678,37,49,13,11
1483234024128,32.64363887469394,-117.05788203114291,-1.614928199766958,38,50,14,11
1483234024250,32.64361448900375,-117.05786821558628,-1.534255711320907,40,50,14,11
1483234024389,32.64359016888968,-117.05785434932022,-1.4457076398964974,41,51,14,11
1483234024502,32.64356590818206,-117.0578404926708,-1.3594410820915996,41,52,14,11
1483234024612,32.64354170956775,-117.05782662577805,-1.2681082172604554,42,52,14,11
1483234024700,32.64346940034037,-117.05778491569198,-0.9736256794870157,43,54,14,11
1483234024831,32.6434453556539,-117.05777096580785,-0.8674125975194353,43,54,14,11
1483234024910,32.64342133536479,-117.05775704781871,-0.7671601954633208,43,55,14,11
1483234025119,32.643397349441855,-117.05774315337932,-0.6650678600472615,42,54,14,11
1483234025207,32.64337334118812,-117.05772928411292,-0.5608595688825967,42,54,14,11
1483234025375,32.64334931945846,-117.05771546306362,-0.4553552601211868,41,54,14,11
1483234025485,32.64332530319806,-117.05770166780489,-0.3583717421613362,41,54,14,11
1483234025767,32.643229272260285,-117.05764673836325,0.011940502495631056,38,52,14,11
1483234025891,32.643205272511835,-117.0576330496166,0.10048502418875843,37,51,14,11
1483234025970,32.64318127696886,-117.05761936500369,0.1899069199089245,37,51,14,11
1483234026186,32.64315727637031,-117.05760567833804,0.27705649276666744,36,50,14,11
1483234026278,32.64313327515376,-117.05759197285714,0.3678340183402357,36,50,14,11
1483234026446,32.643109299363815,-117.05757828769869,0.44597917975055057,35,49,15,11
1483234026558,32.643085316762146,-117.05756462371525,0.5256334086627337,34,49,15,11
1483234026730,32.64298940241819,-117.05751007195603,0.8479062202173475,31,45,15,11
1483234026875,32.642965408934074,-117.05749642253183,0.9275409043947016,30,44,15,11
1483234027014,32.64294145830564,-117.05748278924283,1.010893570300209,30,44,15,11
1483234027159,32.64291751491239,-117.05746913419698,1.108954335204445,30,43,15,11
1483234027259,32.64289356700599,-117.05745544390871,1.2202994253382704,30,43,15,11
1483234027425,32.64286959823086,-117.05744176320036,1.3305003003314588,30,44,15,11
1483234027537,32.64284562622225,-117.05742809728297,1.4338058317930864,30,43,15,11
1483234027745,32.64274944893204,-117.05737353360757,1.8579025868710382,29,42,15,11
1483234027916,32.64272537006007,-117.05735986952676,1.9774938250398126,30,42,15,11
1483234028027,32.64270129193489,-117.05734619623392,2.0960344881959,30,43,15,11
1483234028178,32.64267712209659,-117.05733244077798,2.2183767164264427,31,44,15,11
1483234028267,32.642653025626544,-117.0573187045129,2.337926692761216,32,45,15,11
1483234028442,32.64262889491008,-117.05730496308801,2.459460796042614,33,45,15,11
1483234028555,32.64260476938191,-117.05729120840002,2.5821759318904838,34,46,15,11
1483234028735,32.64250810643552,-117.05723572740453,3.0823680918057756,37,49,15,11
1483234028912,32.64248396009271,-117.0572217632473,3.207724040644624,37,50,15,11
1483234028991,32.64245983749323,-117.05720777437408,3.326348729040045,38,50,15,11
1483234029200,32.64243568712214,-117.05719377992864,3.4417120022665184,39,51,15,11
1483234029296,32.64241151903072,-117.05717977448718,3.5535694847048767,39,51,15,11
1483234029430,32.64238721662516,-117.05716569372595,3.6677158855470107,39,51,15,11
1483234029729,32.64229053504277,-117.05710948448917,4.113057470185356,39,52,15,11
1483234029860,32.642266418535215,-117.05709527885766,4.224469489149298,39,52,15,11
1483234030007,32.642242167972135,-117.0570809644672,4.339539664568474,38,52,15,11
1483234030240,32.64214603660546,-117.05702348288456,4.795302620509317,37,51,15,11
1483234030351,32.64212207688663,-117.05700897613421,4.905818305732272,37,50,15,11
1483234030464,32.64209795358338,-117.05699432240435,5.014354070175753,36,50,15,11
1483234030578,32.64207404558946,-117.05697973522385,5.113841880663673,36,50,15,11
1483234030713,32.6420501675852,-117.05696511955833,5.20720950648093,36,49,15,11
1483234030854,32.64202632467428,-117.05695046944508,5.29708506251088,35,49,15,11
1483234031145,32.64193132583727,-117.05689109448798,5.6012747551638515,34,48,15,11
1483234031292,32.64190777904287,-117.05687616905654,5.656335110659737,34,47,15,11
1483234031402,32.64188427389131,-117.05686120407856,5.713693053197345,33,47,15,11
1483234031513,32.64186084895301,-117.05684623202274,5.7737600652074,33,46,15,11
1483234031608,32.641837460594715,-117.05683122798571,5.844486424565952,32,45,15,11
1483234031975,32.64174448212982,-117.05677049699294,6.176721364550043,30,43,15,11
1483234032086,32.641721452928365,-117.0567552297972,6.25767653147704,29,42,15,11
1483234032224,32.64169850105929,-117.05673995420145,6.33197227890817,28,40,15,11
1483234032348,32.641675583373186,-117.05672464786036,6.398300511109489,28,40,15,11
1483234032468,32.64165273997597,-117.05670933585954,6.458564242341106,27,40,15,11
1483234032576,32.64162995786288,-117.05669398366516,6.522145826866996,27,40,15,11
1483234032673,32.64160727294553,-117.05667860827079,6.582149255559244,28,39,15,11
1483234032948,32.641517284228755,-117.05661702902552,6.855706057874556,27,39,15,11
1483234033113,32.64149501716733,-117.05660166488123,6.928124542319428,28,39,15,11
1483234033251,32.641472857379,-117.05658635987076,6.997502556237409,28,39,15,11
1483234033377,32.641450820845826,-117.05657113640588,7.059798664896561,28,39,15,11
1483234033485,32.641428889565134,-117.05655598222589,7.1181407598020074,29,39,15,11
1483234033597,32.641407080804896,-117.05654092438962,7.16681144942172,29,40,15,11
1483234033886,32.64132117585471,-117.05648140005282,7.404393175883031,30,40,15,11
