1610060166813,32.752900937829345,-117.24800538006184,-29.6663418807202,79,121,15,11
1610060166918,32.75290621716044,-117.24801344067586,-29.68520618014594,79,121,15,11
1610060167075,32.752911441407015,-117.2480214181822,-29.70122678171776,80,121,15,11
1610060167154,32.7529166201578,-117.24802931338519,-29.716266675699714,80,121,15,11
1610060167225,32.752921752616416,-117.24803709341191,-29.733171664168776,80,121,15,11
1610060167317,32.752926835025725,-117.24804477716481,-29.75136024184293,80,121,15,11
1610060167465,32.752931838652444,-117.24805238572273,-29.778387784433296,81,121,15,11
1610060167624,32.75293678837809,-117.24805991436438,-29.805526372413485,81,121,15,11
1610060167705,32.75294169408784,-117.24806737413432,-29.827449495489468,81,121,15,11
1610060167785,32.752946565868776,-117.24807475596953,-29.847195333375918,81,121,15,11
1610060167870,32.7529513878467,-117.24808205389942,-29.86830894440264,82,121,15,11
1610060167982,32.75295614608515,-117.24808927427326,-29.88857931561983,82,121,15,11
1610060168087,32.7529608300294,-117.24809641064738,-29.912619986230688,82,121,15,11
1610060168273,32.752965435121446,-117.248103453167,-29.938391293721036,82,121,15,11
1610060168387,32.752969966813744,-117.24811039686078,-29.959660686228624,82,121,15,11
1610060168489,32.7529744183354,-117.24811720868784,-29.9809054649427,83,121,15,11
1610060168641,32.75297879321246,-117.24812386927739,-30.00498138794363,83,121,15,11
1610060168732,32.75298306360477,-117.24813039769553,-30.03141655403504,83,121,15,11
1610060168814,32.752987219154036,-117.24813680187368,-30.06177718545222,83,121,15,11
1610060168897,32.752991279212175,-117.2481430526869,-30.088007568911536,83,121,15,11
1610060168980,32.752995251252784,-117.24814914203606,-30.109780093146423,83,121,15,11
1610060169092,32.75299911886242,-117.2481550919234,-30.12934714427522,84,121,15,11
1610060169243,32.75300286135912,-117.24816089418375,-30.15088276317403,84,122,15,11
1610060169323,32.753006515968345,-117.24816653990833,-30.16867288963084,84,121,15,11
1610060169394,32.753010045724274,-117.24817201922845,-30.185281012943886,84,121,15,11
1610060169488,32.7530134420656,-117.248177308389,-30.20462225837581,84,122,15,11
1610060169643,32.75301670920546,-117.24818240997452,-30.224039490149135,84,122,15,11
1610060169724,32.75301986958287,-117.24818733377974,-30.24301019871168,85,122,15,11
1610060169805,32.753022917675764,-117.24819207550387,-30.26508756157655,85,122,15,11
1610060169887,32.75302584871764,-117.24819667304502,-30.284727354413874,85,122,15,11
1610060169979,32.75302865919199,-117.24820109762773,-30.30486016034489,85,122,15,11
1610060170076,32.753036245240004,-117.24821308135374,-30.369548660617312,85,122,15,11
1610060170184,32.753038486026526,-117.24821663205441,-30.39073688494379,86,122,15,11
1610060170286,32.75304058360783,-117.24821995718713,-30.414218649018395,85,122,15,11
1610060170436,32.75304254324534,-117.248223070305,-30.43560569556251,86,122,15,11
1610060170525,32.753044358517954,-117.24822597254064,-30.456984690849104,86,122,15,11
1610060170615,32.75304603984895,-117.24822864397493,-30.478882400511587,86,122,15,11
1610060170700,32.75304758993015,-117.24823109871899,-30.500052131024255,86,122,15,11
1610060170783,32.753048985280394,-117.24823335403008,-30.521175754541684,86,122,15,11
1610060170964,32.75305024284824,-117.24823538874182,-30.54263490302759,86,122,15,11
1610060171045,32.753051393508024,-117.24823719753887,-30.561554181925125,86,122,15,11
1610060171131,32.75305240069988,-117.24823881474785,-30.581421756802076,86,122,15,11
1610060171204,32.75305326148763,-117.24824024407434,-30.603631641653894,87,122,15,11
1610060171298,32.75305400920212,-117.2482414677285,-30.62433228878051,87,122,15,11
1610060171456,32.75305463231149,-117.24824248045755,-30.643516021030173,87,122,15,11
1610060171537,32.75305513259935,-117.24824328859383,-30.66282549008606,87,122,15,11
1610060171634,32.7530555034867,-117.2482439044215,-30.68217508442203,87,122,15,11
1610060171742,32.75305576119359,-117.24824434028952,-30.701924507222085,87,122,15,11
1610060171822,32.75305592365375,-117.24824461810323,-30.720662818662568,87,122,15,11
1610060172004,32.75305599130746,-117.24824475623366,-30.73976237915387,87,122,15,11
1610060172085,32.75305598746437,-117.2482447743261,-30.75861331900289,87,122,15,11
1610060172224,32.753055948551165,-117.24824473756492,-30.778558186322936,87,122,15,11
1610060172295,32.75305591665971,-117.24824472012497,-30.798144677244018,87,122,15,11
1610060172388,32.75305590712026,-117.24824473537771,-30.816234583956216,87,122,15,11
1610060172549,32.75305591703709,-117.24824477706873,-30.833399423408448,87,122,15,11
1610060172628,32.753055945627196,-117.24824484820505,-30.850709678111464,87,122,15,11
1610060172709,32.75305599820442,-117.24824495237607,-30.8677493493089,87,123,15,11
1610060172795,32.753056075542155,-117.2482450999003,-30.884401765351985,87,122,15,11
1610060172886,32.75305618341696,-117.24824529071591,-30.900519784098144,87,122,15,11
1610060172989,32.75305632193242,-117.24824552616475,-30.916687203076243,87,123,15,11
1610060173149,32.75305649852996,-117.24824582486855,-30.933385843976517,87,123,15,11
1610060173279,32.75305674409281,-117.2482462298241,-30.9515666155512,87,123,15,11
1610060173352,32.75305708989701,-117.24824678935248,-30.96933798434477,86,123,15,11
1610060173445,32.75305753719135,-117.2482475220005,-30.98532964378753,86,122,15,11
1610060173601,32.75305809864688,-117.24824841254647,-31.00029721627672,85,122,15,11
1610060173693,32.75305875730134,-117.24824948564218,-31.01464935260181,85,122,15,11
1610060173772,32.75305952626368,-117.24825070872586,-31.028726585742504,85,122,15,11
1610060173854,32.75306037272469,-117.24825205466665,-31.040937928363096,84,122,15,11
1610060173951,32.753061273678654,-117.24825345134806,-31.054016643916327,84,122,15,11
1610060174063,32.75306219468192,-117.24825489195575,-31.065383688979026,83,122,15,11
1610060174213,32.75306310779311,-117.24825637032242,-31.078797982619793,83,122,15,11
1610060174354,32.753064010451425,-117.24825785093729,-31.093677845048315,83,122,15,11
1610060174425,32.75306493716798,-117.24825932274327,-31.106832859027396,83,122,15,11
1610060174517,32.75306586460975,-117.24826077579354,-31.119469069404314,82,122,15,11
1610060174676,32.75306680094721,-117.24826223972231,-31.13206066945764,82,122,15,11
1610060174756,32.75306772913763,-117.24826373037297,-31.144160087183828,82,122,15,11
1610060174843,32.75306866545651,-117.24826523658662,-31.155515815024657,81,122,15,11
1610060174927,32.75306962334875,-117.248266745524,-31.167073065642086,81,122,15,11
1610060175011,32.75307058240101,-117.24826826280726,-31.17993045949318,81,122,15,11
1610060175124,32.7530715277552,-117.24826975258331,-31.19086639523197,81,122,15,11
1610060175232,32.753072411629624,-117.24827117776343,-31.20011986207583,81,122,15,11
1610060175365,32.75307322385632,-117.24827248981717,-31.210327132532097,80,122,15,11
1610060175484,32.75307580188314,-117.24827664841222,-31.251149291204936,80,122,15,11
1610060175605,32.75307637303563,-117.24827752683409,-31.257738617683746,80,122,15,11
1610060175693,32.75307684871992,-117.24827827129386,-31.263662101229055,80,122,15,11
1610060175789,32.753077221461965,-117.24827885335085,-31.27214076959368,80,122,15,11
1610060175902,32.75307748255193,-117.24827928195675,-31.281971053402433,79,122,15,11
1610060176056,32.75307764290493,-117.24827953896629,-31.29121318035619,79,122,15,11
1610060176190,32.753077712774434,-117.24827966124221,-31.300489280623914,79,122,15,11
1610060176261,32.753077699085885,-117.24827964165813,-31.309657873332334,79,122,15,11
1610060176351,32.7530776654901,-117.2482795878931,-31.32026446001066,79,122,15,11
1610060176508,32.753077660642376,-117.24827957199504,-31.32953613260101,79,122,15,11
1610060176612,32.753077684298795,-117.24827960972925,-31.338441583332823,79,122,15,11
1610060176704,32.753077695448795,-117.2482796167119,-31.3474327717739,79,122,15,11
1610060176791,32.75307769501549,-117.24827960624155,-31.357222637433456,79,122,15,11
1610060176891,32.753077706107696,-117.24827961369559,-31.364927775783542,79,122,15,11
1610060176993,32.75307770817898,-117.24827961648772,-31.373678800400306,79,122,15,11
