1633099915495,32.87217783489995,-117.22944073340271,53.218378894572965,35,66,15,11
1633099915696,32.87217443025756,-117.22945722758826,53.2117694669232,34,66,15,11
1633099915799,32.8721732952059,-117.22946267880072,53.206010507774344,33,66,15,11
1633099915911,32.87217218946452,-117.22946811915916,53.201687081673796,33,66,15,11
1633099916060,32.872171065793616,-117.22947353857283,53.1991477371304,33,66,15,11
1633099916172,32.872169974029454,-117.22947892395094,53.191101987742655,32,66,15,11
1633099916270,32.872168866192,-117.22948430777939,53.185266317145334,32,65,15,11
1633099916402,32.87216775158108,-117.22948963718136,53.18143137330454,32,65,15,11
1633099916694,32.872163516234934,-117.2295102128293,53.16378110663034,30,64,15,11
1633099916828,32.87216248447614,-117.22951509961105,53.15845170205402,30,64,15,11
1633099916908,32.87216146549812,-117.22951988619288,53.15246676502028,30,63,15,11
1633099917066,32.872160502144,-117.22952463766921,53.14434063555349,29,63,15,11
1633099917179,32.872159524844875,-117.22952936840537,53.13794045904605,29,63,15,11
1633099917275,32.87215853848979,-117.22953411708525,53.135780988133504,29,63,15,11
1633099917409,32.87215759254702,-117.22953881419146,53.12987144561333,29,63,15,11
1633099917616,32.8721547057607,-117.22955258639092,53.115743895155134,30,64,15,11
1633099917759,32.87215381447331,-117.22955703177615,53.117324411659744,31,65,15,11
1633099917859,32.872152874110256,-117.22956136860657,53.11595499898552,31,66,15,11
1633099917976,32.87215198062654,-117.22956561311572,53.11274982454534,32,67,15,11
1633099918125,32.87215114250736,-117.22956978842369,53.109928055112334,33,68,15,11
1633099918238,32.87215032529703,-117.22957386525476,53.10592590700107,33,68,15,11
1633099918328,32.87214945338778,-117.22957783969801,53.103087131380384,34,69,15,11
1633099918501,32.872146996893576,-117.22958934815075,53.088725334854104,34,70,15,11
1633099918681,32.87214612426013,-117.22959303933263,53.08052788620186,34,70,15,11
1633099918799,32.872145396612915,-117.22959668701267,53.07503225728311,34,70,15,11
1633099918930,32.872144675607814,-117.22960027941893,53.07351432611817,34,71,15,11
1633099919018,32.87214390236046,-117.22960376214931,53.072244106405044,34,71,15,11
1633099919187,32.87214314180781,-117.22960720680474,53.07017727553969,34,71,15,11
1633099919407,32.87214030233906,-117.2296203429486,53.049531387915174,33,70,15,11
1633099919578,32.872139644004214,-117.22962347091503,53.04982138358468,33,70,15,11
1633099919720,32.872138989018346,-117.2296265044557,53.048644320781186,34,71,15,11
1633099919858,32.87213713214368,-117.22963504704853,53.04882060693315,35,73,15,11
1633099920009,32.87213653855445,-117.22963767702528,53.048098522995446,35,73,15,11
1633099920122,32.87213598533769,-117.22964020208907,53.04582877735639,35,73,15,11
1633099920221,32.872135443093704,-117.22964263405576,53.043731786671636,35,74,15,11
1633099920395,32.87213494846669,-117.22964495362503,53.041922219177884,35,74,15,11
1633099920566,32.872134464483025,-117.22964718449906,53.039974272310445,35,74,15,11
1633099920793,32.872132776742994,-117.22965476830116,53.02766267933037,33,71,15,11
1633099920875,32.872132425739025,-117.22965632078034,53.02580181469592,33,71,15,11
1633099921025,32.872132098212155,-117.22965772056504,53.02342939720618,32,71,15,11
1633099921151,32.87213180740587,-117.22965896570119,53.0201823446888,32,70,15,11
1633099921243,32.872131572498475,-117.22966004539238,53.014334499477016,31,68,15,11
1633099921410,32.87213134317559,-117.22966097706875,53.012905282752534,31,68,15,11
1633099921710,32.87213081473684,-117.22966309932784,53.00237359579429,29,65,15,11
1633099921849,32.872130775701734,-117.22966323256547,52.99963086273554,29,64,15,11
1633099921959,32.87213077234675,-117.2296632066856,52.99691080041313,28,63,15,11
1633099922078,32.87213076533383,-117.22966312758207,52.993957443227465,29,63,15,11
1633099922195,32.872130749433744,-117.22966311031927,52.992155972904456,29,62,15,11
1633099922319,32.87213072899644,-117.22966314697592,52.99286892442829,29,62,15,11
1633099922513,32.872130715412624,-117.22966314334536,52.992219818658086,29,63,15,11
1633099922698,32.872130682284286,-117.22966311697706,52.990172117224944,30,64,15,11
1633099922837,32.87213068061425,-117.22966312409359,52.989571546676785,30,64,15,11
1633099922918,32.87213067636153,-117.22966312092406,52.98994031356151,31,64,15,11
1633099923069,32.87213067627798,-117.22966312229599,52.989959845123174,31,65,15,11
1633099923148,32.87213067410523,-117.22966312237736,52.98916296611492,31,65,15,11
1633099923312,32.87213067029769,-117.22966312039566,52.98943292611239,31,65,15,11
1633099923508,32.87213066345856,-117.22966312340844,52.98879855651123,32,66,15,11
1633099923620,32.872130656541486,-117.22966313593375,52.988863252440964,32,66,15,11
1633099923721,32.87213064124878,-117.22966313580612,52.990510139941925,33,67,15,11
1633099923878,32.87213065112517,-117.229663132859,52.990086802677894,33,67,15,11
1633099923963,32.872130661932566,-117.22966313161761,52.98957502589004,32,67,15,11
1633099924108,32.87213066605412,-117.22966313264519,52.98985281009803,32,67,15,11
1633099924189,32.87213068113222,-117.2296631317152,52.989862577817675,32,67,15,11
1633099924517,32.87213067000364,-117.22966314102173,52.99281530371675,32,67,15,11
1633099924688,32.87213067351123,-117.22966313753207,52.99347546172877,32,68,15,11
1633099924811,32.87213067295092,-117.22966313700296,52.994144986135105,32,68,15,11
1633099924945,32.872130684471195,-117.22966314087454,52.99371166774785,32,68,15,11
1633099925026,32.87213067029683,-117.22966314185335,52.995358182300706,33,69,15,11
1633099925179,32.87213066360581,-117.22966315168303,52.99654181641876,33,69,15,11
1633099925401,32.87213064359618,-117.22966314971464,53.000504609783356,34,71,15,11
1633099925579,32.87213064889802,-117.22966313655893,53.001232947924024,34,71,15,11
1633099925725,32.872130648150126,-117.22966314461104,53.002179244157645,34,71,15,11
