1616698173030,32.880099986524385,-117.23536827510377,78.79284079902516,61,140,10,11
1616698173173,32.88009999283312,-117.23536826094707,78.79332321404544,61,140,10,11
1616698173285,32.880100004705895,-117.23536827012603,78.79010715153618,61,140,10,11
1616698173377,32.88010002664368,-117.23536829778479,78.78968580263889,60,139,10,11
1616698173704,32.880100053337536,-117.23536830882676,78.78569960609025,60,139,10,11
1616698173842,32.880100052589455,-117.23536830690418,78.78633926839225,60,139,10,11
1616698173986,32.88010007737126,-117.23536831200019,78.78454035921774,60,139,10,11
1616698174107,32.88010005160074,-117.23536830570178,78.78564389620715,60,139,10,11
1616698174241,32.88010006055507,-117.23536831320918,78.78589976988415,60,139,10,11
1616698174357,32.88010005668338,-117.23536830712644,78.78331566660766,60,139,10,11
1616698174537,32.88010007205508,-117.23536830777503,78.78132749925443,60,139,10,11
1616698174657,32.88010009725068,-117.23536832207527,78.77945015720908,61,139,10,11
1616698174776,32.88010007854705,-117.23536833113397,78.77959913237282,61,139,10,11
1616698174909,32.880100100605716,-117.23536833455105,78.77481608693779,61,140,10,11
1616698175060,32.88010009948458,-117.23536834468675,78.77639895990411,61,140,10,11
1616698175279,32.88010014166355,-117.2353683762453,78.76935630293107,61,141,8,11
1616698175406,32.88010016305846,-117.23536838413354,78.76708656521572,61,141,8,11
1616698175535,32.88010016955602,-117.23536838675643,78.76535551259848,61,141,8,11
1616698175670,32.88010018295351,-117.23536840360505,78.76454914629917,61,141,8,11
1616698175783,32.880100180821834,-117.23536840402832,78.76170968871179,61,141,8,11
1616698175954,32.880100203833365,-117.2353684131464,78.76119807266592,61,141,8,11
1616698176072,32.880100212001715,-117.23536842063884,78.75853389374902,61,141,8,11
1616698176285,32.88010023697018,-117.2353684331291,78.75134160083063,62,142,8,11
1616698176428,32.88010025873835,-117.23536845279223,78.7500231334765,62,142,8,11
1616698176562,32.880100265381266,-117.23536845837774,78.74864861627458,62,142,8,11
1616698176675,32.88010026144863,-117.23536844147223,78.74691579096618,62,142,8,11
1616698176792,32.88010027473407,-117.23536847187103,78.74492425225657,62,142,8,11
1616698176959,32.88010028260334,-117.23536848058099,78.7422714754423,62,143,8,11
1616698177078,32.88010026876707,-117.23536854121282,78.74208760193115,62,143,10,11
1616698177279,32.88010033371368,-117.23536958298757,78.68257546871699,63,144,10,11
1616698177463,32.88010038377293,-117.23536991318083,78.66076144972354,62,144,10,11
1616698177628,32.88010038205933,-117.2353700576523,78.64527387947508,62,144,10,11
1616698177759,32.88010036848988,-117.23537017056096,78.63120835994248,62,143,10,11
1616698177873,32.88010039154178,-117.2353703529905,78.61037717062975,62,143,10,11
1616698178120,32.88010043840632,-117.23537107990042,78.51216575841805,60,140,10,11
1616698178232,32.88010046055547,-117.23537122025772,78.4791836264645,60,139,10,11
1616698178450,32.8801004775829,-117.2353713544114,78.44607181531059,59,137,10,11
1616698178547,32.880100489360274,-117.2353714342004,78.413897427888,58,136,10,11
1616698178714,32.880100474254995,-117.23537151894976,78.38257866243849,58,135,10,11
1616698178917,32.88010059489572,-117.23537169389407,78.27072253294395,56,131,10,11
1616698179051,32.88010058689896,-117.23537175837255,78.24914130134069,56,130,10,11
1616698179164,32.88010061038429,-117.23537177456546,78.22789059556595,55,128,10,11
1616698179289,32.88010063341876,-117.23537181178087,78.20862569865966,55,127,10,11
1616698179460,32.88010065221572,-117.23537185583783,78.19076050727081,54,126,10,11
1616698179615,32.880100669347804,-117.23537194518356,78.14418482544673,54,124,10,11
1616698179735,32.880100676151415,-117.23537197632653,78.1287534769337,53,124,10,11
1616698179905,32.880100694921225,-117.23537200662287,78.11660178400632,53,124,10,11
1616698180016,32.88010070776067,-117.23537201980301,78.10454919756988,53,123,10,11
1616698180150,32.88010071072426,-117.23537203353779,78.09163944642329,53,123,10,11
1616698180262,32.88010071870439,-117.23537208015135,78.07999620996041,53,123,10,11
1616698180379,32.88010072270736,-117.2353720885193,78.06919779706475,53,123,10,11
1616698180617,32.88010075746475,-117.23537214724644,78.02616952017341,54,123,10,11
1616698180732,32.880100773092174,-117.23537217250744,78.01519921241673,54,123,10,11
1616698180865,32.88010078580473,-117.23537216906458,78.00590318076755,54,123,10,11
1616698181011,32.88010079435804,-117.23537219267351,77.99719119473706,54,124,10,11
1616698181151,32.88010080222761,-117.23537218878359,77.98842914096234,54,124,10,11
1616698181261,32.880100817164355,-117.23537220276205,77.97919359577043,54,124,10,11
1616698181411,32.88010083778129,-117.23537222287524,77.94985535028192,54,123,10,11
1616698181522,32.8801008678119,-117.23537223160652,77.94010062268563,54,123,10,11
1616698181671,32.88010086529965,-117.23537224204642,77.93009285009028,54,123,10,11
1616698181791,32.880100889775946,-117.2353722450049,77.92284542531272,54,123,10,11
1616698181924,32.88010088011968,-117.23537224989248,77.91147954640955,54,122,10,11
1616698182070,32.88010089710439,-117.23537226127077,77.90288728310344,54,122,10,11
1616698182312,32.880100957162334,-117.23537228759697,77.86299982555478,52,119,10,11
1616698182427,32.88010097652503,-117.23537229465397,77.85245130532557,52,118,10,11
1616698182561,32.88010099318559,-117.23537229893489,77.84312376265358,51,117,10,11
1616698182650,32.880101015681106,-117.23537231022276,77.8345703569687,51,115,10,11
1616698182795,32.88010102462414,-117.2353723161406,77.82497880380325,50,114,10,11
1616698182926,32.880101038358674,-117.2353723301937,77.81578878044219,50,113,10,11
1616698183079,32.88010104456131,-117.23537233644444,77.80828247913863,50,113,10,11
