1613160635453,32.73149700618609,-117.23959788012286,33.785239279258306,28,57,13,11
1613160635590,32.73150176952836,-117.23957902773301,33.790959246295046,28,57,13,11
1613160635674,32.731506552104136,-117.23956016080554,33.793241577107764,28,57,14,11
1613160635830,32.731511350745805,-117.23954129099018,33.78736352867626,27,57,14,11
1613160635945,32.731516139358355,-117.23952243199047,33.78123391796447,27,57,14,11
1613160636059,32.73152093503112,-117.23950355338235,33.769522521938256,27,56,14,11
1613160636355,32.731540190783235,-117.23942790316316,33.72736530028143,24,52,13,11
1613160636467,32.73154498392796,-117.2394090017152,33.70703029140551,24,52,13,11
1613160636603,32.73154975703925,-117.23939006538188,33.69089517842951,23,51,13,11
1613160636688,32.731554542801796,-117.23937115130893,33.675378175874144,23,50,13,11
1613160636837,32.731559355963135,-117.2393522011876,33.66980314897601,22,49,14,11
1613160637007,32.73156416447361,-117.23933322702672,33.67237434768948,22,49,14,11
1613160637186,32.73158348680854,-117.2392572793118,33.66021338404572,22,48,14,11
1613160637351,32.731588317530296,-117.2392382807536,33.653098095891814,22,48,14,11
1613160637498,32.73159313642767,-117.23921926979548,33.642524564747156,22,48,14,11
1613160637634,32.73159797217965,-117.23920020948673,33.62835671264488,22,47,14,11
1613160637715,32.73160277593614,-117.23918119026384,33.6104070449814,22,47,14,11
1613160637862,32.73160760722147,-117.23916214284307,33.60236663914074,22,47,14,11
1613160637979,32.73161239517192,-117.23914305762254,33.602277168352295,22,47,15,11
1613160638183,32.73163157434426,-117.23906659415331,33.52145527452639,24,48,15,11
1613160638392,32.73163636021698,-117.23904746018839,33.50380678400386,24,49,15,11
1613160638506,32.73164115837979,-117.23902830547586,33.49069502879988,24,49,15,11
1613160638640,32.73164594378451,-117.23900912370586,33.478195924954925,24,49,15,11
1613160638723,32.731650733080606,-117.23898994582221,33.466337702668994,24,49,15,11
1613160638872,32.73165551224568,-117.23897064960688,33.44797411347108,24,49,14,11
1613160639121,32.73167466559653,-117.23889379059301,33.400673938692265,24,49,14,11
1613160639269,32.73167947202346,-117.23887453823042,33.39460639900616,25,50,14,11
1613160639471,32.731684304729484,-117.2388551855587,33.38462068524431,25,50,14,11
1613160639616,32.73168908583893,-117.23883592594285,33.373344923244204,25,51,14,11
1613160639832,32.731708148682415,-117.23875867863462,33.318182131304305,25,51,14,11
1613160639944,32.73171293447631,-117.2387392201237,33.300813548426675,25,51,14,11
1613160640077,32.731717696889426,-117.23871986594729,33.280492923164864,25,51,14,11
1613160640284,32.73172243524248,-117.2387005401232,33.25606540298154,25,50,14,11
1613160640516,32.73174146444207,-117.23862288022501,33.20338487186643,24,50,14,11
1613160640596,32.731746208140905,-117.23860347740678,33.18392267082625,24,50,14,11
1613160640752,32.73175098240332,-117.23858406592606,33.17182077516342,24,49,14,11
1613160640922,32.731755755298195,-117.23856463912155,33.15716791223545,24,49,14,11
1613160641041,32.73176055633446,-117.23854520969354,33.14172510439089,24,49,14,11
1613160641175,32.73176532679736,-117.23852574390729,33.12865808585858,24,50,14,11
1613160641254,32.73177015284815,-117.2385061643443,33.110091210089095,24,50,14,11
1613160641416,32.73178454855642,-117.23844783539366,33.05931387831056,24,50,14,11
1613160641550,32.73178938542841,-117.23842836029314,33.049547634065746,24,50,14,11
1613160641634,32.73179422217347,-117.2384088638944,33.04412858681023,24,50,14,11
1613160641778,32.731799072295615,-117.2383891934276,33.03191315106336,24,50,14,11
1613160641896,32.73180389096884,-117.23836970977675,33.01375040439617,24,50,14,11
1613160642019,32.73180872341682,-117.23835023706651,32.98851912470048,24,51,14,11
1613160642153,32.73181356909385,-117.23833076866826,32.96580103527414,24,50,14,11
1613160642271,32.73181838281808,-117.23831125474261,32.95082640517254,24,50,14,11
1613160642426,32.73183291548067,-117.23825249437172,32.926271617713425,25,51,14,11
1613160642560,32.73183778268194,-117.23823296941873,32.9125200833586,25,51,14,11
1613160642639,32.73184265018707,-117.2382134530897,32.89517834437365,24,51,14,11
1613160642796,32.73184748130088,-117.23819389152789,32.88117705907273,24,51,14,11
1613160642966,32.731852314809124,-117.23817434153172,32.86902552405395,24,50,14,11
1613160643079,32.73185719283799,-117.23815461479123,32.85691830043564,24,50,14,11
1613160643354,32.73187656776207,-117.23807627230492,32.798313777263665,23,49,14,11
1613160643501,32.73188143071504,-117.23805666849861,32.78122810875311,24,49,14,11
1613160643635,32.73188631160458,-117.23803706180857,32.76222120915269,24,49,14,11
1613160643736,32.731891198123684,-117.23801745488699,32.74460609296,24,50,14,11
1613160643882,32.73189612076423,-117.23799781466329,32.73033010003893,24,50,14,11
1613160643989,32.73190106088461,-117.23797820304361,32.713292151444115,25,51,14,11
1613160644229,32.73192093423264,-117.23789972210974,32.652685587635105,26,52,13,11
1613160644370,32.73192590660374,-117.23788005098109,32.64614615186226,26,52,13,11
1613160644518,32.731930926430145,-117.23786041437405,32.62735635421509,26,53,13,11
1613160644663,32.73193591767666,-117.23784080080773,32.60133965656341,26,53,13,11
1613160644745,32.73194090689863,-117.2378211062877,32.58969793521125,26,54,13,11
1613160645041,32.73196103159084,-117.23774245529201,32.499521543315566,26,53,13,11
1613160645156,32.73196611067459,-117.2377227753153,32.47656507715234,26,53,13,11
1613160645328,32.731971170137676,-117.23770313593339,32.44760723276698,25,53,13,11
1613160645469,32.73197622763458,-117.23768353983827,32.41004006823434,25,52,13,11
