1483235293056,32.87710801728652,-117.2183205587995,70.22598847876316,82,129,15,11
1483235293155,32.87712614257603,-117.21832031513733,70.23568487733262,82,129,15,11
1483235293311,32.87714429593642,-117.21832001627358,70.23058522051183,82,129,15,11
1483235293389,32.87716248438093,-117.21831971934529,70.22494722768755,82,128,15,11
1483235293470,32.8771807323294,-117.21831939198913,70.22618270901374,82,128,15,11
1483235293551,32.87719899120157,-117.21831909737818,70.22665890799946,82,128,15,11
1483235293652,32.87721736092792,-117.21831883466548,70.2303579198641,82,128,15,11
1483235293735,32.87723567293093,-117.2183186072029,70.23675105488114,82,127,15,11
1483235293878,32.87725398350987,-117.21831840026235,70.24166250724404,82,127,15,11
1483235293966,32.877272295273656,-117.21831822404069,70.2508113369073,82,127,15,11
1483235294107,32.87729061202791,-117.21831806886692,70.26605605615343,82,127,15,11
1483235294195,32.877308919271805,-117.21831795673107,70.27996487286796,82,127,15,11
1483235294352,32.87732730136829,-117.21831790731098,70.29245186212852,81,126,15,11
1483235294434,32.87734554204823,-117.21831792000282,70.29608325483017,81,126,15,11
1483235294524,32.877363727626395,-117.21831798094144,70.29541422829428,81,126,15,11
1483235294606,32.87738186722046,-117.21831807435373,70.29457680680449,81,126,15,11
1483235294708,32.87739992233612,-117.2183181948319,70.2967393435269,81,126,15,11
1483235294791,32.87741787215146,-117.21831837499752,70.30587714449234,81,125,15,11
1483235294934,32.877435790021316,-117.21831858041902,70.31291696090781,81,125,15,11
1483235295012,32.87745347836856,-117.21831882819242,70.32999077345804,81,125,15,11
1483235295098,32.877471009657654,-117.21831910491261,70.34577379717668,81,125,15,11
1483235295197,32.87748836135474,-117.21831944475173,70.3625009747064,81,125,15,11
1483235295351,32.87750560132924,-117.21831981934201,70.39231380055003,81,125,15,11
1483235295434,32.87752263948489,-117.21832028661905,70.41776901651798,81,125,15,11
1483235295515,32.877539637964894,-117.21832084983951,70.44586298345278,81,125,15,11
1483235295609,32.8775563720847,-117.21832148753501,70.47530533562215,81,124,15,11
1483235295711,32.87757288061488,-117.21832221490051,70.49069312775308,81,124,15,11
1483235295791,32.87758922175485,-117.21832299149511,70.5139212316571,81,124,15,11
1483235295936,32.8776054342975,-117.21832386163618,70.55661771657529,81,124,15,11
1483235296085,32.87766836822219,-117.2183285024502,70.65131521072921,82,124,15,11
1483235296174,32.877683655444955,-117.21832990235376,70.67737188213135,82,124,15,11
1483235296286,32.877698754966886,-117.2183313860786,70.70161056856553,82,124,15,11
1483235296378,32.8777136648709,-117.218332963854,70.71940327864723,83,124,15,11
1483235296499,32.877728394537165,-117.2183345918705,70.73653881464305,83,124,15,11
1483235296582,32.87774291821038,-117.21833630553489,70.7484302303128,83,124,15,11
1483235296740,32.87775725508917,-117.21833807852097,70.76154449856527,83,124,15,11
1483235296822,32.87777142347327,-117.21833988395187,70.78309060787217,83,124,15,11
1483235296906,32.87778538003832,-117.21834179055334,70.80205290132477,83,124,15,11
1483235296999,32.877799136811,-117.21834372747203,70.81778715742273,83,124,15,11
1483235297096,32.877812719696806,-117.21834574899076,70.84217585761621,84,124,15,11
1483235297178,32.8778261231628,-117.21834780835484,70.87041060486706,84,124,15,11
1483235297318,32.87783933791959,-117.2183498559831,70.89255323149236,84,124,15,11
1483235297461,32.877852362027724,-117.21835184778426,70.9080622287956,84,124,15,11
1483235297568,32.87786519865218,-117.2183538217558,70.91959102772394,84,124,15,11
1483235297651,32.87787786524674,-117.21835575976034,70.93414134739422,84,124,15,11
1483235297796,32.87789035961912,-117.2183576675569,70.95122793403593,85,124,15,11
1483235297875,32.87790269635588,-117.21835953454723,70.96798261557123,85,124,15,11
1483235298021,32.877914895057934,-117.2183613633502,70.98608643323442,85,124,15,11
1483235298117,32.87792697803187,-117.21836313287668,71.00328787961377,85,124,15,11
1483235298269,32.87793896277066,-117.21836482607934,71.02057401079308,85,124,15,11
1483235298359,32.87795086174031,-117.21836643255311,71.03805357812125,85,124,15,11
1483235298443,32.87796269192976,-117.21836791434166,71.05830735978769,85,124,15,11
1483235298519,32.87797445764627,-117.21836927385421,71.08159824545287,85,124,15,11
1483235298622,32.877986149607715,-117.2183705304878,71.10383562921388,85,124,15,11
1483235298705,32.87799776371806,-117.21837167439192,71.12236972111393,86,124,15,11
1483235298851,32.87800930791768,-117.21837271397233,71.14075609977581,86,124,15,11
1483235298932,32.87802078883028,-117.21837366675422,71.16239813183134,85,124,15,11
1483235299015,32.87803220291383,-117.21837451965159,71.18450828184997,86,124,15,11
1483235299105,32.878043550587485,-117.21837527110699,71.2050705656678,86,124,15,11
1483235299219,32.8780548332882,-117.21837594392932,71.22362103225348,86,124,15,11
1483235299304,32.87806604831274,-117.21837650970933,71.24042943964346,86,124,15,11
1483235299382,32.878077196539,-117.21837700230937,71.25405245798811,86,124,15,11
1483235299519,32.87808827952627,-117.21837745201499,71.268724165395,86,124,15,11
1483235299625,32.87809928616718,-117.2183778519487,71.28533487825185,86,124,15,11
1483235299708,32.87811021393249,-117.21837821646722,71.30072357371758,86,124,15,11
1483235299850,32.87812106803896,-117.2183785497703,71.3178669681161,86,124,15,11
1483235299933,32.87813182901852,-117.2183788313915,71.33320441520718,86,124,15,11
1483235300073,32.87814248852066,-117.2183790969153,71.35071413268591,86,124,15,11
1483235300170,32.878153022659575,-117.21837933147069,71.36782562367712,86,124,15,11
1483235300250,32.87816339961812,-117.21837962766884,71.38623707985337,86,124,15,11
1483235300400,32.878173617050706,-117.21837991091913,71.40124505086398,86,124,15,11
1483235300479,32.87818366599459,-117.21838014614842,71.4171373232877,86,124,15,11
1483235300560,32.878193537428636,-117.2183803711631,71.43486659759445,86,124,15,11
1483235300663,32.878203250404454,-117.21838058144233,71.4561682933297,86,124,15,11
1483235300757,32.87821278324244,-117.21838077552815,71.47925946898206,86,124,15,11
1483235300904,32.8782221372949,-117.21838095046807,71.50195887533965,86,124,15,11
1483235301026,32.87823131004927,-117.2183811244469,71.51852056008747,86,124,15,11
1483235301112,32.878240296028146,-117.2183812754728,71.53292753322475,86,124,15,11
1483235301275,32.87824907657395,-117.21838140094738,71.54349623929248,86,125,15,11
1483235301356,32.87825770544458,-117.21838154002515,71.55648722041033,86,125,15,11
1483235301437,32.87826615204954,-117.21838165246008,71.56862141770353,86,124,15,11
1483235301528,32.87827441880959,-117.21838172795682,71.59005334665068,86,124,15,11
1483235301606,32.87828247824296,-117.21838181655235,71.59898270795959,86,125,15,11
1483235301710,32.878290355370225,-117.21838189575243,71.60274476989464,86,125,15,11
1483235301793,32.878298062049105,-117.21838196341771,71.61388239146567,86,125,15,11
1483235301962,32.87832706158507,-117.2183821637905,71.67095348922399,86,125,15,11
1483235302115,32.87833384658957,-117.21838220418009,71.6835138404838,86,125,15,11
1483235302205,32.87834044574871,-117.21838224246791,71.69615433460186,86,125,15,11
1483235302287,32.87834684722526,-117.21838226552336,71.70871198440187,86,125,15,11
1483235302376,32.87835304348128,-117.21838227886941,71.7215062560209,85,125,15,11
1483235302497,32.87835903238141,-117.21838230095943,71.73609635926007,85,125,15,11
1483235302581,32.878364791011,-117.21838230269061,71.74797737731264,85,125,15,11
1483235302734,32.87837030166417,-117.21838229082977,71.76044521675432,86,125,15,11
1483235302817,32.87837555809835,-117.21838228388204,71.77370562841087,86,125,15,11
1483235302899,32.87838058105685,-117.2183822879594,71.78621169526619,86,125,15,11
1483235302992,32.87838537986753,-117.21838227845629,71.795378310997,85,125,15,11
1483235303150,32.87838996609906,-117.21838225194826,71.8059059235371,85,125,15,11
