1631837422494,32.850130878978575,-117.07392584594082,188.62874986613065,21,49,15,11
1631837422707,32.85004661290337,-117.07403427497167,188.0499063848992,20,47,15,11
1631837422842,32.850025563694736,-117.07406139643446,187.9043592543007,20,47,15,11
1631837423050,32.85000450138708,-117.07408858966683,187.76948326879892,20,46,15,11
1631837423163,32.849983427027,-117.07411577125826,187.63641071016636,19,46,15,11
1631837423398,32.849899106073956,-117.07422451789364,187.06225043213038,19,45,15,11
1631837423479,32.84987805572921,-117.07425176829834,186.90948017961503,20,45,15,11
1631837423615,32.84985703457823,-117.07427903170027,186.7412754854072,19,45,15,11
1631837423821,32.8498360183684,-117.07430629537005,186.5823951668697,19,45,15,11
1631837423990,32.84981499989138,-117.07433354440514,186.43251050673751,19,44,15,11
1631837424104,32.84979397930903,-117.0743608395671,186.30530398106714,18,44,15,11
1631837424214,32.84977294735353,-117.07438814903055,186.18664226965288,18,43,15,11
1631837424403,32.84968891086414,-117.07449692069719,185.60274077145291,18,42,15,11
1631837424482,32.84966790346462,-117.07452408526683,185.46459059921193,18,42,15,11
1631837424716,32.8496469649094,-117.07455114968917,185.29849749630853,18,42,15,11
1631837424829,32.84962608995795,-117.07457806372356,185.12011486821024,18,42,15,11
1631837425009,32.849563572132126,-117.07465854109435,184.73807626812817,19,43,15,11
1631837425147,32.84954269641381,-117.07468520213287,184.63046486324194,19,43,15,11
1631837425237,32.8495218880444,-117.07471171080165,184.49038375986675,19,43,15,11
1631837425390,32.84950113644818,-117.07473815918503,184.3388776773278,19,43,15,11
1631837425500,32.84948049133928,-117.07476456973015,184.18679917681195,19,43,15,11
1631837425582,32.8494599273337,-117.07479096716592,184.04026963733455,19,43,15,11
1631837425899,32.84937806082327,-117.07489602457088,183.46847514004,21,45,15,11
1631837426012,32.84935767307045,-117.07492210394304,183.30737983744365,21,46,15,11
1631837426146,32.8493373138239,-117.07494813518053,183.15212077373977,21,46,15,11
1631837426282,32.849316944194335,-117.07497415968125,183.00226053047405,21,46,15,11
1631837426394,32.84929661946107,-117.07500014029762,182.86883224984604,21,46,15,11
1631837426510,32.84927625365346,-117.07502615768401,182.73775094340743,22,47,15,11
1631837426591,32.84925596889453,-117.07505206028189,182.568251350257,22,47,15,11
1631837426943,32.84917476915987,-117.07515551545934,181.98669562190815,23,49,15,11
1631837427060,32.849154442426,-117.07518127271742,181.85515753749812,23,49,15,11
1631837427194,32.8491340886464,-117.075207049131,181.7338139415056,23,50,15,11
1631837427286,32.849113740324526,-117.07523278074663,181.592972469007,23,50,15,11
1631837427434,32.84909340652943,-117.07525841265898,181.44115608046286,23,50,15,11
1631837427550,32.849072972075774,-117.07528412902778,181.30765308642953,22,49,15,11
1631837427631,32.8490525830534,-117.07530982060585,181.2037998417151,22,49,15,11
1631837427826,32.84899138073368,-117.07538670384497,180.82231695753583,22,49,15,11
1631837427975,32.84897095138785,-117.07541219739916,180.68117652652157,21,49,15,11
1631837428093,32.848950365704056,-117.07543785064311,180.57422009870217,21,49,15,11
1631837428227,32.84892983377922,-117.07546340764917,180.4874966163775,21,49,15,11
1631837428356,32.848909283917486,-117.07548890264528,180.38022278642805,22,49,15,11
1631837428468,32.848888726188726,-117.0755143202451,180.2519448388984,22,49,15,11
1631837428578,32.84886815817022,-117.07553977897663,180.12156018198755,21,49,15,11
1631837428808,32.84878617844571,-117.07564208459847,179.5742857440168,21,48,15,11
1631837429009,32.84876578276021,-117.07566765277825,179.43093519197063,21,48,15,11
1631837429169,32.848704694569506,-117.07574430075135,179.001967344718,20,48,15,11
1631837429324,32.848684463737925,-117.07576972173682,178.87654411188282,20,48,15,11
1631837429437,32.848664355028475,-117.07579506694397,178.72377353258565,20,46,15,11
1631837429517,32.84864428741071,-117.07582034275698,178.57774700353727,20,46,15,11
1631837429690,32.84862425616642,-117.07584548362874,178.4358275192399,19,46,15,11
1631837429802,32.848604321625174,-117.07587053778127,178.28875196722998,19,45,15,11
1631837430109,32.84852524194227,-117.07597029522358,177.7787694850943,19,44,15,11
1631837430242,32.848505680501795,-117.07599501780292,177.6297683325302,18,44,15,11
1631837430354,32.84848618403973,-117.07601967680309,177.48253586981426,18,43,15,11
1631837430465,32.84846673146817,-117.07604426565909,177.34311336741473,18,43,15,11
1631837430544,32.84844732101376,-117.07606879947404,177.21040912606324,18,42,15,11
1631837430771,32.848427916599995,-117.07609323220463,177.08819701594797,18,42,15,11
1631837430912,32.848369829522575,-117.0761660682046,176.70930607719603,18,41,15,11
1631837431025,32.848350521015035,-117.07619021460629,176.57104614233634,17,41,15,11
1631837431156,32.848331226495176,-117.07621435019068,176.42757569812125,17,40,15,11
1631837431248,32.84831196443157,-117.07623848507973,176.28301212723926,17,40,15,11
1631837431404,32.848292706987806,-117.07626264625901,176.15927891903897,17,40,15,11
1631837431515,32.84827347585688,-117.07628678471612,176.03050579695554,17,40,15,11
1631837431594,32.84825426540791,-117.07631090899795,175.89831796035992,17,40,15,11
1631837431901,32.84817737879301,-117.07640735747364,175.43759227977796,19,41,15,11
1631837432019,32.848158119599226,-117.0764314764717,175.3208822473702,19,41,15,11
1631837432152,32.84813882207103,-117.07645559669348,175.2091707744525,19,42,15,11
1631837432245,32.84811950968256,-117.07647971644042,175.08580229771252,19,42,15,11
1631837432398,32.84810018111663,-117.07650385536105,174.95458602710912,19,42,15,11
1631837432509,32.84808085868249,-117.07652803402492,174.82331538656567,19,42,15,11
1631837432595,32.84806151127468,-117.07655223059429,174.68150558629284,19,41,15,11
1631837432942,32.84798403288951,-117.07664930320973,174.14242549974566,19,42,15,11
