1631986339151,32.876192033906506,-117.23033369289666,63.824769867159894,31,73,13,11
1631986339310,32.8761888594124,-117.23030754541735,63.813287817343415,32,72,13,11
1631986339403,32.876187867461944,-117.23029921674296,63.80987755975883,32,73,13,11
1631986339553,32.87618691568434,-117.23029109561746,63.814157133159085,32,72,13,11
1631986339667,32.876185986897035,-117.23028316758328,63.82311914437111,32,71,13,11
1631986339768,32.87618506896156,-117.2302754626397,63.82946864490282,32,71,13,11
1631986339932,32.87618418049404,-117.230267986613,63.83185731654327,32,71,13,11
1631986340242,32.876181038142406,-117.23024020536187,63.843740726675655,33,71,14,11
1631986340366,32.87618032797215,-117.23023379273515,63.8476147099888,34,71,14,11
1631986340458,32.87617965908132,-117.23022757210342,63.85192811126641,34,71,14,11
1631986340611,32.87617901774335,-117.23022154399581,63.855448957036685,34,71,14,11
1631986340721,32.87617838325851,-117.23021570110122,63.86060298104662,34,70,14,11
1631986340822,32.87617778266734,-117.23021001808216,63.86543165456198,34,70,14,11
1631986340969,32.87617722857726,-117.23020448937586,63.86785991263005,34,70,14,11
1631986341089,32.87617566678591,-117.23018880251483,63.877774748932595,34,70,14,11
1631986341241,32.876175187306174,-117.2301838561488,63.881117754125384,34,70,13,11
1631986341355,32.876174726779624,-117.23017903768408,63.882507577982416,35,70,13,11
1631986341470,32.87617430044101,-117.23017434674637,63.8837054393137,35,70,13,11
1631986341563,32.87617389143181,-117.23016978041328,63.88605208411667,36,70,13,11
1631986341708,32.87617347173777,-117.23016535939124,63.89100037061496,35,70,13,11
1631986341813,32.87617306200626,-117.23016104297193,63.8959761230347,35,70,13,11
1631986341982,32.87617268815293,-117.2301568198389,63.90088116896449,35,69,13,11
1631986342292,32.8761712931081,-117.23014093380999,63.92686295118163,33,67,13,11
1631986342403,32.87617099532581,-117.23013715761218,63.92855122133917,33,68,13,11
1631986342517,32.87617065202753,-117.23013351543355,63.93348368443427,33,68,13,11
1631986342608,32.87617026871144,-117.23012993752988,63.94122547225198,32,67,13,11
1631986342759,32.8761699586669,-117.23012643985957,63.94912473309527,31,66,13,11
1631986342860,32.87616970805536,-117.23012299899335,63.958616375763675,30,66,13,11
1631986343005,32.87616944688895,-117.23011962186413,63.96688881582194,30,65,13,11
1631986343240,32.876168462365456,-117.23010686710089,63.99821348523249,28,63,13,11
1631986343386,32.87616822351237,-117.23010400735737,64.00232858231239,28,63,13,11
1631986343511,32.87616801424673,-117.23010129525433,64.00962504235302,28,63,13,11
1631986343602,32.87616780723551,-117.23009872902789,64.01514003043927,28,63,13,11
1631986343754,32.8761676370177,-117.23009632132806,64.01922410868048,29,63,13,11
1631986343854,32.87616749367596,-117.2300940692992,64.02363280229297,29,64,13,11
1631986344138,32.8761670008292,-117.23008681321795,64.03745797469301,30,64,13,11
1631986344272,32.87616691243379,-117.230085433009,64.03960279436714,31,65,13,11
1631986344443,32.87616684236427,-117.23008422666219,64.04073504010597,31,65,13,11
1631986344571,32.87616678442958,-117.23008318040722,64.0409808342603,31,65,13,11
1631986344685,32.876166720413096,-117.23008230075048,64.04367782808288,31,65,13,11
1631986344777,32.87616666761229,-117.2300815605116,64.0444622460553,32,65,13,11
1631986345012,32.87616645067332,-117.23007899699445,64.05051132110611,32,66,13,11
1631986345144,32.876166387036974,-117.23007831984005,64.05231479972385,32,66,13,11
1631986345309,32.8761663461731,-117.2300775919319,64.05428463641077,32,66,13,11
1631986345481,32.87616626866676,-117.23007675973506,64.05532754953707,32,66,13,11
1631986345595,32.87616619920335,-117.23007578492593,64.05560747003057,32,67,13,11
1631986345763,32.87616572633771,-117.23006943595463,64.06376790116724,33,68,13,11
1631986345911,32.87616556127583,-117.23006712131075,64.06480779279275,33,68,13,11
1631986346085,32.876165411264736,-117.23006449056024,64.06672449609863,34,68,13,11
1631986346217,32.87616525487553,-117.23006156262636,64.0692569784666,34,68,13,11
1631986346508,32.876164686758585,-117.23004699101999,64.10565442398611,35,69,13,11
1631986346599,32.876164582499975,-117.23004268691737,64.11769596815755,35,69,13,11
1631986346748,32.876164540717156,-117.2300381320313,64.13222761190913,35,70,13,11
1631986346896,32.87616459700094,-117.23003335215064,64.14367151999907,35,69,13,11
1631986347009,32.876164785826646,-117.23002833923101,64.15621940797111,35,69,13,11
1631986347128,32.876165125948525,-117.23002311257802,64.16801219898443,36,70,13,11
1631986347312,32.876167107245436,-117.23000628957544,64.208133938852,37,71,13,11
1631986347424,32.87616812734991,-117.23000036090836,64.22356938715343,38,71,13,11
1631986347542,32.87616933074347,-117.22999427176573,64.2410124857427,38,71,13,11
1631986347633,32.876170746613255,-117.22998805388058,64.25813346310835,39,72,13,11
1631986347789,32.87617238269332,-117.22998174252035,64.27244505549233,39,72,13,11
1631986347936,32.87617426269035,-117.22997533904218,64.29221140107043,40,73,13,11
1631986348233,32.87618400955279,-117.2299492489639,64.34142344186041,40,73,13,11
1631986348378,32.87618702150196,-117.22994269157232,64.35114895375474,40,73,13,11
1631986348498,32.876190250150714,-117.22993610003736,64.36426821383272,40,73,13,11
1631986348610,32.87619374702874,-117.22992958935308,64.37018174527071,40,73,13,11
1631986348700,32.87619753100605,-117.2299231671978,64.37784905633873,41,74,13,11
1631986348834,32.8762015464026,-117.22991682498969,64.38628053047346,40,74,12,11
1631986348995,32.876205775003164,-117.22991054813326,64.38487960309412,40,74,12,11
1631986349231,32.87622552607073,-117.22988710040576,64.38761589684876,40,73,11,11
