4925064709140,33.13196278890553,-117.121605987409,185.88542155318558,79,121,15,11
4925064709269,33.13196265191046,-117.12160607165086,185.88418813167448,79,121,15,11
4925064709368,33.13196244888272,-117.12160618665081,185.88305113691564,79,121,15,11
4925064709578,33.13196219233076,-117.12160634535753,185.88202408162277,79,121,15,11
4925064709659,33.13196186744858,-117.12160654012101,185.88064210657845,79,121,15,11
4925064709742,33.131961494468015,-117.12160676558356,185.87918823268134,78,120,15,11
4925064709821,33.13196105483843,-117.12160703035215,185.87779230258056,78,121,15,11
4925064709915,33.13196055010368,-117.12160734028272,185.8754239059817,78,121,15,11
4925064710118,33.13195996410568,-117.12160768954448,185.87285293727885,78,121,15,11
4925064710199,33.131959288705616,-117.12160809569744,185.87015239799425,78,121,15,11
4925064710280,33.131958509396256,-117.12160856553223,185.86780661569625,78,121,15,11
4925064710376,33.131957630020686,-117.121609093152,185.86452156058488,78,120,15,11
4925064710481,33.13195664101975,-117.12160968626856,185.861460037757,78,120,15,11
4925064710564,33.13195554178877,-117.12161035686717,185.8585316794835,78,120,15,11
4925064710644,33.13195433363372,-117.1216110852747,185.85536401047926,78,120,15,11
4925064710793,33.131953012947996,-117.12161187277013,185.85048226387522,78,120,15,11
4925064710873,33.13195158599854,-117.12161273092987,185.84571393011754,78,120,15,11
4925064710967,33.13195004193016,-117.12161365001091,185.8409986412588,78,120,15,11
4925064711096,33.131948387295346,-117.12161463858995,185.83601658677858,78,120,15,11
4925064711190,33.1319466348365,-117.12161567938163,185.8300014852938,78,120,15,11
4925064711282,33.13194475752907,-117.12161679396122,185.82474377120002,78,120,15,11
4925064711363,33.13194276374273,-117.12161798216381,185.8183419468985,78,120,15,11
4925064711466,33.131940648397475,-117.12161924065325,185.8099785554978,78,120,15,11
4925064711556,33.13193840925167,-117.12162057738406,185.80199694689153,78,120,15,11
4925064711697,33.131936046531216,-117.12162198252746,185.792731956644,79,120,15,11
4925064711778,33.1319335600875,-117.12162345821048,185.78357997883103,79,120,15,11
4925064711856,33.13193095759462,-117.12162500371181,185.77343612426907,79,121,15,11
4925064711949,33.131928234818034,-117.12162662151933,185.76227298997145,79,121,15,11
4925064712156,33.13192539502676,-117.12162831508897,185.75244540107656,80,121,15,11
4925064712237,33.131922448892546,-117.12163007395006,185.74100578963163,80,121,15,11
4925064712320,33.13191939878909,-117.12163189126119,185.72862553404858,80,121,15,11
4925064712410,33.13191623442652,-117.12163376979473,185.71728850222888,80,121,15,11
4925064712521,33.131912959740575,-117.1216357177548,185.70518539346548,80,121,15,11
4925064712604,33.13190956971823,-117.1216377362304,185.69253818894478,81,121,15,11
4925064712742,33.131906058509315,-117.12163982922283,185.67965546851647,81,121,15,11
4925064712825,33.131902416846295,-117.12164200382905,185.66654375904648,81,121,15,11
4925064712897,33.131898645042796,-117.12164425075908,185.65107344996707,81,121,15,11
4925064712995,33.13189474671099,-117.12164656214442,185.63590230831463,82,121,15,11
4925064713133,33.13189071061387,-117.1216489511753,185.62195137789735,82,121,15,11
4925064713224,33.13188657786131,-117.12165140030876,185.6029868121047,82,121,15,11
4925064713318,33.131882315073746,-117.12165391358435,185.58729205761045,82,121,15,11
4925064713416,33.131877903357626,-117.12165649558017,185.57136961953597,82,121,15,11
4925064713521,33.13187338186601,-117.12165914913396,185.54540333551947,83,121,15,11
4925064713661,33.13186873887689,-117.12166190808588,185.51723927312048,83,121,15,11
4925064713746,33.13186396028529,-117.12166473348627,185.49197328226114,83,121,15,11
4925064713826,33.13185904130947,-117.12166761429731,185.47497295821654,83,121,15,11
4925064713905,33.13185400044992,-117.1216705376727,185.4506564325793,84,121,15,11
4925064713998,33.13184885365244,-117.12167355284667,185.42284954110886,84,121,15,11
4925064714201,33.13184359255362,-117.12167665050681,185.3944824063743,84,121,15,11
4925064714280,33.131838200127916,-117.12167979383534,185.36726166608108,84,121,15,11
4925064714361,33.131832679266765,-117.12168298191581,185.34070886478315,84,121,15,11
4925064714460,33.13182703491496,-117.12168622207233,185.31038368578018,84,121,15,11
4925064714623,33.13182125785755,-117.12168951652198,185.27816648445418,85,121,15,11
4925064714715,33.13181535255855,-117.12169287492866,185.24368264953924,84,121,15,11
4925064714794,33.13180930845035,-117.12169631615907,185.21223847820013,85,121,15,11
4925064714875,33.13180312673009,-117.12169979400012,185.17965663285835,85,121,15,11
4925064714956,33.13179680801206,-117.12170334520134,185.1467460609225,85,121,15,11
4925064715047,33.13179034926029,-117.12170696507565,185.11440115449778,85,121,15,11
4925064715178,33.131783746204896,-117.12171062495109,185.08102210672416,85,122,15,11
4925064715268,33.13177697938847,-117.12171433354042,185.05137908230398,85,121,15,11
4925064715352,33.1317700855037,-117.12171808214828,185.01945232155302,85,121,15,11
4925064715465,33.13176305990813,-117.12172188321762,184.9881407622764,86,122,15,11
4925064715564,33.1317559061254,-117.12172576986997,184.9541756371272,86,122,15,11
4925064715715,33.131748641597596,-117.12172972097578,184.913490062469,86,122,15,11
4925064715796,33.131741240616066,-117.1217337455985,184.87690299069774,86,122,15,11
4925064715888,33.13173369961292,-117.12173783758782,184.8402403984198,86,122,15,11
4925064716042,33.131702405968674,-117.12175495985818,184.6634604898376,86,122,15,11
4925064716144,33.131694278959074,-117.12175941865821,184.62145140500533,86,122,15,11
4925064716242,33.131686052999115,-117.12176400277478,184.57941546675426,86,122,15,11
4925064716409,33.131677716333634,-117.12176867747948,184.53882271753514,86,122,15,11
4925064716492,33.131669279705406,-117.12177340998267,184.49638306820435,86,122,15,11
4925064716571,33.131660757191696,-117.12177820921093,184.4511998345456,86,122,15,11
4925064716652,33.13165215536042,-117.12178308252936,184.4038859164718,86,122,15,11
4925064716746,33.131643457045136,-117.12178801750264,184.35910727021135,86,122,15,11
4925064716851,33.13163466951755,-117.12179298480375,184.31263258873068,86,122,15,11
4925064716998,33.13162578917185,-117.12179798413067,184.26680704621427,86,122,15,11
4925064717077,33.13161679209028,-117.1218029851305,184.22065029065863,86,122,15,11
4925064717160,33.131607698471335,-117.12180800439958,184.17286491045073,86,122,15,11
4925064717264,33.13159852068253,-117.12181307838867,184.12020755215175,86,122,15,11
4925064717369,33.13158924704195,-117.12181816787668,184.06422642861696,86,122,15,11
4925064717527,33.13157988649675,-117.12182330828763,184.0082227137754,86,122,15,11
4925064717608,33.13157044767678,-117.12182842743142,183.9483470898008,86,122,15,11
4925064717689,33.13156094461573,-117.12183352813379,183.88425436072643,86,122,15,11
4925064717770,33.13155137160246,-117.1218386092935,183.82151701401207,86,122,15,11
4925064717861,33.13154170245464,-117.12184366126694,183.76256939318745,86,122,15,11
4925064718062,33.13153195348854,-117.12184867531748,183.7094135357978,86,122,15,11
4925064718139,33.13152212812401,-117.12185364572392,183.6572263517472,86,122,15,11
4925064718222,33.13151224096113,-117.12185858389392,183.60173302910337,86,122,15,11
4925064718314,33.13150226205224,-117.12186348937763,183.55380847364626,86,122,15,11
4925064718415,33.13149225845347,-117.12186842738258,183.50360848277643,86,122,15,11
4925064718570,33.13148225498418,-117.12187338962468,183.45188830981536,86,122,15,11
4925064718651,33.13147218668544,-117.12187827396492,183.40052458753533,86,122,15,11
4925064718730,33.131462125765985,-117.12188323362908,183.3538206397928,85,122,15,11
4925064718813,33.131452089311786,-117.12188825091273,183.31040465735254,85,122,15,11
4925064718904,33.131442099805724,-117.12189323237315,183.25164711277876,85,122,15,11
4925064719044,33.13143214468229,-117.12189823150236,183.19114623205576,84,122,15,11
4925064719134,33.13142217143213,-117.1219032224515,183.13659850921107,84,122,15,11
4925064719215,33.13141217322279,-117.12190829000934,183.09726599514752,84,122,15,11
