1613868285004,32.7220115650189,-117.16106071312291,1.7742188460427426,75,137,8,11
1613868285157,32.7220088563483,-117.16105575093346,1.7788370031206644,76,138,8,11
1613868285292,32.72200628058643,-117.16105070794198,1.7912378476197315,77,139,8,11
1613868285466,32.721997596514505,-117.16102951962895,1.84267478966703,80,144,8,11
1613868285619,32.72199573859369,-117.16102399012229,1.863002292291159,81,146,8,11
1613868285768,32.721994023765035,-117.1610183536689,1.8849859630585497,82,147,8,11
1613868285882,32.72199244687841,-117.16101262483177,1.9061551850334846,83,148,8,11
1613868285995,32.72199093274806,-117.1610068709449,1.9338828440842433,85,150,8,11
1613868286151,32.72198954011467,-117.16100105440724,1.9557183600422525,85,151,8,11
1613868286286,32.7219882373331,-117.16099518002446,1.9783106124616892,87,153,8,11
1613868286503,32.721984023368165,-117.16097124875682,2.0714667297844582,91,158,7,11
1613868286616,32.72198321193207,-117.16096524107071,2.099852449202937,90,159,7,11
1613868286820,32.721982456233256,-117.16095923664311,2.12656239976361,89,159,6,11
1613868286933,32.7219817248784,-117.16095316198638,2.149189398373218,89,160,6,11
1613868287055,32.721981043394756,-117.16094698297263,2.169301858012249,91,162,6,11
1613868287206,32.72197932113864,-117.16092825940326,2.2481661471709375,95,166,6,11
1613868287319,32.72197881024784,-117.16092197610321,2.2736848367504368,96,167,6,11
1613868287434,32.721978307415384,-117.16091568079068,2.300306857731827,97,169,6,11
1613868287528,32.72197783747004,-117.16090935854685,2.3264264804614667,98,170,6,11
1613868287674,32.72197740593628,-117.16090319818767,2.3589219176147287,98,172,6,11
1613868287824,32.72197695450028,-117.16089679398834,2.382086274457923,99,173,6,11
1613868287937,32.721976522894835,-117.16089041286536,2.407143561843183,100,174,6,11
1613868288049,32.72197621569553,-117.16088413544598,2.4332597059611625,100,176,6,11
1613868288214,32.72197527402978,-117.16086535269066,2.520536236375019,103,181,8,11
1613868288337,32.72197506101573,-117.16085908357111,2.5394691882130997,104,182,8,11
1613868288447,32.721974875358285,-117.16085294068333,2.5632269650082815,102,183,8,11
1613868288528,32.72197469990529,-117.16084689635883,2.5888617414073174,99,183,8,11
1613868288694,32.72197460543289,-117.1608408772898,2.6199917065753917,97,183,8,11
1613868288877,32.721974174102094,-117.16083490010685,2.6450762219988424,96,183,8,11
1613868289113,32.72197326626008,-117.16081126410114,2.7528846503502447,93,185,8,11
1613868289227,32.72197303339234,-117.16080543356406,2.7777247565457186,93,186,8,11
1613868289308,32.72197280622173,-117.16079967652209,2.8051477381545995,94,188,8,11
1613868289462,32.72197260786192,-117.16079401345837,2.830808775370907,94,189,8,11
1613868289543,32.72197236092789,-117.16078852445379,2.851342350376349,94,190,8,11
1613868289709,32.721972085666096,-117.16078314065103,2.8772079991819908,94,190,7,11
1613868289835,32.72197190234318,-117.1607777901089,2.9026464045278573,94,191,7,11
1613868289947,32.72197169952831,-117.16077261171475,2.918368709250669,94,192,7,11
1613868290080,32.72197112214437,-117.16075782926877,2.9863828373535073,94,193,7,11
1613868290201,32.72197091357794,-117.16075316448996,3.0118562568690117,93,193,7,11
1613868290351,32.72197069044043,-117.16074866960349,3.033667192493099,91,193,7,11
1613868290482,32.721970529867235,-117.16074422111168,3.0460212539150424,93,194,8,11
1613868290579,32.72197036518912,-117.16073992961685,3.064402442707957,94,196,8,11
1613868290925,32.72196975174961,-117.16072407315995,3.137691714291707,102,204,8,11
1613868291052,32.72196960375775,-117.1607204149523,3.1524611137539993,104,206,7,11
1613868291286,32.72196947341373,-117.160716862482,3.166480440431724,106,208,7,11
1613868291559,32.721968954466035,-117.16070434164419,3.2674094535478133,107,210,6,11
1613868291707,32.721968792928436,-117.16070167310355,3.304566126669107,106,210,6,11
1613868291861,32.721968660174376,-117.16069914885406,3.343501112969685,104,209,6,11
1613868292104,32.721968225441586,-117.16069005729729,3.476375721212708,97,203,6,11
1613868292222,32.72196813691665,-117.16068802365349,3.5086970259171606,95,201,6,11
1613868292385,32.72196806834186,-117.16068606832178,3.5445291902341736,92,199,6,11
1613868292498,32.72196798893067,-117.16068420437936,3.570862320426414,91,197,6,11
1613868292634,32.72196790267456,-117.16068243485286,3.590890203485732,91,197,6,11
1613868292756,32.72196785423403,-117.16068075830722,3.6198513195464357,89,195,6,11
1613868292930,32.72196784074202,-117.16067918706511,3.6522708254342917,86,191,6,11
1613868293117,32.721967744024155,-117.16067405148077,3.7372806709119684,79,180,6,11
1613868293198,32.72196771026214,-117.1606730336704,3.7547479443729164,78,178,6,11
1613868293389,32.72196768829981,-117.16067209824482,3.7711253409991605,77,176,6,11
1613868293500,32.72196764527856,-117.16067126051766,3.7822848720450586,77,175,6,11
1613868293581,32.721967609792515,-117.16067050295746,3.793410915817332,77,174,6,11
1613868293753,32.72196756335474,-117.16066982171179,3.803656126722463,77,174,6,11
1613868293954,32.7219673254386,-117.16066838133722,3.8192522766483843,83,177,7,11
1613868294154,32.72196725202168,-117.16066807749046,3.823184185373042,85,179,7,11
1613868294355,32.72196710254023,-117.16066757947094,3.831886058921632,90,182,7,11
1613868294508,32.72196708245527,-117.16066745044505,3.834645863268526,91,183,7,11
1613868294644,32.72196711392341,-117.16066730393808,3.8387730767423776,91,183,7,11
1613868294939,32.72196721574117,-117.16066689166938,3.851930650081576,91,184,7,11
1613868295038,32.72196730917727,-117.16066663625162,3.869361978889036,88,182,7,11
1613868295217,32.72196750275485,-117.16066633775496,3.8819172605680206,85,180,7,11
