1613870434021,32.740129097757666,-117.17892225100775,-2.1570128488668074,43,84,11,11
1613870434186,32.74015200414025,-117.17894258233353,-2.18178035379867,43,84,11,11
1613870434309,32.74017488784248,-117.17896289118332,-2.202001545276177,43,85,11,11
1613870434425,32.74019788752528,-117.17898331355667,-2.217771706027957,43,85,11,11
1613870434539,32.740220761252495,-117.17900365865269,-2.227987815355421,44,85,11,11
1613870434618,32.7402436275412,-117.1790239818648,-2.2392702114916267,44,86,11,11
1613870434783,32.740266509573196,-117.17904432731292,-2.2492967026649224,44,86,11,11
1613870435016,32.74035802781864,-117.17912576056,-2.3054815428728426,44,86,10,11
1613870435184,32.74038085872733,-117.17914613287525,-2.322999524971179,44,86,10,11
1613870435297,32.7404036754897,-117.1791665015554,-2.3428553668999794,43,85,10,11
1613870435415,32.74042646933858,-117.17918691906628,-2.36870793743018,42,84,10,11
1613870435528,32.74044923168155,-117.17920735910786,-2.3959073387241903,41,82,10,11
1613870435607,32.740472079056985,-117.17922796737119,-2.4242041639436636,41,81,10,11
1613870435774,32.74049478810318,-117.17924851915448,-2.453127533725875,40,81,10,11
1613870435903,32.740517470002565,-117.17926913379743,-2.482014427246725,40,80,10,11
1613870436005,32.740585300277544,-117.17933144763039,-2.5535110600247934,40,80,10,11
1613870436231,32.74060794364744,-117.17935246790182,-2.5726644076402123,39,79,10,11
1613870436345,32.740630426499905,-117.17937346854306,-2.5878378527460004,39,79,10,11
1613870436460,32.74065285050051,-117.17939456851911,-2.602373054917834,39,79,10,11
1613870436574,32.740675201945386,-117.1794157915384,-2.6090370526386986,40,79,10,11
1613870436687,32.74069747754635,-117.17943715595618,-2.617925540562479,40,79,10,11
1613870436821,32.740719705760085,-117.17945861911032,-2.6279897609734206,39,79,10,11
1613870437021,32.740807654926265,-117.1795459081985,-2.6810118148064683,39,77,11,11
1613870437196,32.74082941280056,-117.17956810260877,-2.703295915692631,39,76,11,11
1613870437353,32.74085107577743,-117.1795904590581,-2.727043440250157,39,75,11,11
1613870437466,32.74087263950324,-117.17961297787332,-2.7563911887958494,39,75,11,11
1613870437582,32.74089411366964,-117.17963565299098,-2.788475563855648,40,75,11,11
1613870437661,32.74091548954588,-117.17965848624225,-2.818868086115355,40,75,11,11
1613870437826,32.74093677170214,-117.17968145556652,-2.8550891292426326,41,75,11,11
1613870438029,32.741021082257326,-117.17977464298392,-2.9805899940801948,42,75,11,11
1613870438178,32.74104196564233,-117.17979825803184,-3.0132888592089873,43,75,11,11
1613870438326,32.7410627612606,-117.1798219992339,-3.0486362637381794,43,76,11,11
1613870438437,32.74108346671861,-117.17984586828706,-3.081617702185727,44,76,11,11
1613870438553,32.74110408145672,-117.17986987924837,-3.11613795916932,44,76,11,11
1613870438681,32.74112459812931,-117.17989403296946,-3.1508948885211527,45,76,11,11
1613870438820,32.74118553444439,-117.1799673207416,-3.2519966795959774,47,76,11,11
1613870438909,32.74120566487148,-117.17999200440708,-3.2800799681169335,47,77,11,11
1613870439142,32.74122570018791,-117.18001682757613,-3.3051464512680013,47,77,11,11
1613870439419,32.741304832806335,-117.18011749711158,-3.4165653105702094,47,76,11,11
1613870439498,32.741324353571045,-117.18014301282425,-3.446622794269014,47,75,11,11
1613870439675,32.741343762481996,-117.18016867403549,-3.479331955931818,47,75,11,11
1613870439789,32.741363064518026,-117.1801944671843,-3.513741584481673,46,74,11,11
1613870439902,32.741382266208056,-117.18022039553205,-3.544134425726939,46,74,11,11
1613870440026,32.74140134274354,-117.18024647808471,-3.5716441489389985,46,74,11,11
1613870440198,32.7414203233618,-117.18027269373388,-3.5946690638614243,45,73,11,11
1613870440339,32.74143917290517,-117.18029905413572,-3.6213203926792352,45,73,11,11
1613870440538,32.741513394125725,-117.18040595640464,-3.732973578265698,45,72,11,11
1613870440649,32.741531677377914,-117.180433005039,-3.762352994711604,45,72,11,11
1613870440780,32.7415498356481,-117.18046019098111,-3.792792977647893,45,72,11,11
1613870440936,32.741567899812445,-117.18048750734896,-3.8170955520912475,45,72,11,11
1613870441110,32.74162138602687,-117.18057019777872,-3.9080748387963853,45,71,11,11
1613870441222,32.74163895984569,-117.18059804028823,-3.934948220944665,45,71,11,11
1613870441337,32.74165642581909,-117.18062599506062,-3.959875071810233,45,71,11,11
1613870441452,32.74167376835286,-117.180654098974,-3.9820905730175036,46,71,11,11
1613870441538,32.74169097997313,-117.18068233511774,-4.010689239329298,46,72,11,11
1613870441716,32.741708082038954,-117.18071067067952,-4.042893788419947,46,72,11,11
1613870441830,32.741725057275836,-117.18073913030173,-4.074516238385106,46,72,11,11
1613870441942,32.74174190758219,-117.18076771791648,-4.103791494883223,47,72,11,11
1613870442072,32.74179177617483,-117.18085417873257,-4.175767187557101,47,73,11,11
1613870442220,32.74180815898275,-117.18088322992395,-4.204576515743843,48,73,11,11
1613870442356,32.74182442431488,-117.18091239302922,-4.233268752477848,48,73,11,11
1613870442472,32.74184056032739,-117.18094168509514,-4.262338024929984,48,74,11,11
1613870442606,32.74185658120308,-117.18097110371396,-4.290700264133723,49,74,11,11
1613870442732,32.741872483822114,-117.18100061327135,-4.327245077892243,49,74,11,11
1613870442846,32.7418882657125,-117.18103024772357,-4.363500466649697,50,75,11,11
1613870443014,32.741934917438336,-117.18111975655283,-4.466690551514528,50,75,11,11
1613870443176,32.741950226459124,-117.18114982956604,-4.504974359948415,50,76,11,11
1613870443291,32.7419654276106,-117.18118000500421,-4.5445723738903085,51,76,11,11
1613870443405,32.7419805300218,-117.18121027463313,-4.584864191536762,51,76,11,11
1613870443521,32.741995573480104,-117.18124057439096,-4.6279456204429765,51,76,11,11
1613870443600,32.74201060473753,-117.18127091614137,-4.663585804221691,50,76,11,11
1613870443817,32.742055448154055,-117.18136228418695,-4.793093953488515,49,76,11,11
1613870443941,32.742070482895,-117.18139300738565,-4.844957755312725,48,76,11,11
1613870444180,32.7420853569455,-117.18142355609353,-4.893803113017931,47,76,11,11
