1621184244432,32.88010733734119,-117.23537450921623,76.68522605605087,28,58,11,11
1621184244553,32.880107334117916,-117.23537451340705,76.68164157425115,28,58,11,11
1621184244712,32.88010733930102,-117.23537452881567,76.67748869981605,28,58,11,11
1621184244965,32.88010733343167,-117.23537453826785,76.66250349366393,28,57,11,11
1621184245079,32.880107335822586,-117.23537454085061,76.65916302489148,28,57,11,11
1621184245212,32.88010733826342,-117.23537452062676,76.65666966086926,28,57,11,11
1621184245378,32.8801073504586,-117.23537451130751,76.65396973522523,28,57,11,11
1621184245459,32.88010735278236,-117.23537449661518,76.65164650036405,28,57,11,11
1621184245587,32.88010735680276,-117.23537447967946,76.65032489770668,28,57,11,11
1621184245861,32.880107362624294,-117.23537445638401,76.64046260491459,29,58,11,11
1621184245974,32.880107360355815,-117.23537444859234,76.63851686008587,30,58,11,11
1621184246085,32.88010736393754,-117.23537444385889,76.63738053880796,30,59,11,11
1621184246224,32.880107370131036,-117.2353744415013,76.63501863387575,30,59,11,11
1621184246396,32.88010737201878,-117.23537442560296,76.6339083953576,30,59,11,11
1621184246479,32.880107367662895,-117.23537441607046,76.63231133234538,30,59,11,11
1621184246598,32.880107365409756,-117.23537440168352,76.6309539592421,30,59,11,11
1621184246854,32.88010735769861,-117.23537436097429,76.62616834007147,30,60,11,11
1621184246974,32.88010736625167,-117.23537434843439,76.62584728569796,30,60,11,11
1621184247086,32.88010736878022,-117.23537434304154,76.62487451016267,30,60,11,11
1621184247222,32.8801073639491,-117.23537431386572,76.6241870377842,30,60,11,11
1621184247343,32.880107365268294,-117.2353743026399,76.62322364432474,30,59,11,11
1621184247426,32.88010736410844,-117.23537429262198,76.62361536024059,30,59,11,11
1621184247547,32.88010736573734,-117.23537427788116,76.62249123386286,30,59,11,11
1621184247692,32.880107360287404,-117.23537427395507,76.62212766006711,30,59,11,11
1621184247852,32.880107362586536,-117.23537423860952,76.62086347270406,30,59,11,11
1621184247965,32.880107374589436,-117.23537422495744,76.6208388389638,30,59,11,11
1621184248078,32.88010737279801,-117.2353742162479,76.6199267318724,30,59,12,11
1621184248217,32.880107371626664,-117.23537419928351,76.61996817083383,30,59,12,11
1621184248384,32.88010737075863,-117.23537419099787,76.61921040660518,30,59,12,11
1621184248524,32.88010737444062,-117.23537418347762,76.618948391929,30,59,12,11
1621184248743,32.88010737980944,-117.2353742324983,76.61270024005196,30,59,12,11
1621184248891,32.88010737441496,-117.235374284519,76.60879220143367,30,59,12,11
1621184249004,32.88010737037601,-117.23537434968287,76.60452061396859,30,59,12,11
1621184249118,32.880107363173686,-117.23537441525794,76.59561906716068,29,59,12,11
1621184249254,32.88010736634757,-117.23537447838717,76.58657443494698,29,58,12,11
1621184249367,32.880107349469625,-117.2353745372619,76.5770752690563,29,58,12,11
1621184249453,32.880107353449,-117.23537462320299,76.5654990590867,28,57,12,11
1621184249574,32.88010734534306,-117.23537468021483,76.55288648813885,28,57,12,11
1621184249720,32.88010733542801,-117.23537474165725,76.53885743742441,28,56,12,11
1621184249852,32.88010732520359,-117.23537484454015,76.48513970687239,27,55,12,11
1621184249967,32.880107321120846,-117.23537485906307,76.4669639465334,27,55,12,11
1621184250095,32.88010732767147,-117.23537486082807,76.44956121124638,27,55,11,11
1621184250229,32.88010732326324,-117.23537488094954,76.44006400274903,27,55,11,11
1621184250339,32.88010732129616,-117.23537491031023,76.42842543005185,28,55,11,11
1621184250487,32.8801073135704,-117.23537492845652,76.41761198787938,28,56,11,11
1621184250646,32.8801073040129,-117.23537494308844,76.3934982556181,29,57,11,11
1621184250801,32.880107301732366,-117.23537493726045,76.38580506744641,29,57,11,11
1621184250918,32.880107299948534,-117.23537494057382,76.37686012014835,29,58,11,11
1621184251031,32.88010729608752,-117.2353749488438,76.36716120509205,29,58,11,11
1621184251144,32.880107306618726,-117.23537495823717,76.35979388133313,29,58,11,11
1621184251281,32.88010730417052,-117.23537497196065,76.3523748099322,30,59,11,11
1621184251407,32.88010730233629,-117.23537496259081,76.34515246764329,30,59,11,11
1621184251643,32.88010731819747,-117.23537499142354,76.31936505264616,31,61,11,11
1621184251773,32.880107309805595,-117.2353749949363,76.31397434939926,31,62,11,11
1621184251977,32.88010729827953,-117.2353749947219,76.30617295266681,32,62,11,11
1621184252088,32.88010730546323,-117.2353750133158,76.29983348772193,32,63,11,11
1621184252201,32.88010730877433,-117.23537500974865,76.29364793988272,32,63,11,11
1621184252417,32.88010731793638,-117.23537503071238,76.26693685462578,32,64,11,11
1621184252561,32.880107321124484,-117.2353750258949,76.26008102798691,33,65,11,11
1621184252703,32.88010731306146,-117.23537504040164,76.25488469910769,33,65,11,11
1621184252864,32.880107335624665,-117.23537503396139,76.24909044916542,33,65,11,11
1621184252983,32.880107319477744,-117.23537503138569,76.24103649512892,33,65,11,11
1621184253096,32.880107314895824,-117.23537504832177,76.2363612267551,33,65,11,11
1621184253312,32.88010732948897,-117.23537504641648,76.21297630781325,33,66,11,11
1621184253431,32.880107338114584,-117.23537505206961,76.20828934142146,33,67,11,11
1621184253577,32.88010734646104,-117.23537506974976,76.20419556547236,34,67,11,11
1621184253712,32.88010735504471,-117.235375052587,76.19757803005128,34,67,11,11
1621184253842,32.88010735388252,-117.23537506237076,76.19304922418362,34,68,11,11
1621184254043,32.880107342687175,-117.23537506787314,76.18665383980063,34,68,11,11
1621184254252,32.88010735330126,-117.23537506979133,76.1674303703067,33,67,11,11
1621184254348,32.880107355514795,-117.23537508789258,76.16516660707718,33,67,11,11
1621184254468,32.880107356834216,-117.2353750899346,76.16043331574338,33,67,11,11
1621184254625,32.8801073618047,-117.23537508267866,76.15629977083915,33,67,11,11
