1620507724566,32.84174541720015,-117.21846000837306,23.09414567130545,29,49,10,11
1620507724680,32.84173156550408,-117.21848923605191,23.036292364963366,29,48,10,11
1620507724832,32.84171772544732,-117.21851846156757,22.97918343591718,29,48,10,11
1620507725136,32.8416625054108,-117.21863542941212,22.734978078543374,28,46,10,11
1620507725280,32.84164874926641,-117.2186646608716,22.684111547199606,28,46,10,11
1620507725396,32.841634955886775,-117.21869388901578,22.649985253879194,28,47,10,11
1620507725473,32.84162119081862,-117.21872313181447,22.60795184819278,28,47,10,11
1620507725617,32.841607422349234,-117.21875238963325,22.560511047486333,28,46,10,11
1620507725730,32.8415936306391,-117.21878165328081,22.51806280673159,28,46,10,11
1620507725921,32.84157984890229,-117.21881087791911,22.461587804590085,27,45,10,11
1620507726138,32.84152470210638,-117.21892774967684,22.19781800334159,26,43,10,11
1620507726250,32.84151093331896,-117.21895694764345,22.12828666561081,26,43,10,11
1620507726393,32.84149717314634,-117.21898616073956,22.062035103321172,26,43,10,11
1620507726473,32.841483365156016,-117.21901548983627,21.99644194285454,26,43,10,11
1620507726619,32.841469621602876,-117.2190446915453,21.93469169813611,26,43,10,11
1620507726776,32.84145588729754,-117.21907390340809,21.871816497919838,27,43,10,11
1620507726956,32.84144213768623,-117.21910312207041,21.808903113767386,27,44,10,11
1620507727014,32.84140088499552,-117.21919098094791,21.613216297785353,28,45,10,11
1620507727142,32.841387205776726,-117.21922022401685,21.54629313655919,29,46,10,11
1620507727253,32.84137354872203,-117.21924944931344,21.4728787624199,29,46,10,11
1620507727398,32.84135988995842,-117.21927869712836,21.40573731746764,29,46,10,11
1620507727486,32.84134625438275,-117.21930793278622,21.3306847194438,29,46,10,11
1620507727630,32.84133263664632,-117.21933720081151,21.262902724409365,29,46,10,11
1620507727790,32.8413189109237,-117.21936672958026,21.192339464962377,29,46,10,11
1620507728036,32.84126481575911,-117.21948393460546,20.90168650853752,30,47,10,11
1620507728150,32.84125139626905,-117.2195132939769,20.822155625131785,30,47,10,11
1620507728270,32.841238088253284,-117.21954271589411,20.735992499804365,30,47,10,11
1620507728416,32.84122489540279,-117.21957220506069,20.650666783292074,30,47,10,11
1620507728529,32.841211787167836,-117.21960175484413,20.576977223657853,30,48,10,11
1620507728648,32.84119878180756,-117.21963139899349,20.511013828047453,31,48,10,11
1620507728835,32.84116033437604,-117.2197205481329,20.29069574310247,30,48,10,11
1620507728948,32.841147678197494,-117.21975033468426,20.21518809312727,29,47,10,11
1620507729121,32.84113510575772,-117.2197801717273,20.1457017171871,29,47,10,11
1620507729237,32.84112261302957,-117.21981007186028,20.086291082279665,29,47,10,11
1620507729350,32.84111019765116,-117.21983998532076,20.016174335312176,30,47,10,11
1620507729505,32.84109785169427,-117.21986993835603,19.954328690705196,30,48,10,11
1620507729781,32.84104921884793,-117.2199900889636,19.68719339727055,30,48,10,11
1620507729896,32.8410372270092,-117.22002022492546,19.616389978200488,30,48,10,11
1620507730009,32.841025249414486,-117.22005042086762,19.538962866363118,31,49,10,11
1620507730122,32.841013337157115,-117.22008052227675,19.46590698454859,31,49,10,11
1620507730238,32.841001453494925,-117.22011063991106,19.405971769958487,31,49,10,11
1620507730384,32.84098964274659,-117.22014081106424,19.354105425165663,31,50,10,11
1620507730502,32.84097786216052,-117.22017099492277,19.294306595583574,32,50,10,11
1620507730729,32.84093103544426,-117.22029158269906,19.025470264220836,33,52,10,11
1620507730872,32.8409194754846,-117.2203216612978,18.956034581989456,33,52,10,11
1620507730985,32.8409079838534,-117.22035167927714,18.881398356000084,34,52,10,11
1620507731157,32.84089654856185,-117.22038170985928,18.813477731069117,33,52,10,11
1620507731272,32.84088514602442,-117.22041196141754,18.739023963923486,33,52,10,11
1620507731384,32.84087391400336,-117.22044192832338,18.669640786410078,33,52,10,11
1620507731528,32.840862818547265,-117.22047188540239,18.597933594267257,33,52,10,11
1620507731766,32.840819668204254,-117.22059150575207,18.323018780828534,34,53,10,11
1620507731878,32.840809194205285,-117.22062132502663,18.254222255132987,34,53,10,11
1620507731988,32.84079883480767,-117.22065111628267,18.190858080088226,35,54,10,11
1620507732106,32.84078858451845,-117.22068087465425,18.1244432243425,35,54,10,11
1620507732223,32.84077845357116,-117.22071053804189,18.04027708006624,35,54,10,11
1620507732368,32.84076844184705,-117.22074016668125,17.964327240950052,35,54,10,11
1620507732480,32.84075856439259,-117.22076975717303,17.89476551525977,35,54,10,11
1620507732560,32.84074879443161,-117.22079929814444,17.828053190417823,36,54,10,11
1620507732749,32.840719984712365,-117.22088757241539,17.62643991127447,37,56,10,11
1620507732889,32.84071056505266,-117.22091690106109,17.562195490125696,37,56,10,11
1620507733004,32.84070123141956,-117.22094619482904,17.49605345450428,38,56,10,11
1620507733189,32.84069197980075,-117.22097544328275,17.42794375879491,39,57,10,11
1620507733308,32.840682784539645,-117.22100466517007,17.36006052681334,39,57,10,11
1620507733531,32.84064667402162,-117.22112133574599,17.069166000694004,39,58,10,11
1620507733644,32.84063778129157,-117.22115050041789,17.015212977599866,39,58,10,11
1620507733826,32.84062897323881,-117.22117967599593,16.963983641195792,39,58,10,11
1620507733947,32.84062023018528,-117.221208821278,16.906681553048596,39,58,10,11
1620507734057,32.84061159992495,-117.22123796733224,16.839917791581044,39,58,10,11
1620507734179,32.840602975077715,-117.22126721128188,16.772147825635976,39,58,10,11
1620507734293,32.84059446193202,-117.22129634721082,16.714268911689764,39,59,10,11
1620507734430,32.84056933441048,-117.22138380219788,16.538546572641255,38,58,10,11
1620507734542,32.840561082822546,-117.22141296089282,16.482164238291595,37,58,10,11
1620507734709,32.84055288578932,-117.22144235970325,16.426525356545778,36,57,10,11
