1610060718161,32.75757604664807,-117.2342462487321,-25.620296381903394,83,122,15,11
1610060718322,32.75759138637921,-117.23423615018174,-25.624515569329915,83,122,15,11
1610060718405,32.75760680374588,-117.23422599908876,-25.633073019050816,83,122,15,11
1610060718475,32.75762230210452,-117.23421575020988,-25.63397146083994,83,122,15,11
1610060718639,32.75763788545609,-117.23420541724578,-25.628670824187637,83,122,15,11
1610060718725,32.757653517716854,-117.23419500592635,-25.63360772528987,83,122,15,11
1610060718832,32.75766921150897,-117.23418455136579,-25.64243165717601,83,122,15,11
1610060718927,32.75768498599739,-117.23417404665098,-25.639819750366964,83,122,15,11
1610060719005,32.75770080702188,-117.23416350734547,-25.633179185141444,84,122,15,11
1610060719152,32.757716674252826,-117.2341529349105,-25.623801253942016,84,122,15,11
1610060719235,32.757732635139845,-117.23414229888367,-25.614409647769804,83,122,15,11
1610060719338,32.75774855224445,-117.23413168005224,-25.621114086498736,83,122,15,11
1610060719422,32.75776450061542,-117.23412106074197,-25.62334700194768,83,122,15,11
1610060719492,32.75778046966543,-117.23411043977919,-25.63118869838136,82,122,15,11
1610060719631,32.757796428364564,-117.23409984030528,-25.644712393218303,82,122,15,11
1610060719738,32.75781239655114,-117.23408921192954,-25.647953512081667,82,122,15,11
1610060719850,32.75782846006604,-117.23407853332623,-25.636890590188656,82,122,15,11
1610060719938,32.757844497207316,-117.23406789066163,-25.628723755079264,81,122,15,11
1610060720017,32.7578605636168,-117.23405730222731,-25.627879603536343,81,122,15,11
1610060720195,32.75792490530164,-117.23401521353894,-25.637300149072235,80,122,15,11
1610060720277,32.75794098796027,-117.2340046825726,-25.635237456010067,80,122,15,11
1610060720419,32.757957077747854,-117.23399418719082,-25.640459305725237,80,122,15,11
1610060720512,32.757973151379844,-117.23398374880504,-25.65363989377554,80,122,15,11
1610060720613,32.75798925049404,-117.23397331081215,-25.65840605380753,80,122,15,11
1610060720724,32.758005327152,-117.23396283999874,-25.666775919879385,80,122,15,11
1610060720805,32.75802140129783,-117.23395230238869,-25.684967726397556,79,122,15,11
1610060720891,32.75803741227126,-117.23394178422598,-25.702365083813795,79,122,15,11
1610060721038,32.75805340439753,-117.23393125236375,-25.719305656241797,79,122,15,11
1610060721131,32.75806940727246,-117.23392073221667,-25.730628121774206,79,122,15,11
1610060721225,32.75808542333267,-117.2339101924687,-25.73637215517889,79,122,15,11
1610060721293,32.75810140546809,-117.23389967972899,-25.75221153466367,79,122,15,11
1610060721435,32.75811743647516,-117.23388914877692,-25.764346502319544,79,121,15,11
1610060721528,32.75813343558384,-117.23387861895864,-25.777195934594523,78,121,15,11
1610060721642,32.758149413111795,-117.23386808524987,-25.793021930620547,78,121,15,11
1610060721733,32.75816537843561,-117.23385758825651,-25.808227498736354,78,121,15,11
1610060721820,32.758181307474736,-117.23384710653261,-25.817311936971688,78,121,15,11
1610060721901,32.75819719688207,-117.2338366688142,-25.82818880194467,78,121,15,11
1610060721980,32.75821300358858,-117.233826191643,-25.841969135563776,78,121,15,11
1610060722212,32.75822867642444,-117.23381576908213,-25.857134860970422,78,121,15,11
1610060722306,32.75824427231492,-117.233805338343,-25.867902605605785,78,121,15,11
1610060722377,32.75825986239069,-117.23379492811229,-25.870127940488487,78,121,15,11
1610060722515,32.75827541082532,-117.23378455818815,-25.884348823292473,78,121,15,11
1610060722620,32.75829090653871,-117.23377418792978,-25.907892913211565,78,121,15,11
1610060722734,32.75830641085278,-117.23376375466232,-25.92947466249077,78,121,15,11
1610060722816,32.75832187651684,-117.23375331230729,-25.94200979628789,78,121,15,11
1610060722901,32.75833734929569,-117.23374286561673,-25.956822939198034,77,121,15,11
1610060723047,32.75835283283223,-117.23373244744184,-25.969193506938336,77,121,15,11
1610060723128,32.75836830956465,-117.2337220410644,-25.9907009734184,77,121,15,11
1610060723231,32.75838382069987,-117.23371162412433,-25.99796547523637,77,121,15,11
1610060723319,32.758399374964654,-117.23370117236404,-26.006561097570412,77,121,15,11
1610060723388,32.75841489404531,-117.23369075152277,-26.02190796210107,77,121,15,11
1610060723540,32.75843037938362,-117.23368030945049,-26.040988195147122,77,121,15,11
1610060723632,32.75844588338113,-117.23366985680056,-26.056237104733924,77,121,15,11
1610060723733,32.758461392050954,-117.2336593800977,-26.066524040467623,77,121,15,11
1610060723862,32.75847692894063,-117.23364891550013,-26.077697869852503,77,121,15,11
1610060723945,32.75849252086166,-117.23363842852676,-26.09025202008028,77,121,15,11
1610060724014,32.75850809690146,-117.23362792252553,-26.106844058064336,77,121,15,11
1610060724177,32.758523710982885,-117.23361738195833,-26.126757963538502,77,121,15,11
1610060724327,32.75853938049613,-117.23360676842346,-26.146248206781106,77,121,15,11
1610060724417,32.75855509379622,-117.23359609986156,-26.17322204389547,77,121,15,11
1610060724488,32.758570887553084,-117.2335853482252,-26.19855468682573,77,121,15,11
1610060724629,32.75858683091372,-117.23357451586136,-26.221467047309346,77,121,15,11
1610060724719,32.75860283339569,-117.23356360272496,-26.24066105752955,77,121,15,11
1610060724838,32.75861895782824,-117.23355259499421,-26.253520458502027,77,121,15,11
1610060724934,32.758635191703945,-117.23354152158846,-26.269544396957503,77,121,15,11
1610060725015,32.75865152739665,-117.23353042471216,-26.294047285750153,77,121,15,11
1610060725098,32.75866797719803,-117.23351928394499,-26.312980113621435,77,121,15,11
1610060725244,32.758684548040584,-117.23350808297585,-26.327489836351273,77,121,15,11
1610060725336,32.75870114560519,-117.23349685949765,-26.347992059181223,77,121,15,11
1610060725432,32.758717753654885,-117.23348563047438,-26.378948633687866,77,121,15,11
1610060725501,32.75873441506125,-117.23347437250402,-26.406173568647624,77,121,15,11
1610060725641,32.758751113909476,-117.23346312531031,-26.432543377544782,77,121,15,11
1610060725740,32.758767784281794,-117.23345189254945,-26.46552552537678,77,121,15,11
1610060725831,32.75878447889874,-117.2334406712464,-26.4988731503648,77,121,15,11
1610060725997,32.758850964990856,-117.23339605894108,-26.632243925415644,77,121,15,11
1610060726167,32.75886747228481,-117.23338498627484,-26.665596475578738,77,121,15,11
1610060726262,32.75888402771173,-117.23337389226609,-26.68244836432077,77,121,15,11
1610060726336,32.75890046029525,-117.23336287366087,-26.721337328152657,77,121,15,11
1610060726472,32.75891685189289,-117.23335195316282,-26.764164379661967,77,121,15,11
1610060726571,32.758933213801065,-117.2333410144421,-26.795919149874724,77,121,15,11
1610060726662,32.75894954166545,-117.23333017617148,-26.833495833039976,77,121,15,11
1610060726758,32.758965831589435,-117.23331934044833,-26.863738996186502,77,121,15,11
1610060726854,32.75898204038365,-117.23330854768079,-26.91075845886264,77,121,15,11
1610060726998,32.75899818983239,-117.23329777263329,-26.94570532496827,77,121,15,11
1610060727079,32.7590143118295,-117.2332870479557,-26.974707869224595,77,121,15,11
1610060727174,32.75903041652763,-117.23327639593273,-27.00398108740879,77,121,15,11
1610060727267,32.759046456280394,-117.23326578171505,-27.040840770952713,77,121,15,11
1610060727339,32.759062405546295,-117.23325521951945,-27.09286297118989,77,121,15,11
1610060727481,32.75907831386867,-117.2332445846269,-27.13513189577431,77,121,15,11
1610060727574,32.75909408965031,-117.23323389078523,-27.17594638532307,77,121,15,11
1610060727666,32.75910979613313,-117.2332232680299,-27.224008242958696,77,121,15,11
1610060727779,32.759125491387884,-117.23321265545893,-27.250661045179697,77,121,15,11
1610060727863,32.759141188356246,-117.23320210570164,-27.269803115499943,77,121,15,11
1610060728027,32.75915678472385,-117.23319160406867,-27.308154987460856,77,121,15,11
1610060728106,32.759172352758085,-117.23318108110684,-27.347114973291685,77,121,15,11
1610060728252,32.75918785778753,-117.23317060353307,-27.385128028288833,77,121,15,11
1610060728347,32.759203355476785,-117.23316013489993,-27.419936673135517,77,121,15,11
