1483235096021,32.6569710460662,-116.99387654045614,113.14033705983076,44,58,15,11
1483235096139,32.65697107060283,-116.99387653394278,113.13810805087921,44,57,15,11
1483235096251,32.656971063404434,-116.99387654795615,113.13769217996958,44,57,15,11
1483235096360,32.65697107031469,-116.99387654436515,113.1361103578915,43,57,15,11
1483235096517,32.65697108856939,-116.99387654335956,113.13474043776638,43,57,15,11
1483235096769,32.65697110968443,-116.99387654433899,113.1316241288721,43,57,15,11
1483235096907,32.65697110255833,-116.99387654622069,113.13135944192527,43,57,15,11
1483235097047,32.65697110144114,-116.99387653919932,113.131797749956,43,57,15,11
1483235097165,32.6569711119862,-116.99387654845702,113.13101513877639,43,57,15,11
1483235097278,32.65697111477281,-116.99387654404282,113.13100721863236,43,57,15,11
1483235097379,32.65697111782838,-116.99387653325142,113.13153364974005,43,56,15,11
1483235097522,32.65697112047989,-116.99387654211553,113.13106846205238,43,56,15,11
1483235097736,32.656971141917815,-116.99387653922354,113.13142808656377,43,56,15,11
1483235097936,32.65697113923658,-116.99387652502038,113.13063606389343,43,56,15,11
1483235098101,32.65697114062223,-116.99387653711987,113.13135868030437,43,56,15,11
1483235098215,32.656971149058904,-116.99387653071767,113.1296738114976,43,56,15,11
1483235098329,32.65697113790656,-116.99387653428745,113.129950895115,43,56,15,11
1483235098534,32.6569711627803,-116.99387655555887,113.12793366871809,42,55,15,11
1483235098645,32.65697116923299,-116.9938765563092,113.12760544134818,42,55,15,11
1483235098837,32.65697117342977,-116.99387655745376,113.12760902734792,42,55,15,11
1483235098949,32.65697116937481,-116.99387657397283,113.12638308426982,42,55,15,11
1483235099061,32.65697117543771,-116.99387657678722,113.12596620650324,42,55,15,11
1483235099227,32.65697117623538,-116.993876579396,113.12556988385064,42,55,15,11
1483235099398,32.6569711755017,-116.99387660912424,113.12428566623507,42,54,15,11
1483235099544,32.656971189374005,-116.9938766126282,113.12344831159606,42,54,15,11
1483235099656,32.65697119043961,-116.99387661906346,113.12256244578009,42,54,15,11
1483235099847,32.65697118528733,-116.99387663112218,113.12240296063422,41,54,15,11
1483235100133,32.656971208592665,-116.99387665240688,113.11878371395129,41,54,15,11
1483235100245,32.65697119996636,-116.99387665671448,113.11793532697645,41,54,15,11
1483235100391,32.65697119287949,-116.99387666640662,113.11815096228206,41,54,15,11
1483235100480,32.65697119975208,-116.993876675252,113.11671189366064,41,54,15,11
1483235100664,32.65697120224105,-116.99387668026625,113.11608471589791,41,54,15,11
1483235100780,32.656971209596215,-116.99387668550737,113.11536744251143,41,54,15,11
1483235101041,32.65697121558628,-116.99387671803527,113.11324446140694,41,54,15,11
1483235101150,32.65697120275926,-116.9938767180872,113.11205697562056,41,54,15,11
1483235101292,32.656971203568325,-116.993876728278,113.11226395270006,41,54,15,11
1483235101407,32.656971199743914,-116.99387673664711,113.11127897660155,41,54,15,11
1483235101496,32.65697119826415,-116.99387674533628,113.11044284780691,41,54,15,11
1483235101643,32.65697121023546,-116.99387672975324,113.10827729731727,41,54,15,11
1483235101753,32.656971203244794,-116.99387673585082,113.10802203498272,41,53,15,11
1483235101937,32.65697119120226,-116.99387674789324,113.10621044259626,41,53,15,11
1483235102107,32.656971200281546,-116.99387674239168,113.10409875485496,41,53,15,11
1483235102220,32.65697118831283,-116.99387675201382,113.10407780019938,41,53,15,11
1483235102321,32.65697119105894,-116.99387673987125,113.1030049812991,41,53,15,11
1483235102464,32.6569711937581,-116.99387674062318,113.10265655378971,41,53,15,11
1483235102593,32.656971193737455,-116.99387673691616,113.10192207348263,41,53,15,11
1483235102685,32.65697119899153,-116.9938767300876,113.1008001425449,41,53,15,11
1483235102840,32.65697118841549,-116.99387673372496,113.09986754012503,41,53,15,11
1483235102919,32.65697118315417,-116.99387673948205,113.09935279775412,41,53,15,11
1483235103117,32.65697118883345,-116.99387673218935,113.0983000255398,41,53,15,11
1483235103243,32.65697118276846,-116.99387673505146,113.09842414382996,41,54,15,11
1483235103343,32.65697118267307,-116.99387673248295,113.09826556461465,42,54,15,11
1483235103489,32.656971171715725,-116.99387673387758,113.09809824208492,42,54,15,11
1483235103599,32.6569711727286,-116.99387673364313,113.0972646901388,42,54,15,11
1483235103758,32.656971177016615,-116.9938767237304,113.09620777957373,43,55,15,11
1483235103930,32.65697116935234,-116.99387673148644,113.09636565797722,43,55,15,11
1483235104040,32.65697117001399,-116.99387672487516,113.09659404193344,43,55,15,11
1483235104175,32.656971181098356,-116.99387671993125,113.09481509296913,43,55,15,11
1483235104296,32.656971181680746,-116.99387671290096,113.09368668627816,43,55,15,11
1483235104409,32.656971183053194,-116.99387670645385,113.09289073797662,43,55,15,11
1483235104630,32.656971170053176,-116.99387668570083,113.09023122262329,43,55,15,11
1483235104820,32.65697117623584,-116.99387668024877,113.0877611639519,43,55,15,11
1483235104936,32.65697118640047,-116.99387667359345,113.08723720011055,43,55,15,11
1483235105098,32.65697118177282,-116.9938766777664,113.08655620541562,43,55,15,11
1483235105212,32.65697119300529,-116.993876677922,113.08492280457556,43,55,15,11
1483235105434,32.65697121126959,-116.99387664693226,113.07895201624589,42,55,15,11
1483235105525,32.65697119744939,-116.99387664167071,113.07827206407967,42,55,15,11
1483235105680,32.65697121026887,-116.9938766439055,113.07693375585848,42,55,15,11
1483235105870,32.65697122500696,-116.99387664240878,113.07524136663983,42,55,15,11
1483235106042,32.65697122896754,-116.99387663112252,113.07185393885896,42,55,15,11
1483235106169,32.65697123470858,-116.99387663786732,113.07019537087774,42,55,15,11
