4925065050044,33.132680234042105,-117.08741598215096,170.07872875947822,84,123,15,11
4925065050145,33.13267125318859,-117.08743378179558,170.13271160143773,83,123,15,11
4925065050240,33.13266222826751,-117.08745152966074,170.1774129795936,83,123,15,11
4925065050345,33.13265320303338,-117.08746929448823,170.22093328959212,83,123,15,11
4925065050507,33.132644096595506,-117.08748722622029,170.2702986169469,82,122,15,11
4925065050588,33.13263503027754,-117.08750506094215,170.3240135412341,82,122,15,11
4925065050671,33.13262595698781,-117.08752291604632,170.37326092101094,82,122,15,11
4925065050758,33.13261685652372,-117.08754080433934,170.41996036405627,82,122,15,11
4925065050849,33.13260773422922,-117.08755873153048,170.4718040576217,81,122,15,11
4925065050992,33.13259857164559,-117.08757669470054,170.5240764275984,81,122,15,11
4925065051085,33.132589331507134,-117.08759483310597,170.5749097376201,81,122,15,11
4925065051167,33.1325801344291,-117.08761284489992,170.62495104004623,81,122,15,11
4925065051306,33.13257090785321,-117.0876308849935,170.6754229177113,81,122,15,11
4925065051386,33.13256170292005,-117.08764897501929,170.72608656054095,80,122,15,11
4925065051559,33.13255251138216,-117.08766710562386,170.77838176239126,80,122,15,11
4925065051640,33.132543357533514,-117.08768525461251,170.83076142663077,80,122,15,11
4925065051728,33.13253414134644,-117.08770356137637,170.89012898212147,80,122,15,11
4925065051820,33.13252502386599,-117.08772174312715,170.94976851433447,80,122,15,11
4925065051907,33.132515936652005,-117.08773993349968,171.01019665613936,80,122,15,11
4925065052055,33.13250685994174,-117.0877581433446,171.07470880951234,79,122,15,11
4925065052204,33.13249779170818,-117.08777638692797,171.141043963651,79,122,15,11
4925065052285,33.132488749976226,-117.08779461913375,171.19666700023134,79,122,15,11
4925065052369,33.13247970084751,-117.08781296596425,171.2446434004207,79,122,15,11
4925065052454,33.13247073469843,-117.08783119627704,171.2932190247295,79,122,15,11
4925065052622,33.13246181023811,-117.08784944650506,171.3408830615661,79,122,15,11
4925065052704,33.13245290765097,-117.08786768552274,171.38659677974024,79,122,15,11
4925065052786,33.13244404848928,-117.08788591439372,171.4309372743105,79,122,15,11
4925065052865,33.13243522769899,-117.08790415007661,171.48095424692153,79,122,15,11
4925065052947,33.13242641823021,-117.08792246267325,171.52945306163332,78,122,15,11
4925065053095,33.132417734577665,-117.08794063227302,171.57951094411678,78,122,15,11
4925065053199,33.13240912071758,-117.08795876320754,171.63221695391456,78,122,15,11
4925065053275,33.132400576779695,-117.08797684229977,171.68204681445692,78,122,15,11
4925065053365,33.13239212122796,-117.08799487596433,171.7312575004572,78,122,15,11
4925065053451,33.1323837316484,-117.08801285088934,171.77808603284726,78,122,15,11
4925065053562,33.132375387081886,-117.08803087094721,171.82684198230962,78,121,15,11
4925065053643,33.13236715452719,-117.08804873963877,171.87545869970214,78,121,15,11
4925065053785,33.13235900638919,-117.08806654586596,171.91817709299045,78,121,15,11
4925065053864,33.13235095108808,-117.0880842913698,171.95570435903304,78,121,15,11
4925065053946,33.132342982338905,-117.08810198858009,171.9928800678432,78,121,15,11
4925065054082,33.132335111811166,-117.08811963481857,172.03037079337767,78,121,15,11
4925065054238,33.132327278978195,-117.08813730661043,172.06906019230448,78,121,15,11
4925065054320,33.13231957574531,-117.08815482744484,172.10521284455947,78,121,15,11
4925065054406,33.13231194012962,-117.08817228082536,172.143410777778,78,121,15,11
4925065054490,33.132304403667746,-117.08818972219979,172.1833817684199,78,121,15,11
4925065054604,33.13229695950267,-117.08820710008347,172.21825497914946,78,121,15,11
4925065054690,33.1322896058753,-117.0882244881529,172.26067474664376,78,121,15,11
4925065054832,33.132282280104505,-117.08824199154485,172.31095942928155,78,121,15,11
4925065054913,33.13227504389987,-117.08825937159133,172.34406567262224,78,121,15,11
4925065054995,33.132267869845045,-117.08827671960479,172.36784237136092,78,121,15,11
4925065055139,33.13226073271135,-117.0882941422116,172.41133139492499,78,121,15,11
4925065055230,33.13225365912688,-117.08831164618348,172.46070981742665,78,121,15,11
4925065055317,33.132246608480585,-117.08832921975124,172.50754208842133,78,121,15,11
4925065055396,33.13223958472749,-117.08834686513909,172.5403635908018,78,121,15,11
4925065055481,33.13223263371907,-117.08836447558747,172.56662753780657,78,121,15,11
4925065055592,33.13222572079846,-117.08838217294745,172.60361581803122,78,121,15,11
4925065055673,33.132218850101815,-117.08839996098399,172.64966625625505,78,121,15,11
4925065055816,33.132212014026734,-117.08841777879522,172.68992198733073,78,121,15,11
4925065055897,33.132205215431576,-117.08843565308186,172.72892840747025,78,121,15,11
4925065055977,33.13219841035562,-117.08845365371587,172.7708990879999,78,121,15,11
4925065056122,33.132191675102995,-117.08847162595113,172.8058124099047,78,121,15,11
4925065056282,33.13218497119287,-117.08848959429677,172.83336037221505,78,121,15,11
4925065056378,33.132178302026524,-117.08850755435103,172.86027608247215,78,121,15,11
4925065056462,33.13217167660419,-117.088525540999,172.89017160657923,78,121,15,11
4925065056544,33.132165092648286,-117.08854353109734,172.9203718159494,78,121,15,11
4925065056715,33.13215854359618,-117.0885615881397,172.95113742117528,78,121,15,11
4925065056796,33.13215204246309,-117.08857960226372,172.98568260190282,78,121,15,11
4925065056879,33.132145607025976,-117.08859762968005,173.0112019152863,78,121,15,11
4925065056958,33.132139212224544,-117.08861565061851,173.03339127135408,78,121,15,11
4925065057040,33.13213285763584,-117.08863368803966,173.0541206724997,78,121,15,11
4925065057181,33.13212652696768,-117.08865170124359,173.07432598797973,78,121,15,11
4925065057272,33.13212015915284,-117.08866976238458,173.09876639462328,78,121,15,11
4925065057367,33.13211385872403,-117.08868777590988,173.11554479777243,78,121,15,11
4925065057452,33.13210762368432,-117.08870577318298,173.12500106633644,78,121,15,11
4925065057537,33.132101454064355,-117.08872381454961,173.14531221790645,78,121,15,11
4925065057716,33.1320953492557,-117.08874188373913,173.16848714681277,78,121,15,11
4925065057797,33.13208926687005,-117.08875999193967,173.19045460553468,78,121,15,11
4925065057882,33.13208322726129,-117.0887781794269,173.20738046647364,78,121,15,11
4925065058051,33.132059603416835,-117.08885130473358,173.2632527749526,78,121,15,11
4925065058137,33.13205379542214,-117.08886978469063,173.27902170849777,78,121,15,11
4925065058244,33.13204801543629,-117.08888833221226,173.2926194549914,78,121,15,11
4925065058326,33.132042271662904,-117.08890696208906,173.30961175106933,78,121,15,11
4925065058442,33.13203651830127,-117.08892561545116,173.3271898364312,78,121,15,11
4925065058594,33.132030781768194,-117.08894436618685,173.3452424612597,78,121,15,11
4925065058676,33.13202503264896,-117.08896316602161,173.36493793840847,78,121,15,11
4925065058755,33.132019330517714,-117.08898207022071,173.3802563850423,78,121,15,11
4925065058849,33.13201359224509,-117.08900104805183,173.40418583536575,78,120,15,11
4925065058998,33.13200785111824,-117.08902012015064,173.43213588510073,78,120,15,11
4925065059162,33.132002104444766,-117.08903923206267,173.45267545204138,78,121,15,11
4925065059233,33.131996337690666,-117.08905840134815,173.47058375957732,78,121,15,11
4925065059326,33.13199055107307,-117.0890776863015,173.49315685156037,78,121,15,11
4925065059409,33.13198472844332,-117.08909700982252,173.50835943285477,78,121,15,11
4925065059575,33.131978874965554,-117.08911637930625,173.5198319862468,77,120,15,11
4925065059675,33.1319729902051,-117.08913582539239,173.54056658178013,77,120,15,11
4925065059757,33.131967069497485,-117.08915534897629,173.5637964263344,77,120,15,11
4925065059871,33.1319611249846,-117.08917491346187,173.58300678810926,77,120,15,11
4925065059953,33.131955153056865,-117.08919451326216,173.59970047995836,78,121,15,11
4925065060094,33.13194915366078,-117.08921413946864,173.61858285879896,78,121,15,11
