1616699918113,32.775011946540495,-117.16621690279285,48.21503210675069,48,108,11,11
1616699918240,32.77500652346928,-117.1662116884604,48.16326404041834,47,107,11,11
1616699918384,32.77500113632608,-117.1662065915347,48.10528505363618,47,107,11,11
1616699918503,32.77499580355244,-117.16620156175225,48.04516023555352,47,107,11,11
1616699918813,32.77497477603876,-117.16618226972003,47.79189463972846,42,103,10,11
1616699918960,32.77496965427469,-117.16617768741986,47.728000807740194,41,103,10,11
1616699919073,32.774964545664474,-117.16617315042285,47.65865092830774,40,101,10,11
1616699919176,32.77495946533769,-117.16616876816073,47.59770269309231,40,101,10,11
1616699919305,32.77495444681235,-117.16616447875077,47.53172569338687,40,101,10,11
1616699919458,32.77494949111435,-117.16616025331744,47.471660600117595,38,99,10,11
1616699919589,32.77493484204872,-117.16614816637176,47.27846796075113,36,96,10,11
1616699919737,32.77493006325813,-117.16614433979242,47.21396592054742,36,96,13,11
1616699919915,32.77492534791126,-117.16614054551955,47.15444573728423,35,94,12,11
1616699920027,32.77492067003312,-117.16613688846353,47.094099328300736,35,93,12,11
1616699920141,32.77491604268028,-117.16613330567361,47.04443594102386,34,91,12,11
1616699920274,32.77491145648867,-117.1661298402412,46.99323488675952,33,90,12,11
1616699920566,32.77489377299383,-117.16611685122399,46.777924197260695,30,84,12,11
1616699920670,32.77488954175247,-117.16611392165674,46.722121889043,31,84,13,11
1616699920822,32.77488539934098,-117.16611112956426,46.66894586114594,31,84,13,11
1616699920958,32.77488135752173,-117.16610846852763,46.6166660746747,32,85,14,11
1616699921117,32.774877425484036,-117.16610593921608,46.564998801256905,33,86,14,11
1616699921322,32.774862901822395,-117.16609703076703,46.38752179361233,34,85,13,11
1616699921436,32.77485953716378,-117.16609506724244,46.34705764944176,34,85,13,11
1616699921552,32.77485627954118,-117.16609321502482,46.30504726758421,34,85,13,11
1616699921686,32.77485312961786,-117.16609146523449,46.26370785188274,35,85,13,11
1616699921802,32.77485008435043,-117.16608981965604,46.22249439949213,35,85,13,11
1616699921966,32.77484714234385,-117.16608826283881,46.18381602566003,36,85,13,11
1616699922097,32.7748443208191,-117.1660867902348,46.14460541991111,36,86,14,11
1616699922315,32.774834241210876,-117.16608175611984,46.029979107908,34,83,13,11
1616699922429,32.77483202556399,-117.16608073912339,46.00140384761489,34,82,13,11
1616699922598,32.77482992588922,-117.16607977615193,45.974629315560456,34,82,13,11
1616699922701,32.774827938424366,-117.16607887201972,45.94957525388185,34,82,13,11
1616699922845,32.774826064273086,-117.16607803680768,45.92235985238852,35,82,13,11
1616699923104,32.77481969866585,-117.16607529552779,45.818606387487854,37,83,13,11
1616699923231,32.77481838675982,-117.1660747489449,45.79565356245134,38,84,13,11
1616699923374,32.77481719763313,-117.1660742492116,45.77271960579014,39,85,13,11
1616699923548,32.77481612882994,-117.16607379565751,45.75149266611111,39,85,13,11
1616699923667,32.77481517512114,-117.16607339147708,45.73163637240801,40,86,13,11
1616699923775,32.77481433477496,-117.16607304277218,45.71374300183043,41,87,13,11
1616699923925,32.774812371576395,-117.16607220693994,45.67606588201413,41,87,13,11
1616699924038,32.774811874895065,-117.16607199322267,45.66129938050219,41,88,13,11
1616699924171,32.77481146107729,-117.16607180543593,45.64686336224626,42,89,15,11
1616699924265,32.77481110306174,-117.16607164521672,45.639849228035466,42,89,14,11
1616699924378,32.77481080017963,-117.16607151093272,45.63445507883302,42,89,13,11
1616699924577,32.774810222880525,-117.16607124290863,45.613120078333516,42,90,13,11
1616699924723,32.774810123932866,-117.16607121096105,45.60653692649321,42,90,13,11
1616699924867,32.77481008405608,-117.1660711911592,45.6110001520376,41,90,12,11
1616699925012,32.77481009471582,-117.16607119374878,45.61256037902273,40,89,12,11
1616699925124,32.77481012033145,-117.16607117734658,45.61073689450947,40,89,13,11
1616699925234,32.774810098114344,-117.16607116609866,45.61318808923413,40,89,13,11
1616699925361,32.77481007755763,-117.16607114063649,45.61267986991965,40,89,13,11
1616699925583,32.7748100643814,-117.1660711063192,45.6110487311085,39,90,13,11
1616699925726,32.774810068043315,-117.16607110794237,45.60930960973283,39,90,13,11
1616699925869,32.7748100609388,-117.16607109739678,45.610190305684114,39,90,13,11
1616699926017,32.77481005483501,-117.16607109583083,45.61083063571919,39,91,12,11
1616699926127,32.77481004911853,-117.16607108724229,45.610093615303725,40,91,12,11
1616699926230,32.774810045307916,-117.1660710758557,45.61018297274243,40,91,12,11
1616699926353,32.77481004361577,-117.16607106031121,45.60976192569623,40,91,12,11
1616699926525,32.77481003569289,-117.16607101576706,45.60693633729279,41,93,12,11
1616699926626,32.77481002984561,-117.16607099523907,45.60510853130931,41,93,12,11
1616699926775,32.77481002170648,-117.16607098622522,45.60036434336333,41,94,12,11
1616699926916,32.77481002660234,-117.1660709759161,45.59594774455104,42,95,12,11
1616699927064,32.77481002961317,-117.16607094987542,45.59273933699806,42,95,12,11
1616699927177,32.774810023641706,-117.16607093670157,45.591128341941825,43,96,12,11
1616699927427,32.774810025994704,-117.1660708747993,45.588359705578036,44,98,13,11
1616699927538,32.774810021731724,-117.16607086910814,45.58499437934568,44,98,12,11
1616699927675,32.77481001594492,-117.16607086465353,45.58584966908127,44,99,12,11
1616699927790,32.77481001018922,-117.1660708477099,45.58551808065711,45,99,12,11
1616699927936,32.77481002267339,-117.1660708401126,45.588527940113956,45,99,12,11
1616699928098,32.77481002584727,-117.16607083342011,45.588692723555944,45,100,12,11
1616699928223,32.7748100251358,-117.16607082858644,45.58989369638478,45,100,12,11
