1612314215153,32.84525963242712,-117.16930922898862,70.945785561627,86,126,15,11
1612314215235,32.84524016606085,-117.16927896915573,71.10964273884116,86,126,15,11
1612314215314,32.84522060458253,-117.16924877852533,71.27054749443334,86,126,15,11
1612314215502,32.845200961074326,-117.16921865210065,71.42930435938118,86,126,15,11
1612314215615,32.84518122710911,-117.16918858956076,71.58838277405461,86,126,15,11
1612314215698,32.84516140308164,-117.16915859264535,71.74640952347255,86,126,15,11
1612314215780,32.84514149325418,-117.16912866616708,71.90258131604207,86,126,15,11
1612314215863,32.84512149887166,-117.16909879899777,72.06062351192338,86,126,15,11
1612314216015,32.84510141745954,-117.16906899579892,72.21922061736105,86,126,15,11
1612314216117,32.845081240389135,-117.16903924417213,72.38125519414349,86,126,15,11
1612314216196,32.84506099552638,-117.16900953867639,72.54326289687262,86,126,15,11
1612314216276,32.84504068190178,-117.16897986667911,72.70581140903191,86,126,15,11
1612314216371,32.84502030002071,-117.16895023471156,72.8661890321297,86,126,15,11
1612314216509,32.84499984102485,-117.1689206441796,73.02671459824488,85,126,15,11
1612314216615,32.8449793151462,-117.16889109247403,73.18526168617136,86,126,15,11
1612314216751,32.84489644310984,-117.1687733686943,73.8165404029642,86,126,15,11
1612314216853,32.84487547885393,-117.16874410276638,73.97673038284952,85,126,15,11
1612314216962,32.84485440530075,-117.16871491601997,74.1339122517691,85,126,15,11
1612314217051,32.84483322621591,-117.16868580305007,74.29204622494099,85,126,15,11
1612314217221,32.844811943854715,-117.16865675913445,74.45022341500791,86,126,15,11
1612314217347,32.844790561459526,-117.16862778447336,74.60702714677149,86,126,15,11
1612314217461,32.844769078033906,-117.16859886914773,74.7655023638069,86,126,15,11
1612314217548,32.84474750749269,-117.1685700037829,74.92192949200042,85,125,15,11
1612314217638,32.844725848651436,-117.16854119134746,75.07595075467465,85,125,15,11
1612314217721,32.844704103734905,-117.16851243046956,75.22746920606751,85,125,15,11
1612314217811,32.84468227382055,-117.16848372113073,75.37666498907015,85,125,15,11
1612314217914,32.84466034831834,-117.16845507238529,75.52569028008982,85,125,15,11
1612314218054,32.84463833677552,-117.16842646622578,75.67728719400503,85,125,15,11
1612314218143,32.844616250250326,-117.16839788960327,75.82940199942942,85,125,15,11
1612314218231,32.84459409177211,-117.16836933446139,75.97892670046069,85,125,15,11
1612314218363,32.844571879943274,-117.16834079093053,76.12184523320016,85,125,15,11
1612314218475,32.84454963268014,-117.16831223643602,76.26105465830398,85,125,15,11
1612314218555,32.84452735643643,-117.16828366834969,76.39897301484203,85,125,15,11
1612314218629,32.84450506057641,-117.16825507498989,76.53561231695069,85,125,15,11
1612314218720,32.84448266761809,-117.16822635755032,76.67374459577843,85,125,15,11
1612314218810,32.84446036515264,-117.16819771237816,76.81113528276597,85,125,15,11
1612314218912,32.844438035008025,-117.16816902677871,76.94985573187053,84,125,15,11
1612314219053,32.84441571252337,-117.16814029306485,77.09197802606494,84,125,15,11
1612314219173,32.84439338714637,-117.16811151779049,77.23512732007056,84,125,15,11
1612314219253,32.84437105157862,-117.16808270898137,77.37429800712562,84,125,15,11
1612314219453,32.844348625136696,-117.16805375165751,77.51199103863365,83,125,15,11
1612314219557,32.84432630481507,-117.16802488565615,77.64825014690737,83,125,15,11
1612314219638,32.84430398219169,-117.16799598195898,77.7837324492485,83,125,15,11
1612314219724,32.84428166731626,-117.16796703517565,77.91869205107986,83,124,15,11
1612314219811,32.84425936014566,-117.16793804908409,78.0528135870317,83,124,15,11
1612314219906,32.84423706851071,-117.16790903888945,78.18539418638976,83,124,15,11
1612314219999,32.84421466899431,-117.16787988906871,78.31967155444121,82,124,15,11
1612314220149,32.844192351796934,-117.16785083389821,78.4547517364677,82,124,15,11
1612314220231,32.84417003701258,-117.16782175509017,78.58896451532149,82,124,15,11
1612314220312,32.84414772756051,-117.16779266518387,78.72131355374135,82,124,15,11
1612314220451,32.84412539983256,-117.16776354285766,78.85375563295275,82,124,15,11
1612314220554,32.84410307337493,-117.16773439419153,78.98579241931449,82,124,15,11
1612314220635,32.844080632166595,-117.16770509541318,79.11664388640318,81,124,15,11
1612314220706,32.84405831452815,-117.16767590621734,79.2443271164999,81,124,15,11
1612314220801,32.844035956556645,-117.16764671295692,79.37392227469087,81,124,15,11
1612314220972,32.84401360614739,-117.16761748503234,79.50378240364336,81,124,15,11
1612314221053,32.843991252312556,-117.16758822724846,79.63198106871903,81,124,15,11
1612314221156,32.84396888601236,-117.16755895799648,79.75827501038609,81,124,15,11
1612314221237,32.84394640609081,-117.16752952089152,79.88401440874814,81,123,15,11
1612314221386,32.84392402894203,-117.16750021634331,80.00980357856653,81,123,15,11
1612314221511,32.843901647560855,-117.16747089428621,80.1334144707794,81,123,15,11
1612314221626,32.84387924163207,-117.16744154721293,80.25650843916986,81,123,15,11
1612314221705,32.84385684303135,-117.16741217601313,80.37970426420729,81,123,15,11
1612314221789,32.84383442939005,-117.16738281265448,80.50178053465156,81,123,15,11
1612314221872,32.843811861963296,-117.16735327705388,80.6264804450593,80,123,15,11
1612314222046,32.843789418941256,-117.16732391383536,80.75298125107223,80,123,15,11
1612314222127,32.84376696496175,-117.16729453987844,80.88103156804706,80,123,15,11
1612314222206,32.843744519182145,-117.16726514639866,81.00492630494882,80,123,15,11
1612314222288,32.84372206409236,-117.16723577035617,81.12305960217131,80,123,15,11
1612314222378,32.843699603209565,-117.16720640461934,81.24355059578785,80,123,15,11
1612314222522,32.84367701139143,-117.16717688575646,81.36593442863683,80,123,15,11
1612314222613,32.843654524607544,-117.16714753651091,81.48890093187433,80,123,15,11
1612314222697,32.84363202551207,-117.1671181997393,81.6114655546053,80,123,15,11
1612314222848,32.843541838060055,-117.16700074798271,82.07521758959295,80,122,15,11
1612314222947,32.84351934692642,-117.16697142046024,82.18869851091306,80,122,15,11
1612314223051,32.84349684914975,-117.16694208476876,82.30301371847398,80,122,15,11
1612314223151,32.84347433255712,-117.16691277161273,82.4196885352185,80,122,15,11
1612314223355,32.843451798708365,-117.16688345096775,82.53836071216988,80,122,15,11
1612314223436,32.84342926146729,-117.16685412402552,82.65665554120494,80,122,15,11
1612314223518,32.84340659531779,-117.16682460405792,82.77348476496687,80,122,15,11
1612314223606,32.843384067275544,-117.16679527421067,82.89112536719949,80,122,15,11
1612314223685,32.84336152804711,-117.16676594716483,83.0071130542206,80,122,15,11
1612314223835,32.843338979172415,-117.1667366099141,83.11932351991743,80,122,15,11
1612314223937,32.84331642053226,-117.16670728565354,83.2307589299048,80,122,15,11
1612314224063,32.84329382876939,-117.16667796445334,83.34099639836208,80,122,15,11
1612314224146,32.84327108855168,-117.16664845996627,83.45138493614972,80,122,15,11
1612314224227,32.84324847907796,-117.166619159216,83.56397749460528,80,122,15,11
1612314224386,32.84322588491701,-117.1665898378643,83.67917648354452,80,122,15,11
1612314224467,32.843203311443276,-117.16656048989293,83.79137126108537,80,122,15,11
1612314224560,32.84318075016439,-117.16653113627825,83.89894668870362,80,122,15,11
1612314224646,32.84315820465891,-117.16650178611685,84.00744871966442,80,122,15,11
1612314224727,32.84313552579263,-117.16647224047185,84.1153912755118,80,122,15,11
1612314224896,32.84311304754697,-117.16644291370638,84.22343041170495,80,122,15,11
1612314224977,32.84309060767754,-117.16641357946534,84.3312789284315,80,122,15,11
1612314225058,32.84306820190822,-117.16638426410375,84.43597863068396,80,122,15,11
1612314225146,32.84304579893892,-117.16635499098336,84.53921814368707,80,122,15,11
1612314225284,32.843023418064185,-117.16632572833339,84.64370072059798,80,122,15,11
