1616368297058,32.852236389904306,-117.20479445029292,72.77984763890298,53,102,7,11
1616368297251,32.852238925590825,-117.20484970881445,73.20779228798926,49,95,7,11
1616368297370,32.85223956299154,-117.20486348290204,73.30766394780856,50,96,7,11
1616368297489,32.85224030568419,-117.2048772602307,73.40545600134936,50,95,7,11
1616368297619,32.85224102598998,-117.20489106008544,73.51774484267895,50,94,7,11
1616368297770,32.85224176492811,-117.20490484657569,73.63758573822825,49,93,7,11
1616368297936,32.852242525819484,-117.20491870666787,73.75868478416672,50,93,9,11
1616368298051,32.852243353197316,-117.20493249880207,73.88241303483656,50,93,9,11
1616368298318,32.85224666701294,-117.20498695684874,74.36315902266328,48,90,9,11
1616368298430,32.85224754247591,-117.20500046259728,74.5017821765357,46,89,9,11
1616368298544,32.8522484124502,-117.20501380864675,74.64735355109188,46,88,9,11
1616368298659,32.85224921707219,-117.20502709044878,74.79378778878973,46,88,9,11
1616368298971,32.85225257239153,-117.20507924429072,75.32819048869294,43,83,12,11
1616368299085,32.85225343422383,-117.20509193623526,75.46130692542609,42,82,12,11
1616368299174,32.85225428748631,-117.20510446885443,75.59320260190023,41,81,12,11
1616368299344,32.85225513959806,-117.20511683517003,75.71635144809294,41,80,12,11
1616368299462,32.852255987388325,-117.20512900686668,75.83581318682447,41,80,12,11
1616368299574,32.85225684156417,-117.20514096468311,75.95012344131233,41,80,12,11
1616368299867,32.85226020195469,-117.20518651011406,76.37469164051905,40,77,12,11
1616368299983,32.85226100622769,-117.2051973145958,76.47098653163496,40,77,12,11
1616368300098,32.85226182404996,-117.2052079000874,76.56426623952173,41,77,12,11
1616368300188,32.852262614708245,-117.20521827718565,76.65700891332092,40,76,12,11
1616368300413,32.852263413753754,-117.20522843306219,76.74754651941647,41,76,12,11
1616368300524,32.85226424341203,-117.20523838671173,76.83082422153761,41,76,12,11
1616368300789,32.85226802375918,-117.20527646005327,77.0987456615498,39,73,12,11
1616368300868,32.85226908091051,-117.2052855733266,77.1532382193982,39,73,12,11
1616368301017,32.85227016004441,-117.20529451400266,77.20805300134339,39,72,12,11
1616368301132,32.85227129265659,-117.20530325694415,77.26199590606957,39,72,12,11
1616368301219,32.852272440146514,-117.20531181054533,77.31550846754882,39,72,12,11
1616368301395,32.85227356639178,-117.20532015267653,77.36272309678193,38,71,12,11
1616368301508,32.8522747112508,-117.20532824292926,77.40566502082059,38,71,12,11
1616368301624,32.85227592637174,-117.2053361233131,77.45053458772207,39,71,12,11
1616368301768,32.85227933516682,-117.20535822545916,77.55082424601025,40,71,12,11
1616368301880,32.852280446641295,-117.20536506477345,77.57477550916403,40,71,12,11
1616368301999,32.85228150381335,-117.20537161719079,77.59759491935249,40,71,12,11
1616368302110,32.85228251068648,-117.20537783714882,77.62381568440316,40,71,12,11
1616368302200,32.85228345672589,-117.20538373912444,77.64840863263922,40,71,12,11
1616368302427,32.852284363067,-117.2053893199782,77.66520595882305,40,70,12,11
1616368302543,32.852285235655415,-117.20539462570883,77.67717210991697,39,70,12,11
1616368302727,32.85228837335565,-117.20541330163329,77.72662638967995,39,69,12,11
1616368302916,32.85228905446693,-117.20541734051484,77.73579878288959,40,70,12,11
1616368303046,32.85228969513117,-117.20542114445553,77.74179602133515,40,70,12,11
1616368303159,32.85229030951182,-117.20542472675062,77.74695779686739,40,70,12,11
1616368303246,32.8522908771365,-117.20542809165362,77.75343851750854,40,69,12,11
1616368303415,32.8522913958825,-117.20543124485201,77.75892486042267,39,69,12,11
1616368303528,32.852291914971204,-117.20543419048944,77.76250918826388,40,70,12,11
1616368303769,32.8522937407551,-117.20544474215879,77.7696594378543,41,71,12,11
1616368303881,32.85229417337199,-117.20544724545424,77.77148126111395,41,71,12,11
1616368304003,32.852294598632355,-117.20544970232605,77.7736783382683,42,71,12,11
1616368304117,32.85229501235987,-117.20545211300386,77.77479420614742,42,71,12,11
1616368304206,32.85229541459731,-117.20545450671943,77.77818488973037,41,71,12,11
1616368304432,32.852295813529565,-117.20545687968095,77.78204119468126,41,70,12,11
1616368304558,32.85229619159248,-117.20545925285707,77.78692758730266,39,69,12,11
1616368304785,32.85229785769778,-117.20546905787229,77.79352647344307,39,69,12,11
1616368304900,32.852298308718865,-117.20547179248766,77.79794721149152,39,70,12,11
1616368305012,32.852298760139035,-117.20547464227236,77.80196818253434,38,70,12,11
1616368305128,32.85229924334297,-117.20547763676355,77.80659420956592,39,70,12,11
1616368305216,32.852299719695885,-117.2054808478382,77.8187271746968,38,69,12,11
1616368305383,32.85230023229127,-117.20548422921539,77.83418178921607,37,69,12,11
1616368305499,32.85230075958451,-117.20548774841197,77.84550257228153,36,68,12,11
1616368305620,32.85230125408626,-117.2054914502685,77.85676668334867,36,68,12,11
1616368305762,32.852302724115674,-117.20550358149585,77.88806810918071,36,67,12,11
1616368305875,32.85230308891629,-117.20550798883451,77.8998102562629,36,68,12,11
1616368305989,32.85230344407398,-117.2055125570828,77.91211211224753,37,68,12,11
1616368306105,32.85230380442944,-117.20551730534767,77.92639544321395,37,68,12,11
1616368306193,32.85230404245744,-117.20552222424078,77.94315903536418,37,69,12,11
1616368306418,32.85230414167041,-117.20552729427473,77.96271941598847,38,69,12,11
1616368306529,32.85230406721721,-117.20553247609124,77.98024156641169,38,69,12,11
1616368306766,32.8523022698519,-117.20555440449644,78.01989375934583,40,71,12,11
1616368306886,32.852301292837375,-117.20556014319757,78.01998099973834,41,71,12,11
1616368307001,32.85230003291809,-117.20556593931126,78.03486068448866,41,72,12,11
1616368307114,32.85229860719901,-117.20557182255232,78.05707069105632,43,73,12,11
1616368307201,32.852296995073885,-117.20557777591924,78.07816225100764,44,74,12,11
1616368307371,32.85229512935711,-117.2055837228812,78.08823159056439,45,74,12,11
