1618180378660,32.79017798006706,-117.20859895235411,-26.85183267509895,90,116,10,11
1618180378773,32.79017826609926,-117.20859898649162,-26.858877105448823,90,116,10,11
1618180378918,32.790178479130404,-117.20859899078873,-26.86647800170136,90,116,10,11
1618180379032,32.7901786110553,-117.20859896968466,-26.874067815658954,89,116,10,11
1618180379144,32.790178666360795,-117.20859891985852,-26.882232891162317,88,115,10,11
1618180379264,32.79017869606326,-117.2085988663384,-26.891546831585718,87,115,10,11
1618180379376,32.790178712193786,-117.20859885250263,-26.89664331314036,87,115,10,11
1618180379644,32.79017901528953,-117.20859870231142,-26.913112524634798,82,115,10,11
1618180379761,32.790179183708844,-117.20859862548495,-26.91613415868699,80,115,10,11
1618180379892,32.79017927937929,-117.20859868865799,-26.9196707155117,78,115,10,11
1618180380018,32.7901793689438,-117.20859869255119,-26.922199645406856,77,115,10,11
1618180380130,32.790179453659505,-117.20859864250603,-26.923467366967053,76,115,10,11
1618180380245,32.790179539415256,-117.20859862435081,-26.926045544762932,74,114,10,11
1618180380356,32.79017957766929,-117.20859864509592,-26.928431558911715,73,114,10,11
1618180380506,32.790179750499455,-117.20859861065962,-26.936733258045155,70,113,10,11
1618180380700,32.790179799977274,-117.20859853208445,-26.937106182184404,69,113,10,11
1618180380815,32.79017984918954,-117.20859855575584,-26.94036708495861,68,112,10,11
1618180380946,32.790179891079966,-117.2085985534038,-26.942269656204967,67,111,10,11
1618180381071,32.79017990757639,-117.20859852136634,-26.944478793712463,66,111,10,11
1618180381184,32.790179949772984,-117.20859849804188,-26.946821471074205,65,110,10,11
1618180381298,32.790179992839356,-117.20859847414968,-26.946705758556895,64,110,10,11
1618180381411,32.79017999606637,-117.20859848145409,-26.94846661522077,64,109,10,11
1618180381642,32.79018008052292,-117.20859844999033,-26.95384290018995,62,108,10,11
1618180381777,32.79018009642155,-117.20859840558242,-26.953359449127305,61,108,10,11
1618180381901,32.79018011365865,-117.20859836786346,-26.954283208513193,61,107,10,11
1618180382026,32.7901801234438,-117.20859836811937,-26.95551936197244,61,107,10,11
1618180382138,32.790180216628556,-117.20859836519224,-26.95629312546881,60,107,10,11
1618180382250,32.7901803249552,-117.2085983623575,-26.956238313712948,60,106,10,11
1618180382363,32.79018049691899,-117.20859838380386,-26.95805655149144,60,106,10,11
1618180382545,32.79018132743532,-117.2085985445515,-26.960001185025302,58,105,10,11
1618180382674,32.79018174121141,-117.2085986074239,-26.959393625568215,58,104,10,11
1618180382840,32.790182184482425,-117.20859868950102,-26.961719976854333,57,103,10,11
1618180382957,32.79018270731359,-117.2085987660802,-26.962059053296837,56,102,10,11
1618180383082,32.79018333789062,-117.20859890976486,-26.963676927197554,55,101,10,11
1618180383194,32.790184038576776,-117.20859903703438,-26.96433320780644,55,101,10,11
1618180383314,32.7901848608619,-117.20859920135817,-26.965305711785934,55,100,10,11
1618180383546,32.79018934553235,-117.20860012069912,-26.970816494345403,53,96,10,11
1618180383635,32.790190733067476,-117.20860041382629,-26.972730686070385,53,96,10,11
1618180383806,32.79019224095522,-117.20860072297468,-26.975114662382616,52,95,10,11
1618180383920,32.79019386756543,-117.20860106642537,-26.976974781329385,53,94,10,11
1618180384032,32.79019562676112,-117.208601444895,-26.97769777868897,53,94,10,11
1618180384155,32.79019752676417,-117.20860184678861,-26.97637837890733,53,94,10,11
1618180384268,32.790199574952986,-117.20860227543677,-26.974809043479954,53,93,10,11
1618180384516,32.790209145251495,-117.20860448109738,-26.988631745746844,52,90,10,11
1618180384676,32.79021189295866,-117.20860515975701,-26.991378483776046,53,90,10,11
1618180384816,32.7902148013807,-117.20860589855063,-26.988619459888856,53,90,10,11
1618180384927,32.79021780990532,-117.20860677193758,-26.98695369874264,53,89,10,11
1618180385041,32.79022092466466,-117.20860773927795,-26.986728823844583,53,88,10,11
1618180385162,32.790224175543045,-117.20860877009244,-26.98332471139213,54,88,10,11
1618180385275,32.79022753535581,-117.20860988213667,-26.98379596756077,54,88,10,11
1618180385538,32.79024190601004,-117.2086153209648,-26.95611807276615,54,86,10,11
1618180385651,32.790245727662914,-117.20861693336597,-26.9445272693493,54,85,10,11
1618180385762,32.790249649726846,-117.20861862647644,-26.930450325363235,54,84,10,11
1618180385909,32.79025363621562,-117.20862046231275,-26.92100400027211,55,85,10,11
1618180386023,32.790257734019335,-117.20862243309372,-26.90915594722386,55,85,10,11
1618180386154,32.790261912531314,-117.20862454420822,-26.90422647426073,56,85,10,11
1618180386266,32.79026618118381,-117.20862682167973,-26.90032292121714,55,84,10,11
1618180386500,32.79028400152208,-117.20863767776628,-26.894190432594918,54,81,10,11
1618180386647,32.790288600214616,-117.20864087184714,-26.894835044493725,54,81,10,11
1618180386801,32.79029322993693,-117.20864428542536,-26.893671964501745,55,81,10,11
1618180386952,32.790297878820155,-117.20864793303903,-26.89529381190063,56,81,10,11
1618180387073,32.79030254194584,-117.20865181797203,-26.899612450109263,56,81,10,11
1618180387185,32.79030720694145,-117.20865593403308,-26.90526453932946,56,81,10,11
1618180387300,32.79031185666291,-117.20866030957106,-26.912109232049403,56,81,10,11
1618180387539,32.79032976865304,-117.208680050681,-26.97759304475804,57,81,10,11
1618180387655,32.790333993791414,-117.20868545561078,-26.998656606573366,57,81,10,11
1618180387806,32.79033812650593,-117.20869100357935,-27.02275083523604,57,81,10,11
1618180387966,32.790342137874966,-117.20869669093256,-27.048075687504,57,80,10,11
1618180388080,32.79034605488696,-117.20870251981336,-27.07218564257524,56,80,10,11
1618180388192,32.79034985148856,-117.20870847655611,-27.101052578754846,55,79,10,11
1618180388305,32.7903535362914,-117.20871455020931,-27.13465268283106,54,78,10,11
1618180388421,32.7903638307209,-117.2087335716792,-27.23688531601333,53,77,10,11
1618180388537,32.79036704081359,-117.20874016022326,-27.274697780115346,52,76,10,11
1618180388649,32.790370097133774,-117.2087468844393,-27.313545725689583,52,76,10,11
1618180389030,32.7903805984932,-117.20877514185511,-27.481098155349706,52,75,10,11
