1631986108610,32.85660167271275,-117.23063536694278,49.246347756774036,25,46,13,11
1631986108694,32.85662995248891,-117.23062784283661,49.35337352319148,26,46,13,11
1631986108855,32.85665827344893,-117.23062045602003,49.46003695008449,26,47,13,11
1631986108970,32.856686602882334,-117.23061318200446,49.55401304847506,27,47,14,11
1631986109214,32.85680014708984,-117.23058508870008,49.92099073113681,29,49,13,11
1631986109328,32.85682858433139,-117.23057830893588,50.015155491027,29,49,13,11
1631986109420,32.85685703285979,-117.23057165546469,50.108045029268375,30,50,13,11
1631986109597,32.856885505104486,-117.23056513383953,50.20496197893684,31,50,13,11
1631986109678,32.856913928948124,-117.23055868015513,50.30393576609422,30,50,14,11
1631986109823,32.856942443669645,-117.23055230988994,50.42601716236385,30,50,14,11
1631986109953,32.856970993436576,-117.23054602247596,50.54854197039371,31,51,14,11
1631986110111,32.85705669674055,-117.23052788830937,50.815855062530034,32,52,14,11
1631986110256,32.857085310241565,-117.230522042607,50.90752940778592,32,53,14,11
1631986110368,32.85711394346263,-117.23051634193982,51.004428330425185,33,54,14,11
1631986110551,32.85714260285723,-117.2305107538713,51.10643783053192,34,55,14,11
1631986110699,32.857171280050586,-117.23050534126119,51.206901807960165,35,56,14,11
1631986110779,32.857199978042296,-117.23050007551493,51.30697836783853,36,57,14,11
1631986111045,32.85731495794054,-117.23048016932209,51.70573477874859,40,61,14,11
1631986111175,32.85734374231405,-117.23047539349191,51.80316752270056,40,61,14,11
1631986111395,32.85737254073377,-117.23047070575467,51.89795454870771,40,62,14,11
1631986111584,32.85748784313639,-117.23045322758385,52.26176626409805,40,63,14,11
1631986111730,32.85751669712284,-117.2304491749715,52.35005256601965,39,62,14,11
1631986111842,32.85754556035812,-117.2304452363095,52.43577290866481,39,62,14,11
1631986111955,32.85757441940738,-117.23044139779381,52.51562747730078,37,61,14,11
1631986112210,32.85766096940697,-117.23043046235449,52.74965721564385,34,59,13,11
1631986112325,32.857689844515036,-117.2304270105747,52.82532803249871,33,58,13,11
1631986112440,32.85771869533629,-117.23042364143878,52.89272660112914,32,58,13,11
1631986112557,32.85774750306262,-117.2304203001342,52.95742486232832,32,57,13,11
1631986112678,32.85777633591782,-117.23041705161148,53.020155757043916,31,57,13,11
1631986112822,32.857805249391674,-117.23041386418649,53.0775749965226,31,56,13,11
1631986112935,32.85783405329998,-117.23041077572375,53.1308029452956,30,56,13,11
1631986113213,32.85794907818895,-117.23039885418652,53.35155932023478,30,56,14,11
1631986113327,32.85797798999282,-117.23039599749255,53.41251447172037,30,56,14,11
1631986113441,32.85800674631899,-117.23039319592142,53.47441471367155,30,56,13,11
1631986113568,32.85803545779735,-117.230390449502,53.5386601856753,30,57,13,11
1631986113682,32.8580641943007,-117.23038770902797,53.60493119574085,30,56,13,11
1631986113830,32.858092905317676,-117.23038497107396,53.67160849217377,30,56,13,11
1631986113949,32.85812161456583,-117.23038220226958,53.73716910362686,30,56,13,11
1631986114107,32.85820783333607,-117.23037367846082,53.95986773774864,29,56,14,11
1631986114276,32.85823651553793,-117.23037079368645,54.04514104016743,29,55,13,11
1631986114388,32.858265161748676,-117.23036792316975,54.13857842243878,29,55,13,11
1631986114500,32.858293831760555,-117.23036504503386,54.23256461437577,29,55,13,11
1631986114637,32.85832271530554,-117.23036211711873,54.323960743707744,28,55,13,11
1631986114730,32.85835134396024,-117.23035915598405,54.40597534609984,28,54,13,11
1631986114874,32.858379977174245,-117.23035616025824,54.49393329093734,28,54,13,11
1631986115109,32.85849491011831,-117.23034421511,54.85585054456865,28,54,13,11
1631986115253,32.85852353077031,-117.23034133168368,54.93351456190385,28,54,13,11
1631986115366,32.85855219517426,-117.2303384297166,55.0300012821578,28,54,12,11
1631986115482,32.85858089662202,-117.23033549512655,55.12681589897128,29,55,12,11
1631986115622,32.85860958252518,-117.23033260597633,55.21466233347453,29,55,12,11
1631986115714,32.85863822266193,-117.23032975778014,55.30463570705351,29,56,12,11
1631986115858,32.858666878554864,-117.23032694578578,55.41550174690972,29,56,12,11
1631986116138,32.85878161882199,-117.23031565210123,55.79659798266014,29,57,12,11
1631986116306,32.85881026245569,-117.23031282980895,55.87491190091091,29,57,12,11
1631986116419,32.85883895405342,-117.23031000762724,55.96606426911457,29,57,12,11
1631986116549,32.858867650010545,-117.23030719996524,56.057065642370866,29,57,12,11
1631986116683,32.85889632464283,-117.23030438201064,56.149106704732844,30,57,14,11
1631986116776,32.85892502841498,-117.23030156890803,56.23989350986453,30,57,14,11
1631986116920,32.858953734781814,-117.2302987701164,56.33514645850909,30,58,14,11
1631986117147,32.859068619885505,-117.23028762692351,56.689549548947525,31,59,14,11
1631986117296,32.85909734526175,-117.23028488142978,56.778519775551416,31,59,14,11
1631986117411,32.859126113187834,-117.23028216984565,56.864582643675114,31,59,13,11
1631986117525,32.859154835836705,-117.23027949842711,56.947583251451995,31,59,13,11
1631986117660,32.85918361432912,-117.23027685364887,57.037379964816644,31,59,13,11
1631986117786,32.859212362912594,-117.2302742200464,57.12512633182552,31,59,13,11
1631986117896,32.859241121585924,-117.23027154095624,57.21019835155089,31,59,13,11
1631986118185,32.85935621177563,-117.2302607901456,57.546195914775765,31,60,13,11
1631986118285,32.85938499406157,-117.2302581030489,57.629225753184855,31,60,13,11
1631986118440,32.85941378027992,-117.2302553975639,57.71154109434335,31,61,13,11
1631986118561,32.859442586077556,-117.23025271159483,57.79498300322274,31,61,13,11
1631986118699,32.859471386760106,-117.23025003614556,57.883943936251605,31,61,13,11
