1619906166403,32.77233323199033,-117.18054656136364,47.30159224413191,36,58,13,11
1619906166516,32.77233323660604,-117.18054655813914,47.30196559704425,36,57,13,11
1619906166618,32.7723332392197,-117.1805465606003,47.30305245713796,36,57,13,11
1619906166858,32.77233325674971,-117.1805465695203,47.304538370705885,36,57,13,11
1619906166966,32.772333265393186,-117.18054655876624,47.305679281753065,36,57,13,11
1619906167101,32.77233327171318,-117.1805465538769,47.30628366984359,35,57,13,11
1619906167223,32.772333291754485,-117.18054656913162,47.30756763959587,35,56,13,11
1619906167312,32.772333300182694,-117.18054655951637,47.30834910749503,35,55,13,11
1619906167458,32.772333302781995,-117.18054655961757,47.30947546351206,34,55,13,11
1619906167575,32.77233331238436,-117.1805465605702,47.30985982150398,34,55,13,11
1619906167718,32.77233333128228,-117.18054655176385,47.311544404804316,33,53,13,11
1619906167857,32.77233333420347,-117.18054655553773,47.31217456580908,33,53,13,11
1619906168001,32.772333345456104,-117.18054656116436,47.312793602486366,33,53,13,11
1619906168136,32.77233334612935,-117.18054656016203,47.31368282761488,33,53,13,11
1619906168248,32.77233335181611,-117.18054655174788,47.314538315801116,33,53,13,11
1619906168347,32.772333346913506,-117.18054654906967,47.315149229386456,33,53,13,11
1619906168491,32.772333354371476,-117.18054654504101,47.31537655246027,33,52,13,11
1619906168734,32.77233337083831,-117.1805465232396,47.318569509535706,33,52,13,11
1619906168912,32.7723333770341,-117.18054653154724,47.31836474536567,33,52,13,11
1619906169073,32.77233336727656,-117.18054652380144,47.31883928831813,33,53,13,11
1619906169208,32.772333366390384,-117.18054651436026,47.32008896836231,34,53,13,11
1619906169319,32.77233335207907,-117.1805465041806,47.32022936337305,34,53,13,11
1619906169526,32.772333375932305,-117.18054651322142,47.32154423138206,34,53,13,11
1619906169672,32.77233336704157,-117.18054649669344,47.3214436820076,34,53,13,11
1619906169832,32.772333374625326,-117.1805464994748,47.322327783143116,34,53,13,11
1619906170005,32.77233337920041,-117.18054649818049,47.32196435297823,34,53,13,11
1619906170179,32.77233340075595,-117.18054650342538,47.32102465023256,32,51,13,11
1619906170328,32.77233340603188,-117.18054650978206,47.321746557369934,32,51,13,11
1619906170438,32.77233339341146,-117.18054650824341,47.32044769924477,32,51,13,11
1619906170576,32.77233340369572,-117.18054650487502,47.320254316302545,32,51,13,11
1619906170688,32.772333410909056,-117.18054651853876,47.32066621442681,32,51,13,11
1619906170825,32.77233341222777,-117.18054651109311,47.32123051931481,32,51,13,11
1619906171024,32.772333409398335,-117.18054652709255,47.319834645789754,32,51,13,11
1619906171140,32.77233340745107,-117.18054653155787,47.318880308646456,32,51,13,11
1619906171230,32.77233341055579,-117.18054653717542,47.31844973947506,32,51,13,11
1619906171376,32.772333403052734,-117.18054652977513,47.31799834325085,32,50,13,11
1619906171492,32.772333410872285,-117.18054652897071,47.316622359377384,32,50,13,11
1619906171626,32.77233340894642,-117.18054653676428,47.31595459878993,32,50,13,11
1619906171739,32.772333398102255,-117.18054653368021,47.316515660077094,32,50,13,11
1619906171911,32.77233340638791,-117.18054655623862,47.31259736971095,32,50,13,11
1619906172045,32.77233340601597,-117.18054655649703,47.31224888286104,32,50,13,11
1619906172162,32.77233340149992,-117.18054655288898,47.31168951498861,32,50,13,11
1619906172251,32.772333398864816,-117.18054655977944,47.31056610108353,32,50,13,11
1619906172397,32.77233340828235,-117.18054656761012,47.309176155315086,31,49,13,11
1619906172508,32.772333409184284,-117.18054657419245,47.308139689821296,31,49,13,11
1619906172648,32.77233339956888,-117.180546577585,47.30539964566315,30,48,13,11
1619906172801,32.77233340971819,-117.1805465976599,47.30217757741225,29,47,13,11
1619906172946,32.772333407526915,-117.18054660304793,47.30105102325153,29,47,13,11
1619906173079,32.77233340099945,-117.1805465951293,47.30005020154462,29,47,13,11
1619906173213,32.77233340428162,-117.1805466012132,47.29911542175051,29,47,13,11
1619906173315,32.77233339946238,-117.18054661324327,47.29833160698701,29,47,13,11
1619906173459,32.772333392408115,-117.18054660816341,47.29748324597383,29,47,13,11
1619906173572,32.77233339479674,-117.18054661001425,47.29673783338937,29,47,13,11
1619906173713,32.77233338982038,-117.1805466114128,47.295979806092234,30,47,13,11
1619906173796,32.772333384023554,-117.18054661897902,47.29334010887033,30,47,13,11
1619906173917,32.772333388242934,-117.1805466199296,47.29332066328922,30,47,13,11
1619906174053,32.77233338794644,-117.18054662436157,47.29167052738918,30,47,13,11
1619906174166,32.77233338719814,-117.18054661565968,47.29101163170675,30,47,13,11
1619906174259,32.77233338364239,-117.1805466134243,47.289702578105505,30,47,13,11
1619906174404,32.77233338781765,-117.18054661979406,47.28913162023971,30,47,13,11
1619906174515,32.772333390377874,-117.18054662123215,47.288368841147175,30,47,13,11
1619906174765,32.7723333929137,-117.18054661665035,47.285821759811306,30,47,13,11
1619906174948,32.772333395139256,-117.1805466193979,47.28531413921113,30,47,13,11
1619906175058,32.77233339226871,-117.18054661471045,47.284388317555646,31,48,13,11
1619906175198,32.772333388861064,-117.18054662812447,47.28285006458623,31,48,13,11
1619906175312,32.77233339384237,-117.18054661672164,47.28311147205383,31,48,13,11
1619906175514,32.77233339539574,-117.18054663492732,47.27954462847316,31,48,13,11
1619906175628,32.77233338965229,-117.18054663532621,47.279169175887105,31,48,13,11
1619906175788,32.77233338883099,-117.18054663717567,47.27872160152036,31,48,13,11
1619906175966,32.77233338953797,-117.18054663961848,47.277770080235584,31,48,13,11
1619906176074,32.77233337992506,-117.18054663293897,47.27738567261298,31,49,13,11
1619906176220,32.77233337707571,-117.1805466381996,47.27760132912994,32,49,13,11
1619906176334,32.77233338358334,-117.18054663232203,47.27682967375468,32,49,13,11
1619906176516,32.772333374719,-117.18054663332845,47.27348580895611,33,50,13,11
