1611883351288,32.865100342599774,-117.20811818130831,50.61875084039145,85,123,15,11
1611883351422,32.865107332494226,-117.20812533455718,50.66969949492827,84,123,15,11
1611883351519,32.86511438494182,-117.20813245655782,50.72382932703677,85,123,15,11
1611883351600,32.86512149896279,-117.20813951103388,50.77951462056343,85,123,15,11
1611883351705,32.86512864905944,-117.20814650559892,50.82897630035927,85,123,15,11
1611883351844,32.865135806551535,-117.20815343733686,50.878466216020364,85,123,15,11
1611883351932,32.865142967067555,-117.20816026038838,50.92587159666783,85,123,15,11
1611883352012,32.8651501174504,-117.2081669854415,50.9740863944792,84,123,15,11
1611883352095,32.86515721325849,-117.20817360813732,51.02131793561454,84,123,15,11
1611883352196,32.86516422406047,-117.2081801077469,51.06859330641998,84,123,15,11
1611883352280,32.86517110966286,-117.20818648497344,51.113573608178676,84,123,15,11
1611883352423,32.86517783075164,-117.2081927479676,51.15917549731176,84,123,15,11
1611883352515,32.865184391810054,-117.20819886959094,51.203874191800665,84,123,15,11
1611883352600,32.86519079924825,-117.20820483188795,51.24689732291362,84,123,15,11
1611883352692,32.8651970354885,-117.20821063849213,51.28823340236698,84,123,15,11
1611883352788,32.86520308648606,-117.20821628577607,51.328567956724015,84,123,15,11
1611883352927,32.865208955897266,-117.20822177618368,51.36734086440519,84,123,15,11
1611883353067,32.865214638665464,-117.20822711914016,51.4022434931171,84,123,15,11
1611883353149,32.86522014035356,-117.20823229852765,51.43752091773107,84,123,15,11
1611883353283,32.8652254490706,-117.20823731200204,51.47611436884384,84,123,15,11
1611883353361,32.865230541539546,-117.20824216612496,51.511265365833275,84,123,15,11
1611883353521,32.865235409343036,-117.20824683717522,51.54061956375773,84,123,15,11
1611883353600,32.865240054961816,-117.20825132588932,51.570131298181145,84,123,15,11
1611883353693,32.86524446979351,-117.2082556450711,51.60087758652959,84,123,15,11
1611883353785,32.865248649991045,-117.2082598077387,51.62808016411013,84,123,15,11
1611883353870,32.86525264221646,-117.20826379822817,51.653948781722015,84,123,15,11
1611883354020,32.86525647876288,-117.20826762318414,51.681590319482645,84,123,15,11
1611883354102,32.86526015868089,-117.2082713161471,51.71071368726437,84,123,15,11
1611883354183,32.865263631601024,-117.20827488167753,51.73164427752162,84,123,15,11
1611883354301,32.865266943459226,-117.20827831246415,51.75583828755629,85,123,15,11
1611883354382,32.86527006793424,-117.20828158336826,51.77456064971989,85,123,15,11
1611883354510,32.86527302300619,-117.20828470643936,51.795191270864024,84,123,15,11
1611883354600,32.8652758474161,-117.20828764605615,51.81232394350394,84,123,15,11
1611883354689,32.86527851436464,-117.20829046242031,51.82317464691734,85,123,15,11
1611883354796,32.86528104054449,-117.20829314626059,51.83897634937415,85,123,15,11
1611883354933,32.86528342174031,-117.2082956884425,51.8564966423831,85,123,15,11
1611883355023,32.865285642887116,-117.20829812060305,51.86593944030006,85,123,15,11
1611883355159,32.86528769461116,-117.2083004154693,51.87676143588097,85,123,15,11
1611883355240,32.865289585372956,-117.20830250343582,51.89006403151804,85,123,15,11
1611883355355,32.865291322688655,-117.2083043880652,51.899399491131156,85,123,15,11
1611883355427,32.86529290856456,-117.20830608253733,51.90679035044312,85,123,15,11
1611883355567,32.86529433159968,-117.2083076107913,51.912306858416976,85,123,15,11
1611883355657,32.86529560437172,-117.2083089737752,51.916337932352,85,123,15,11
1611883355738,32.86529674150917,-117.20831015758192,51.91889509916474,85,123,15,11
1611883355845,32.86529770606001,-117.20831116698439,51.91807700973285,85,123,15,11
1611883355923,32.865298492569835,-117.20831200260683,51.91734521468872,85,123,15,11
1611883356073,32.86529913725876,-117.20831265069688,51.9160326106968,85,123,15,11
1611883356159,32.86529965029581,-117.20831313292364,51.91145877634075,85,123,15,11
1611883356240,32.86530007658159,-117.20831352721694,51.90561976400159,85,123,15,11
1611883356353,32.865300447559825,-117.20831387095308,51.90054536924791,85,123,15,11
1611883356423,32.865300782932216,-117.20831417716569,51.896105643340654,85,123,15,11
1611883356570,32.86530109787161,-117.20831444998527,51.89208759938892,85,123,15,11
1611883356662,32.86530139457654,-117.20831470831212,51.887885702302505,85,123,15,11
1611883356750,32.86530167636929,-117.20831495222808,51.88411647125991,85,123,15,11
1611883356853,32.86530194595908,-117.20831518213481,51.88050883876047,85,123,15,11
1611883356994,32.86530220640232,-117.20831540719873,51.87699953471995,85,123,15,11
1611883357075,32.86530246553278,-117.2083156299091,51.87374142790372,85,123,15,11
1611883357213,32.865302729669054,-117.20831586035266,51.870519663255486,85,123,15,11
1611883357296,32.865303005697655,-117.20831610701634,51.867494670004504,85,123,15,11
1611883357422,32.86530330526549,-117.20831638202627,51.864590904486036,85,123,15,11
1611883357492,32.86530363185574,-117.20831669951275,51.86198984172893,85,123,15,11
1611883357630,32.865303984406076,-117.2083170483042,51.86012369359094,85,123,15,11
1611883357721,32.8653043596032,-117.2083174183699,51.858831499521685,85,123,15,11
1611883357811,32.86530475968244,-117.2083178166439,51.858366619980075,85,123,15,11
1611883357912,32.865305189475734,-117.20831822890943,51.8588428036021,84,123,15,11
1611883358057,32.865305631187674,-117.20831867257564,51.86020790570871,84,123,15,11
1611883358136,32.86530608142579,-117.2083191243201,51.86303404248083,84,123,15,11
1611883358218,32.86530652323863,-117.2083195785502,51.86483181409753,83,123,15,11
1611883358301,32.865306936360184,-117.20831999167834,51.8671311210196,83,123,15,11
1611883358416,32.86530733342346,-117.20832038903869,51.870225856860934,83,123,15,11
1611883358493,32.86530772158464,-117.20832077216731,51.87269698280516,83,123,15,11
1611883358634,32.865308077777065,-117.2083211331491,51.87488531450278,82,123,15,11
1611883358745,32.865308411343655,-117.20832147173549,51.87827607760388,82,123,15,11
1611883358893,32.865309574368325,-117.20832261344682,51.888635831512765,81,122,15,11
1611883359035,32.86530982304749,-117.20832285304066,51.89134725750686,81,122,15,11
1611883359115,32.86531005974442,-117.20832307196623,51.89437266449077,81,122,15,11
1611883359237,32.86531025506296,-117.20832326552049,51.897439652291325,81,122,15,11
1611883359307,32.86531042129763,-117.20832341531286,51.90004334733498,81,122,15,11
1611883359452,32.86531054244856,-117.20832351939607,51.90201097736541,80,122,15,11
1611883359548,32.865310613726194,-117.20832354209753,51.90332397174738,80,122,15,11
1611883359629,32.86531062291048,-117.20832351829924,51.903633101934226,80,122,15,11
1611883359738,32.86531060524951,-117.20832345581496,51.9032789678336,80,122,15,11
1611883359875,32.865310606110064,-117.20832340838568,51.90382947291039,80,122,15,11
1611883359955,32.86531062511347,-117.2083233959845,51.90492026077596,80,122,15,11
1611883360045,32.86531063984969,-117.20832337978588,51.90627875334051,80,122,15,11
1611883360127,32.86531064574372,-117.20832335050476,51.90683936477094,80,122,15,11
1611883360242,32.86531066223386,-117.20832332431208,51.90846498980809,80,122,15,11
1611883360312,32.86531066615075,-117.20832330129247,51.90990780410188,79,122,15,11
1611883360456,32.86531066334149,-117.20832326429432,51.91126676461121,79,121,15,11
1611883360556,32.86531066218116,-117.20832322853188,51.911397555571774,79,121,15,11
1611883360636,32.86531070872541,-117.20832324794038,51.91065634602883,79,121,15,11
1611883360744,32.86531086992822,-117.20832341459446,51.90940221361426,79,121,15,11
1611883360883,32.86531118659739,-117.20832376401613,51.911824480719815,79,121,15,11
1611883360963,32.86531166428787,-117.20832430301111,51.918318943397274,79,121,15,11
1611883361101,32.865312320307105,-117.20832502936963,51.927451066230915,79,121,15,11
1611883361184,32.86531315481359,-117.2083259481648,51.93843960113742,79,121,15,11
1611883361299,32.86531414956679,-117.20832707138037,51.95059107875094,79,121,15,11
1611883361368,32.86531531535167,-117.2083283902297,51.96556074116774,79,121,15,11
1611883361524,32.86531666077982,-117.20832990889578,51.97848011867753,80,121,15,11
