1618182314642,32.808657660949734,-117.232136391787,19.908880354252574,38,61,11,11
1618182314756,32.80866051431574,-117.23212292815458,19.911747536092015,39,62,11,11
1618182314874,32.808663354116476,-117.23210945175121,19.899050257286106,38,61,11,11
1618182314987,32.80866622875376,-117.23209590011217,19.893456831729086,38,61,11,11
1618182315075,32.80866910601589,-117.23208236610543,19.88933517995829,38,61,11,11
1618182315240,32.808671966041054,-117.23206880365429,19.885493819037734,39,61,11,11
1618182315353,32.80867492615571,-117.23205523843305,19.87928806944501,39,62,11,11
1618182315463,32.80867784681879,-117.23204160139647,19.870100315792687,39,61,11,11
1618182315648,32.808686685050255,-117.232000612859,19.838445333443005,39,61,11,11
1618182315764,32.808689616693506,-117.23198692201912,19.82990357587125,38,61,11,11
1618182315885,32.80869254279034,-117.23197327459354,19.81826574953601,39,61,11,11
1618182316000,32.80869547625302,-117.23195963875988,19.808295096470236,39,61,11,11
1618182316089,32.80869837677034,-117.23194605110446,19.792062554113205,38,61,11,11
1618182316258,32.80870127437321,-117.23193251144797,19.77375251174834,38,60,11,11
1618182316366,32.80870416022107,-117.23191889701037,19.763481794261075,38,60,11,11
1618182316479,32.8087070145163,-117.23190534172075,19.75768337553109,37,59,11,11
1618182316689,32.80871542725519,-117.23186507779609,19.724251337536806,37,59,11,11
1618182316800,32.808718085906825,-117.2318516666336,19.716977224270476,37,59,11,11
1618182316927,32.808720704678024,-117.23183817955496,19.713873562267775,37,59,11,11
1618182317051,32.808723245426606,-117.23182484298195,19.703649876855323,37,59,11,11
1618182317139,32.80872574802556,-117.23181162487904,19.6902039412966,38,59,11,11
1618182317304,32.80872824041656,-117.2317983515775,19.68724762445855,38,59,11,11
1618182317444,32.8087353687579,-117.23175863646625,19.688881428944423,38,60,11,11
1618182317616,32.80873765077721,-117.23174551733382,19.68232893496375,39,60,11,11
1618182317727,32.80873991702869,-117.23173237685192,19.66956845097495,38,60,11,11
1618182317819,32.808742216770945,-117.23171924932892,19.65504992131869,38,59,11,11
1618182317964,32.80874456404802,-117.23170612077834,19.63843475360231,37,58,11,11
1618182318079,32.80874699573594,-117.23169306107691,19.614910746682117,37,58,11,11
1618182318172,32.808749464001906,-117.23167998763066,19.58128311377625,37,57,11,11
1618182318336,32.80875195853631,-117.23166703610106,19.545538469286,36,56,11,11
1618182318646,32.80876167912832,-117.23161524440636,19.49947396159475,34,53,11,11
1618182318754,32.80876406790549,-117.23160241214488,19.47760261175726,34,54,11,11
1618182318870,32.80876640782149,-117.23158965331179,19.44541308175845,34,54,11,11
1618182318986,32.80876876707474,-117.2315770047794,19.402244157678936,34,53,11,11
1618182319110,32.80877112784887,-117.23156439552498,19.362696201595956,34,53,11,11
1618182319203,32.808773474368394,-117.23155178382507,19.340573753034967,34,53,11,11
1618182319368,32.80877584498809,-117.23153923896894,19.314682466286786,33,52,11,11
1618182319417,32.8087831221212,-117.23150204613046,19.214516973911877,32,51,11,11
1618182319623,32.8087856288727,-117.23148975249462,19.178420092709246,32,50,11,11
1618182319734,32.80878814485038,-117.23147749973465,19.138444461548556,32,50,11,11
1618182319854,32.80879065651992,-117.2314653458063,19.093072313413057,32,50,11,11
1618182319970,32.80879322035077,-117.23145326577588,19.03798792911406,32,50,11,11
1618182320085,32.808795772260964,-117.23144119658846,18.985972980838774,32,49,10,11
1618182320174,32.808798292373375,-117.23142917137794,18.93495670971934,32,49,10,11
1618182320349,32.80880081917669,-117.23141721560096,18.883192826398517,31,48,10,11
1618182320612,32.808810835868165,-117.23136994601096,18.647412706028675,32,48,10,11
1618182320767,32.808813230320396,-117.23135829541097,18.582507089243954,32,48,10,11
1618182320899,32.808815643130146,-117.23134673803519,18.509392919705654,33,49,11,11
1618182321010,32.808817984472064,-117.2313352565758,18.429430975197235,33,50,11,11
1618182321124,32.808820346595795,-117.23132382639683,18.343517656428123,34,50,11,11
1618182321340,32.80882966732738,-117.23127771019895,17.983907750968967,36,52,11,11
1618182321484,32.808832043907046,-117.23126603424424,17.887785847994014,36,52,11,11
1618182321696,32.80883442060011,-117.231254250279,17.79055576413859,36,52,11,11
1618182321809,32.80883682936224,-117.23124245145614,17.685568733533803,36,53,11,11
1618182321925,32.80883929002912,-117.23123064622712,17.572334755893152,36,53,11,11
1618182322139,32.808849182609784,-117.23118282133622,17.093298061759352,36,53,11,11
1618182322262,32.8088516976579,-117.23117085446079,16.955863788390534,36,53,11,11
1618182322374,32.80885418400977,-117.23115891167713,16.807377511946775,37,54,11,11
1618182322507,32.808856692621774,-117.23114684439423,16.667642465592937,37,54,11,11
1618182322846,32.808866809326304,-117.23109826286473,16.07708953913961,37,55,11,11
1618182322961,32.80886930906015,-117.23108605612252,15.924209640174327,37,55,11,11
1618182323071,32.80887182375006,-117.23107390066717,15.761909695113934,37,55,11,11
1618182323215,32.808874359765255,-117.23106163655673,15.612345854445707,37,54,11,11
1618182323338,32.80887692564636,-117.2310492818843,15.466966957887276,37,54,11,11
1618182323451,32.80887948526937,-117.23103686976322,15.313959400250807,36,53,11,11
1618182323745,32.80888992279477,-117.23098745436234,14.616220635834482,34,52,11,11
1618182323859,32.80889257889113,-117.23097499217049,14.43677129919499,35,52,11,11
1618182323974,32.80889520433857,-117.23096248668611,14.244091385310295,34,52,11,11
1618182324103,32.80889786257786,-117.2309500451061,14.059385701628894,34,52,11,11
1618182324254,32.80890055525265,-117.23093760318929,13.873577667639633,35,52,11,11
1618182324365,32.80890325227199,-117.23092519679983,13.687512040273004,34,52,11,11
1618182324477,32.808905873891696,-117.23091286530456,13.495582144875286,34,51,11,11
1618182324646,32.80891396544891,-117.23087574551076,12.946905365067982,34,51,11,11
1618182324804,32.808916584196716,-117.23086354462491,12.741344656284202,33,50,11,11
