1612659473751,32.912850287576376,-117.13585729569624,102.28791761232219,44,100,15,11
1612659473905,32.912850282147026,-117.13585730770637,102.289487071223,44,100,15,11
1612659474019,32.91285025789176,-117.1358573126585,102.29112156900736,44,100,15,11
1612659474165,32.912850266169315,-117.1358573391732,102.29269414449354,44,100,15,11
1612659474340,32.91285022759169,-117.13585738332259,102.29773455131041,44,99,15,11
1612659474529,32.912850211590246,-117.13585739029462,102.29898361848794,44,99,15,11
1612659474696,32.91285020237172,-117.13585741655419,102.30118292403026,44,100,15,11
1612659474809,32.91285019331809,-117.13585741052154,102.3023908289862,44,100,15,11
1612659475042,32.91285012241198,-117.13585747588837,102.309385973093,44,100,15,11
1612659475185,32.91285011938456,-117.13585750109976,102.31140736597892,44,100,15,11
1612659475319,32.912850107460066,-117.13585751133301,102.31246556180804,44,100,15,11
1612659475441,32.9128500984773,-117.13585751979905,102.31325938009881,44,100,15,11
1612659475631,32.9128500838666,-117.13585752410006,102.31588868986186,44,100,15,11
1612659475822,32.91285004522537,-117.13585757125405,102.3198962807489,44,100,15,11
1612659475936,32.912850030191215,-117.13585759637402,102.32098915806931,44,99,15,11
1612659476080,32.91285003320563,-117.13585759931235,102.32107408457873,44,99,15,11
1612659476226,32.91285001736958,-117.1358576186348,102.32324584028285,44,99,15,11
1612659476360,32.91285001001407,-117.13585762893288,102.32408010937894,44,99,15,11
1612659476470,32.91285001306565,-117.13585764693708,102.32458311095289,44,99,15,11
1612659476625,32.91284998942466,-117.13585767581772,102.32747474074402,43,99,15,11
1612659476739,32.912849982653235,-117.13585766912885,102.32917337685205,43,99,15,11
1612659476884,32.912849980704905,-117.13585768883236,102.33042591610526,43,99,15,11
1612659476998,32.91284997660583,-117.13585769873191,102.33094069055403,43,99,15,11
1612659477142,32.91284997902589,-117.1358577071648,102.33050088560455,43,98,15,11
1612659477293,32.91284996774902,-117.13585770665912,102.33122484582533,43,98,15,11
1612659477432,32.91284995276345,-117.13585772633643,102.33302556361379,43,98,15,11
1612659477617,32.91284994222799,-117.13585775476766,102.33308840555488,42,97,15,11
1612659477763,32.912849947452585,-117.13585775397587,102.33253586501597,42,97,15,11
1612659477879,32.912849944864554,-117.13585776794905,102.33278242523829,42,97,15,11
1612659477991,32.912849941853366,-117.13585777206168,102.33207343390673,42,96,15,11
1612659478165,32.9128499426305,-117.13585777279178,102.33263660061978,42,96,15,11
1612659478277,32.91284994161565,-117.13585777298735,102.33090380774668,41,95,15,11
1612659478601,32.912849944477244,-117.13585780707086,102.32967628180134,41,94,15,11
1612659478720,32.91284993389811,-117.13585779959134,102.33010855482004,41,94,15,11
1612659478832,32.912849932448516,-117.13585780518635,102.32938913751262,40,93,15,11
1612659478985,32.9128499349612,-117.13585781463087,102.3290075272187,40,93,15,11
1612659479216,32.9128499417633,-117.13585782359489,102.32834555482596,40,92,15,11
1612659479332,32.91284995567891,-117.13585782632205,102.32798038006554,40,92,15,11
1612659479446,32.91284996040835,-117.13585783581885,102.3281901556982,40,92,15,11
1612659479632,32.912849971130825,-117.13585783171511,102.32831167085332,40,92,15,11
1612659479748,32.912849960518415,-117.13585783391021,102.32945157515763,40,92,15,11
1612659479862,32.91284998840702,-117.13585782925487,102.32939829336902,40,92,15,11
1612659480120,32.91285001692617,-117.13585782968877,102.33174899890615,40,92,15,11
1612659480259,32.912850025364655,-117.13585783236151,102.3317898584373,40,92,15,11
1612659480535,32.91285004540939,-117.13585783911734,102.33447532218727,41,92,15,11
1612659480647,32.9128500648537,-117.13585781267906,102.33568091952283,41,93,15,11
1612659480747,32.91285006017936,-117.13585781730204,102.33644434171741,41,93,15,11
1612659480870,32.91285007840641,-117.13585780878685,102.33769927207396,41,93,15,11
1612659481023,32.91285009077246,-117.13585781377867,102.33754665477547,41,93,15,11
1612659481168,32.91285009563195,-117.13585781065491,102.3386704652061,41,93,15,11
1612659481430,32.91285013578776,-117.13585780667756,102.34053664961606,42,94,15,11
1612659481550,32.912850135309675,-117.13585779369181,102.34158860375874,42,94,15,11
1612659481629,32.912850128968266,-117.13585778784729,102.3413162198945,42,94,15,11
1612659481763,32.91285014675482,-117.13585778276868,102.3397694935986,42,94,15,11
1612659481888,32.91285015194912,-117.13585779039163,102.33982219616685,42,94,15,11
1612659482033,32.91285015609815,-117.13585779035667,102.3400493073133,42,94,15,11
1612659482187,32.91285017049143,-117.13585778199608,102.33905663737455,42,94,15,11
1612659482337,32.91285017277779,-117.13585778260385,102.33823518842237,42,94,15,11
1612659482590,32.91285019093905,-117.13585779766065,102.33713667495363,41,93,15,11
1612659482703,32.91285019157304,-117.1358578007931,102.33640345258644,41,93,15,11
1612659482805,32.91285019766958,-117.13585778562425,102.33485606043413,41,93,15,11
1612659482933,32.9128502025885,-117.13585778362923,102.33484354321797,41,93,15,11
1612659483217,32.91285021776516,-117.1358577809838,102.33044059935797,41,92,15,11
1612659483329,32.91285022001132,-117.1358577834186,102.33025949288319,40,92,15,11
1612659483447,32.912850234836505,-117.13585777880493,102.32902768196693,40,92,15,11
1612659483627,32.91285024477349,-117.13585777160446,102.3273663611257,40,92,15,11
1612659483745,32.912850236662045,-117.1358577914349,102.32768970548926,40,91,15,11
1612659483854,32.91285023868199,-117.13585777164897,102.32507099068306,40,91,15,11
