1620507614286,32.84711171660054,-117.18401515677897,38.72376764321784,50,88,11,11
1620507614407,32.847107304380366,-117.1840478421825,38.72299919797135,48,86,11,11
1620507614518,32.84710293628752,-117.1840802993423,38.717231680587446,48,84,11,11
1620507614725,32.847085482962314,-117.18420999826425,38.668257366787316,45,80,11,11
1620507614871,32.847081092664475,-117.1842424268841,38.650197366844516,45,79,11,11
1620507615020,32.84707671506562,-117.18427486697081,38.635678064724175,45,79,11,11
1620507615195,32.84707235670729,-117.18430733956133,38.62366861786406,45,78,11,11
1620507615305,32.84706797745239,-117.18433983181477,38.610112344129426,45,78,11,11
1620507615424,32.847063595015115,-117.1843723298996,38.58969751820541,45,78,11,11
1620507615636,32.84704608823472,-117.18450244164735,38.51532994187842,45,78,11,11
1620507615766,32.84704172230904,-117.18453500986878,38.49751610561971,45,78,11,11
1620507615932,32.84703733909115,-117.18456758966802,38.48137967341046,46,78,11,11
1620507616026,32.84703297779569,-117.1846001763965,38.46443186001364,46,78,11,11
1620507616174,32.84702860499706,-117.18463279729625,38.44691853900201,46,78,11,11
1620507616299,32.84702423934903,-117.18466541295678,38.42806519906374,47,78,11,11
1620507616412,32.847019879019854,-117.184698054536,38.413203093875744,46,78,11,11
1620507616545,32.84701551690932,-117.18473069651117,38.39602063671238,46,77,11,11
1620507616656,32.84701114699848,-117.1847633717303,38.37628114483291,46,77,11,11
1620507616814,32.847006772507896,-117.18479613744749,38.35677858927267,46,77,11,11
1620507616873,32.84699368933493,-117.18489427813083,38.31403849110997,45,76,11,11
1620507616970,32.84698933411283,-117.18492700322527,38.29753933741875,45,75,11,11
1620507617177,32.84698498806723,-117.18495975743106,38.28039398955919,44,74,11,11
1620507617303,32.84698060889677,-117.18499266463024,38.25977281612088,44,74,11,11
1620507617385,32.84697626145793,-117.18502541767923,38.24525311262389,44,73,11,11
1620507617538,32.84696324667421,-117.18512361516738,38.18882738820794,43,72,11,11
1620507617651,32.84695890780904,-117.18515639626416,38.172483482005866,43,73,11,11
1620507617814,32.84695448693901,-117.1851893733233,38.14892156064099,44,73,10,11
1620507617949,32.84695006692168,-117.18522207550677,38.12778120868805,44,73,10,11
1620507618060,32.846945558309855,-117.1852547681488,38.1107541716334,44,73,10,11
1620507618153,32.846940981117896,-117.18528744244132,38.09559923581087,45,73,10,11
1620507618312,32.84693632192577,-117.18532010854575,38.08198623421722,44,73,10,11
1620507618536,32.84691694360644,-117.18545068629324,38.01207465078625,43,72,10,11
1620507618650,32.84691193098378,-117.18548335299393,37.996102285984726,44,72,10,11
1620507618813,32.84690685125993,-117.18551602162873,37.97785161207211,44,72,10,11
1620507618953,32.84690169669957,-117.18554869458583,37.962024557628986,44,72,10,11
1620507619066,32.84689647709804,-117.18558137273043,37.94545024666468,44,73,10,11
1620507619221,32.846891213431604,-117.18561407706281,37.9377547907484,45,73,10,11
1620507619436,32.84686989749953,-117.18574503560458,37.8928078821239,45,73,11,11
1620507619553,32.84686454029443,-117.18577782158606,37.881398692189315,45,73,11,11
1620507619667,32.84685922389503,-117.18581062784833,37.86964537679722,45,73,11,11
1620507619878,32.84685391908086,-117.18584348388367,37.86230944392955,45,73,11,11
1620507620011,32.84684862710282,-117.18587635113046,37.85527793687674,44,73,11,11
1620507620125,32.84684334125677,-117.18590923366752,37.84765144733415,44,72,11,11
1620507620218,32.84683806738981,-117.1859421943256,37.842928849335664,43,71,11,11
1620507620428,32.84681712371826,-117.1860741210411,37.79787495471477,44,72,11,11
1620507620540,32.846811937729065,-117.18610719440476,37.79263328426679,44,72,11,11
1620507620656,32.84680674539382,-117.18614039614154,37.776158148873556,44,72,11,11
1620507620865,32.846801603287666,-117.18617347179068,37.75341058736903,44,72,11,11
1620507621001,32.84679648493408,-117.18620656993191,37.7392498211345,43,71,11,11
1620507621134,32.846781422291855,-117.18630610386361,37.69763064163158,42,69,11,11
1620507621247,32.846776406775135,-117.18633948697423,37.679016800841744,41,68,11,11
1620507621380,32.84677147467512,-117.18637269368655,37.664936009213505,41,68,11,11
1620507621490,32.84676655646805,-117.1864059066849,37.64952654454125,41,68,11,11
1620507621610,32.8467616578566,-117.1864391448988,37.63395373276795,41,68,11,11
1620507621717,32.8467567883587,-117.18647238157621,37.616084047918925,41,68,11,11
1620507621893,32.846751964879,-117.1865056331402,37.59893858420911,40,67,11,11
1620507622132,32.84673304901791,-117.18663893882398,37.50342077287194,42,69,11,11
1620507622244,32.84672844192462,-117.18667214812515,37.48630806504742,42,69,11,11
1620507622378,32.846723903709076,-117.18670541573327,37.48803325330551,42,69,11,11
1620507622464,32.84671939207228,-117.18673870189956,37.476788421574604,42,69,11,11
1620507622654,32.84671487986251,-117.1867719166323,37.45163949615186,42,69,11,11
1620507622768,32.846710372715414,-117.18680508254522,37.415909040953544,43,69,11,11
1620507622900,32.84670589913053,-117.18683820759244,37.38535088086067,43,70,11,11
1620507623139,32.84668836046612,-117.18697084356798,37.3350064782889,44,71,11,11
1620507623250,32.84668400406243,-117.18700392185382,37.312743162237986,45,72,11,11
1620507623384,32.84667965212927,-117.18703701161716,37.296093017900446,45,72,11,11
1620507623528,32.84667532730114,-117.18707006137674,37.27731843132015,45,72,11,11
1620507623660,32.846671007693544,-117.18710311947444,37.26046960694597,46,73,11,11
1620507623774,32.846666668952835,-117.18713612278309,37.238550952933984,46,74,11,11
1620507623937,32.846662310336,-117.18716913026759,37.218750447385105,47,74,11,11
1620507624138,32.846644692766446,-117.18730096022068,37.14966146194836,49,76,11,11
1620507624250,32.84664021933231,-117.18733383282094,37.13576683123664,49,77,11,11
1620507624386,32.84663573752668,-117.18736668245165,37.12313415635447,49,77,11,11
