3600049339311,32.64778844312624,-117.06072662383524,-12.084617827461852,85,126,15,11
3600049339447,32.64780793284897,-117.06075294985618,-12.12896096709403,85,126,15,11
3600049339527,32.647827316152664,-117.06077933563694,-12.182905109802512,85,126,15,11
3600049339629,32.647846542371056,-117.06080584523006,-12.23363870404658,85,126,15,11
3600049339718,32.64786566222032,-117.06083244871505,-12.272149278703987,85,126,15,11
3600049339886,32.64788467116059,-117.06085912823896,-12.307722832526098,85,126,15,11
3600049339965,32.64790357790595,-117.06088586788496,-12.341272538292033,85,126,15,11
3600049340048,32.64792237867943,-117.06091266098203,-12.37342264815626,85,126,15,11
3600049340132,32.64794108480936,-117.06093950181277,-12.403044789877466,85,126,15,11
3600049340220,32.64795969159682,-117.0609663742569,-12.434603863724938,85,126,15,11
3600049340505,32.648014872454105,-117.06104724681332,-12.527262559503624,85,126,15,11
3600049340587,32.64803305267378,-117.06107427776027,-12.560059523359778,85,126,15,11
3600049340668,32.64805111907822,-117.06110136899167,-12.59149516343304,85,126,15,11
3600049340772,32.648069073577,-117.06112851269593,-12.623269662696512,85,126,15,11
3600049340858,32.64808692308798,-117.06115571380757,-12.655942178611697,85,126,15,11
3600049340949,32.64810466757676,-117.06118296511895,-12.69067402181385,85,126,15,11
3600049341043,32.648122327909384,-117.0612102666861,-12.726675802966994,85,126,15,11
3600049341145,32.648139877711905,-117.06123762386865,-12.766739895068927,85,126,15,11
3600049341372,32.64815731482981,-117.0612650183869,-12.814448960615136,85,126,15,11
3600049341459,32.64817465832982,-117.06129245578872,-12.859655979942323,85,126,15,11
3600049341556,32.648191902111556,-117.06131994624089,-12.901321922541685,85,126,15,11
3600049341637,32.64820904537678,-117.06134748388257,-12.942596251040703,85,126,15,11
3600049341736,32.64822610346055,-117.06137504639987,-12.985659469831841,85,126,15,11
3600049341909,32.64824307527879,-117.06140262889903,-13.029162087022018,85,126,15,11
3600049341987,32.64825997613205,-117.06143025168332,-13.065289876998625,85,126,15,11
3600049342071,32.64827678771768,-117.06145791254707,-13.100238949845066,85,126,15,11
3600049342161,32.64829354953252,-117.06148561245548,-13.128355820636955,85,126,15,11
3600049342242,32.648310332770926,-117.06151333983456,-13.154188374583736,85,126,15,11
3600049342400,32.64832699242302,-117.06154110139532,-13.205045910405563,85,126,15,11
3600049342559,32.648343465755445,-117.06156895652629,-13.260023010783472,85,126,15,11
3600049342642,32.648359968517624,-117.0615967994278,-13.295494262491943,85,126,15,11
3600049342720,32.64837653272194,-117.06162463040044,-13.307402941540305,85,126,15,11
3600049342819,32.648393034441774,-117.06165252496598,-13.323734463475793,84,126,15,11
3600049342932,32.64840938876209,-117.06168048531524,-13.34474094365944,84,125,15,11
3600049343002,32.64842561611234,-117.06170854356135,-13.366781206262706,84,125,15,11
3600049343097,32.648441717809675,-117.06173669436767,-13.387343613940367,84,125,15,11
3600049343178,32.648457712006085,-117.06176490299268,-13.41403739193088,84,125,15,11
3600049343247,32.64847359931799,-117.06179317137234,-13.441592046591193,84,126,15,11
3600049343479,32.648489411778215,-117.06182149909851,-13.464993470825714,84,126,15,11
3600049343562,32.64850516568521,-117.06184987277938,-13.488997312119317,84,125,15,11
3600049343666,32.64852086047934,-117.06187826811586,-13.522819863543402,84,125,15,11
3600049343744,32.64853647163285,-117.06190672305998,-13.557889826970541,84,125,15,11
3600049343838,32.648552020400125,-117.06193528430929,-13.587545465876754,84,125,15,11
3600049344003,32.648567495158645,-117.06196392848072,-13.629488650078951,84,125,15,11
3600049344081,32.64858288999639,-117.06199263811655,-13.692146886536655,85,125,15,11
3600049344168,32.6485981826871,-117.06202140561896,-13.766343010337506,84,125,15,11
3600049344228,32.64864369460166,-117.06210821114024,-13.894527077993526,84,125,15,11
3600049344318,32.648658734668984,-117.06213733169187,-13.923975923272167,85,125,15,11
3600049344433,32.64867366963695,-117.06216652442662,-13.96683019197132,85,125,15,11
3600049344608,32.648688483157414,-117.06219579080219,-14.011409986756023,84,125,15,11
3600049344703,32.64870321551003,-117.06222515182611,-14.038732436025555,84,125,15,11
3600049344808,32.648717880960845,-117.06225462902206,-14.047042811441202,84,125,15,11
3600049344885,32.648732446937224,-117.06228417550763,-14.06323094742705,84,125,15,11
3600049344977,32.648746886593116,-117.06231382564539,-14.083151232364852,85,125,15,11
3600049345063,32.648761213921894,-117.06234355913337,-14.106386356122767,85,125,15,11
3600049345162,32.64877544549044,-117.0623733705045,-14.126969493847767,84,125,15,11
3600049345376,32.64878959847315,-117.0624032552869,-14.14428374087631,84,125,15,11
3600049345468,32.6488036819655,-117.06243320795382,-14.164456311199697,84,125,15,11
3600049345551,32.64881769211313,-117.06246321998464,-14.193383707907486,84,125,15,11
3600049345645,32.648831620125556,-117.06249324516334,-14.239840170760749,85,125,15,11
3600049345726,32.64884547132789,-117.06252329077414,-14.288425508646608,85,125,15,11
3600049345894,32.648859259484,-117.06255337496759,-14.32459363989533,84,125,15,11
3600049345973,32.648872994145066,-117.06258348210442,-14.354751240647454,84,125,15,11
3600049346058,32.648886656793856,-117.06261362231707,-14.383645225934899,84,125,15,11
3600049346139,32.648900214225065,-117.0626437649439,-14.427912640130387,85,125,15,11
3600049346230,32.64891369548996,-117.0626739443074,-14.468953287891352,85,125,15,11
3600049346391,32.64892711072094,-117.06270412479789,-14.513134242907185,85,125,15,11
3600049346545,32.64894047492848,-117.0627343089616,-14.555418381890622,84,125,15,11
3600049346630,32.64895378812035,-117.06276449418378,-14.598921894904477,84,125,15,11
3600049346726,32.64896704318321,-117.06279468238839,-14.64197885805262,84,125,15,11
3600049346807,32.648980240511094,-117.06282487357807,-14.685902541327232,84,125,15,11
3600049346918,32.64899338635286,-117.06285506439521,-14.7238922590047,84,125,15,11
3600049346997,32.64900650050278,-117.06288522698762,-14.763674114983516,84,125,15,11
3600049347080,32.649019561579884,-117.06291538823206,-14.799300498210158,83,125,15,11
3600049347161,32.64903256536081,-117.0629455264458,-14.83741811883033,83,125,15,11
3600049347252,32.64904550536608,-117.06297565783314,-14.8768231878649,83,125,15,11
3600049347438,32.649058389005546,-117.0630057764981,-14.918090803638602,83,125,15,11
3600049347559,32.64907123145273,-117.06303588654131,-14.956534391205162,83,125,15,11
3600049347643,32.64908403033143,-117.06306594378444,-15.00039292634768,83,125,15,11
3600049347734,32.64909680757858,-117.06309598608853,-15.037136489942124,82,125,15,11
3600049347821,32.6491095634992,-117.06312599548686,-15.07079254520569,82,125,15,11
3600049347988,32.649122291795365,-117.06315595601156,-15.100815791893464,82,125,15,11
3600049348067,32.64913498675928,-117.063185894195,-15.131384657963766,82,125,15,11
3600049348151,32.649147653591804,-117.06321581768186,-15.160387482383513,82,125,15,11
3600049348328,32.649198040241856,-117.06333511438656,-15.300603732933293,81,125,15,11
3600049348430,32.64921059033657,-117.06336483353414,-15.337371755515706,81,125,15,11
3600049348537,32.64922313656739,-117.06339452422158,-15.368801085686764,81,125,15,11
3600049348645,32.64923565615303,-117.06342414769802,-15.406666337022909,81,125,15,11
3600049348775,32.649248160061674,-117.06345374588344,-15.439608497880382,81,124,15,11
3600049348848,32.649260638603415,-117.0634832961085,-15.477260805687242,81,124,15,11
3600049348947,32.649273094468604,-117.06351280124512,-15.509903614150007,81,124,15,11
3600049349047,32.6492855287193,-117.06354228447124,-15.543817228572427,81,124,15,11
3600049349208,32.64929795244963,-117.06357172050848,-15.577370062264624,81,124,15,11
3600049349361,32.64931036527007,-117.06360112531561,-15.613145212326021,81,124,15,11
