1616701474528,32.834528781236656,-117.1977612556824,81.82133822837939,27,53,15,11
1616701474674,32.83453480521251,-117.1977611442546,81.80434634820212,27,53,15,11
1616701474845,32.834540773084335,-117.19776122788149,81.75971159184732,28,54,15,11
1616701474991,32.83454665703015,-117.19776152506033,81.69771180544969,28,54,15,11
1616701475136,32.83455261021057,-117.19776206855832,81.64934633588194,28,55,15,11
1616701475283,32.834577039910016,-117.19776613142928,81.66967243446288,29,55,15,11
1616701475491,32.834583317333326,-117.19776759294268,81.70801565295474,29,55,15,11
1616701475625,32.8345897605782,-117.19776907310558,81.7347551494698,29,56,15,11
1616701475746,32.834596396791426,-117.19777067390389,81.76541914962485,29,56,15,11
1616701475856,32.83460323180301,-117.19777238828294,81.80487870160253,29,56,15,11
1616701476038,32.834624919806394,-117.19777800191635,81.9220632748755,29,57,15,11
1616701476149,32.83463252687517,-117.19777996455092,81.95166091910853,29,57,15,11
1616701476265,32.83464032872153,-117.19778197260321,81.9747672395298,29,56,15,11
1616701476419,32.83464832491994,-117.19778405687336,81.99545551606242,28,56,15,11
1616701476565,32.83465652915167,-117.19778618732394,82.02698295532339,29,56,15,11
1616701476826,32.834691424128806,-117.19779490475017,82.17678503980358,30,58,14,11
1616701476971,32.83470068556215,-117.19779715044011,82.21006566903363,31,59,14,11
1616701477110,32.834710200777664,-117.19779948258694,82.2288631648408,29,58,14,11
1616701477237,32.83471990861463,-117.19780178067357,82.25243612836329,29,57,14,11
1616701477348,32.834729828849646,-117.19780410579993,82.28356691550373,29,58,15,11
1616701477443,32.8347399608326,-117.19780643322049,82.31173830625659,29,58,15,11
1616701477731,32.834782626657706,-117.19781571219461,82.39781167208794,29,57,15,11
1616701477872,32.834793775201604,-117.19781802986766,82.42171334159208,29,57,15,11
1616701478020,32.83480507586718,-117.19782033032207,82.44743709889144,29,58,15,11
1616701478172,32.834816510601705,-117.19782261887283,82.47174613159734,29,58,15,11
1616701478252,32.83482805615327,-117.19782487109124,82.49216226234455,29,58,15,11
1616701478432,32.834862780881316,-117.19783125509315,82.5573222653322,30,59,15,11
1616701478576,32.83487426895256,-117.19783328305384,82.57751217469007,30,59,14,11
1616701478686,32.83488577838339,-117.19783534893047,82.59680017246086,30,59,14,11
1616701478928,32.83491958074871,-117.19784116548948,82.65710837925499,30,60,14,11
1616701479060,32.834930600336136,-117.19784307332218,82.68102587280224,30,60,14,11
1616701479176,32.834941510477854,-117.19784484965975,82.70394793006383,30,61,14,11
1616701479296,32.834952353069475,-117.19784672690164,82.73004069672027,29,60,14,11
1616701479472,32.834962939035016,-117.19784846565591,82.75647909772876,29,60,14,11
1616701479564,32.83497342660546,-117.19785012415375,82.78733099219491,29,60,14,11
1616701479720,32.83500393538132,-117.19785492530514,82.87916214246961,28,59,14,11
1616701479902,32.83501378482083,-117.19785647852632,82.91071875073709,28,59,14,11
1616701480021,32.83502349280251,-117.1978580174402,82.93708004317486,28,59,14,11
1616701480155,32.835033077035,-117.19785956218102,82.95843807677814,27,58,14,11
1616701480269,32.835042611232375,-117.19786111461173,82.98468279751884,26,57,14,11
1616701480483,32.835080709704336,-117.19786693100333,83.09995477364461,27,58,14,11
1616701480630,32.83509029710237,-117.19786831790907,83.12440549077685,28,58,15,11
1616701480802,32.83509993939455,-117.19786969916399,83.15068139184787,28,58,15,11
1616701480960,32.83510962529109,-117.19787107338752,83.17860204354814,28,58,15,11
1616701481105,32.83511939174854,-117.19787242113892,83.20621117189373,28,59,15,11
1616701481239,32.83512920316846,-117.19787377435998,83.23345779466494,28,59,15,11
1616701481402,32.835169275979105,-117.19787906987177,83.3459738665723,25,56,15,11
1616701481535,32.83517948536552,-117.19788034361001,83.36860638053074,25,56,15,11
1616701481683,32.83518980098882,-117.19788166278855,83.39439003188139,25,56,15,11
1616701481795,32.835200225768425,-117.19788304001088,83.4230731347936,25,55,15,11
1616701481945,32.835210739704216,-117.19788441428719,83.45181079897053,24,55,15,11
1616701482090,32.835221335952916,-117.19788582053835,83.47882299816676,24,55,15,11
1616701482226,32.83523204173686,-117.19788727524164,83.5050284389852,25,55,15,11
1616701482418,32.83527582652969,-117.19789352636445,83.62219807422416,25,54,15,11
1616701482532,32.83528701176403,-117.19789525452407,83.65518752837957,25,54,15,11
1616701482690,32.83529828317581,-117.19789702136691,83.68040387839461,25,54,15,11
1616701482859,32.83530964277795,-117.19789889621063,83.70742766842842,24,53,15,11
1616701483135,32.83535603381662,-117.19790689714924,83.83379464930145,24,52,15,11
1616701483248,32.8353678770799,-117.19790902319603,83.87021361746072,24,52,15,11
1616701483359,32.83537977523863,-117.19791112919532,83.90160182908333,24,52,15,11
1616701483533,32.835391774641856,-117.19791333020787,83.92860055646449,24,52,15,11
1616701483680,32.835403900127375,-117.19791559878342,83.96917380073879,24,51,15,11
1616701483957,32.83545324491217,-117.1979247838082,84.09384135511522,25,52,15,11
1616701484068,32.83546582193868,-117.1979271393636,84.1379007944818,25,52,15,11
1616701484192,32.83547849088228,-117.19792952181146,84.18431478568257,26,53,15,11
1616701484306,32.83549123149446,-117.19793193532455,84.22814603799723,26,53,15,11
1616701484487,32.835530030107314,-117.19793918676442,84.3611453526898,28,55,15,11
1616701484612,32.835543097068296,-117.19794163634913,84.40264317256054,28,55,15,11
