1612139631089,32.809439288171426,-117.14013824873373,91.4842230380589,77,121,15,11
1612139631170,32.80943928551014,-117.14013824954726,91.48517006404093,77,121,15,11
1612139631333,32.80943929168312,-117.14013824293214,91.48591355355109,77,121,15,11
1612139631457,32.80943929174974,-117.14013824434477,91.48719268211869,77,121,15,11
1612139631547,32.80943929503995,-117.14013824437184,91.4880770992665,77,121,15,11
1612139631661,32.809439301624174,-117.14013824042213,91.49168115888753,77,121,15,11
1612139631768,32.80943930025736,-117.14013823029423,91.49277902498268,77,121,15,11
1612139631869,32.809439292395744,-117.14013822105353,91.49356139674185,77,121,15,11
1612139631968,32.8094392965532,-117.14013822701202,91.49429506337863,77,121,15,11
1612139632076,32.809439295774204,-117.14013822500499,91.49510536124235,77,121,15,11
1612139632226,32.80943929776397,-117.14013822135813,91.49571186267086,77,121,15,11
1612139632318,32.809439302185346,-117.14013821474103,91.49616417977546,77,121,15,11
1612139632397,32.809439301421676,-117.14013821251622,91.49703808198228,77,121,15,11
1612139632539,32.809439297196555,-117.14013820430242,91.49736256798298,77,121,15,11
1612139632642,32.80943929966905,-117.14013821028121,91.49820075131164,77,121,15,11
1612139632725,32.80943930144241,-117.140138207667,91.49898942984771,77,121,15,11
1612139632815,32.809439305869866,-117.14013820461065,91.49964656708195,77,121,15,11
1612139632896,32.809439303562165,-117.14013819846333,91.50038697330415,77,121,15,11
1612139632975,32.809439307730045,-117.14013819529558,91.50133122270509,76,121,15,11
1612139633153,32.80943930912333,-117.14013819138836,91.50182275609565,76,121,15,11
1612139633278,32.80943931469412,-117.1401381900427,91.50245650726914,77,121,15,11
1612139633371,32.80943931364412,-117.14013818702621,91.5030271499156,77,121,15,11
1612139633454,32.80943931648837,-117.1401381804368,91.5035398588993,77,121,15,11
1612139633536,32.809439313995696,-117.14013817598828,91.50420790868094,77,121,15,11
1612139633707,32.809439321234464,-117.14013817620739,91.50471829160958,76,121,15,11
1612139633786,32.80943932456774,-117.14013817428615,91.50529698776077,76,121,15,11
1612139633881,32.80943932689356,-117.14013816904767,91.50570083251603,76,121,15,11
1612139633962,32.80943933106934,-117.1401381670768,91.50642185917089,76,121,15,11
1612139634043,32.809439331393676,-117.14013816141765,91.5068492375723,77,121,15,11
1612139634151,32.809439338125244,-117.14013816016521,91.50736507039612,77,121,15,11
1612139634274,32.80943933883924,-117.14013816332013,91.50745296473525,76,121,15,11
1612139634364,32.8094393433644,-117.14013816487443,91.50821857082163,76,121,15,11
1612139634445,32.80943934423426,-117.14013815836603,91.50824559073378,76,121,15,11
1612139634572,32.809439350505194,-117.14013816094734,91.50869297294807,76,121,15,11
1612139634739,32.8094393566185,-117.14013816027858,91.5090679529872,76,121,15,11
1612139634829,32.80943935981138,-117.14013815962848,91.50973114798532,76,121,15,11
1612139634921,32.80943936035818,-117.14013816321008,91.50969588120994,76,121,15,11
1612139635002,32.80943936906057,-117.14013815510174,91.50978836142112,76,121,15,11
1612139635081,32.80943937398449,-117.14013816004064,91.51026852536184,76,121,15,11
1612139635240,32.809439376502695,-117.14013815783981,91.51059245090161,76,121,15,11
1612139635368,32.80943938897085,-117.14013816380381,91.51094787900055,76,121,15,11
1612139635458,32.80943941625043,-117.14013816096042,91.510682581364,76,121,15,11
1612139635539,32.80943947915682,-117.14013815882429,91.51030955581163,76,121,15,11
1612139635686,32.80943955418342,-117.14013815438265,91.50988863622062,76,121,15,11
1612139635786,32.80943961910731,-117.14013815523914,91.50995961858509,76,121,15,11
1612139635869,32.809439639308195,-117.14013815622307,91.51025057146,76,121,15,11
1612139635961,32.809439611177744,-117.14013815378287,91.50898565539127,76,121,15,11
1612139636059,32.80943961269829,-117.14013815814944,91.50856569175188,76,121,15,11
1612139636140,32.80943962260416,-117.14013815461763,91.50936430654613,76,121,15,11
1612139636245,32.80943961862048,-117.14013814880411,91.50801481891574,76,121,15,11
1612139636371,32.80943961343235,-117.14013815990987,91.50726315256075,76,121,15,11
1612139636462,32.809439626172434,-117.1401381490698,91.50701685423402,76,121,15,11
1612139636550,32.809439621589576,-117.14013815844747,91.50641583342602,76,121,15,11
1612139636668,32.80943962241686,-117.14013815527206,91.50535654635553,76,121,15,11
1612139636807,32.80943962393046,-117.14013815375226,91.50474972454728,76,121,15,11
1612139636887,32.8094396295439,-117.14013815154873,91.5035008606859,76,121,15,11
1612139636968,32.80943962956928,-117.1401381499815,91.50309163754034,76,121,15,11
1612139637059,32.809439643008204,-117.14013814891928,91.50141560379872,76,121,15,11
1612139637142,32.80943967426996,-117.14013815546305,91.50034487155793,76,121,15,11
1612139637307,32.809439742680865,-117.1401381503998,91.49915790014954,76,121,15,11
1612139637437,32.80943984225001,-117.14013814862686,91.49828164674035,76,121,15,11
1612139637571,32.809440710085106,-117.14013813805444,91.49374207090533,76,121,15,11
1612139637675,32.80944106228681,-117.14013812989785,91.4928293645651,76,121,15,11
1612139637781,32.80944144963127,-117.14013812522333,91.49145492201352,76,121,15,11
1612139637872,32.80944191604399,-117.14013811733145,91.48960437191796,76,121,15,11
1612139637976,32.80944247985151,-117.14013812400424,91.48773330708163,76,121,15,11
1612139638086,32.80944318911837,-117.14013812281374,91.48538900310902,76,121,15,11
1612139638213,32.809444056825,-117.14013811859391,91.48385702465629,76,121,15,11
1612139638304,32.80944509717519,-117.14013811507542,91.4827819587864,76,121,15,11
1612139638385,32.80944631033084,-117.1401381122286,91.48261642397662,76,121,15,11
1612139638469,32.80944767735699,-117.14013809666525,91.4821342007165,76,121,15,11
1612139638647,32.80944920234089,-117.14013807620772,91.48165739342735,77,121,15,11
1612139638729,32.80945087900163,-117.1401380709828,91.48065671878527,77,121,15,11
1612139638813,32.80945270243568,-117.14013807852625,91.47870774828584,77,121,15,11
1612139638903,32.80945466646383,-117.14013806601547,91.47540241764464,77,121,15,11
1612139638984,32.80945677104367,-117.14013804243288,91.47145497646142,78,121,15,11
1612139639143,32.80945900914779,-117.14013803516235,91.46778519186424,78,121,15,11
1612139639267,32.80946139054141,-117.14013804914924,91.4646481580225,78,121,15,11
1612139639357,32.80946387459292,-117.14013807021584,91.46360498949196,78,121,15,11
1612139639438,32.8094664157977,-117.14013806202324,91.46729969287502,79,121,15,11
1612139639520,32.80946897091001,-117.14013802239009,91.46625972087466,79,121,15,11
1612139639697,32.80947153508458,-117.14013798911635,91.46219217224636,79,121,15,11
1612139639788,32.80947409894394,-117.14013798832016,91.45413640561904,79,121,15,11
1612139639866,32.80947666894653,-117.14013796126356,91.44619313828477,80,121,15,11
1612139639958,32.809479242235064,-117.140137965811,91.44090012274386,80,121,15,11
1612139640039,32.80948180684406,-117.14013797937976,91.4371022400769,80,121,15,11
1612139640146,32.80948436539925,-117.1401379283761,91.4335737910378,80,121,15,11
1612139640271,32.80948695222962,-117.14013792456315,91.42820310721228,79,121,15,11
1612139640361,32.809489521745896,-117.14013793272679,91.41710982161653,79,121,15,11
1612139640444,32.809492120624824,-117.14013795972072,91.40844959155444,79,121,15,11
1612139640663,32.80949473077712,-117.14013797313251,91.40011859915303,79,121,15,11
1612139640756,32.809497382820034,-117.14013797842954,91.39026894023624,79,121,15,11
1612139640907,32.80950009368222,-117.14013796739538,91.38092440934024,79,121,15,11
1612139640989,32.80950288286415,-117.14013798350798,91.37097984983322,79,121,15,11
1612139641079,32.8095057268388,-117.14013800456723,91.36558985054806,79,121,15,11
1612139641158,32.809508637579015,-117.14013800851392,91.36324491699044,79,121,15,11
