1618180569124,32.79788942126066,-117.21534398412206,-30.990839464675595,37,71,11,11
1618180569255,32.79788944507733,-117.21534398167557,-30.988190533575146,37,71,11,11
1618180569456,32.79788946215769,-117.21534397670574,-30.977882002231556,37,71,11,11
1618180569638,32.79788946839385,-117.2153439622217,-30.97411861328277,38,72,11,11
1618180569750,32.79788946176549,-117.21534397882127,-30.973300620637602,38,72,11,11
1618180569832,32.7978894782984,-117.21534397523023,-30.970155684643853,38,72,11,11
1618180569979,32.79788946609368,-117.21534397269069,-30.96837519179849,38,72,11,11
1618180570095,32.797889402892736,-117.21534394842209,-30.96578030904534,38,72,11,11
1618180570228,32.79788933656417,-117.21534389988472,-30.962473024134248,38,72,11,11
1618180570458,32.79788862367819,-117.21534358894748,-30.95288838161066,39,73,11,11
1618180570671,32.797888339872365,-117.21534345483754,-30.949748353070856,39,73,11,11
1618180570784,32.7978879595389,-117.21534327236769,-30.947927120900843,39,72,11,11
1618180570896,32.79788748338802,-117.21534305829664,-30.94669980283863,38,72,11,11
1618180571011,32.797886905770895,-117.21534279802508,-30.942925722670044,38,72,11,11
1618180571127,32.79788618980014,-117.21534247417891,-30.942292269176292,38,72,11,11
1618180571266,32.79788536052978,-117.21534208172625,-30.94114585938525,38,72,11,11
1618180571456,32.79788107690005,-117.21533975752268,-30.931926675319016,38,71,10,11
1618180571622,32.79787975322059,-117.21533898392215,-30.930965897298773,39,71,10,11
1618180571741,32.79787834873008,-117.2153381277059,-30.932577559147944,39,71,10,11
1618180571869,32.79787685341672,-117.21533720085996,-30.93462369825989,39,71,10,11
1618180572018,32.797875278856054,-117.21533620331725,-30.937600430673744,39,70,10,11
1618180572141,32.79787360846854,-117.21533515921614,-30.938387151717524,39,70,10,11
1618180572273,32.79787188626216,-117.21533404603322,-30.936735223919538,39,70,10,11
1618180572323,32.79786666047571,-117.21533064214391,-30.93002075424236,37,68,10,11
1618180572462,32.79786487681506,-117.2153295345138,-30.928288299980153,37,67,10,11
1618180572627,32.797863111453964,-117.21532843621942,-30.92574561833546,36,66,10,11
1618180572710,32.797861333509225,-117.21532735346273,-30.925263723260322,35,65,10,11
1618180572903,32.79785956852185,-117.21532629259842,-30.923975570956507,35,65,10,11
1618180573016,32.79785780455556,-117.21532524175763,-30.924987662989153,35,64,10,11
1618180573146,32.79785605265657,-117.21532420781536,-30.92339382317532,35,64,10,11
1618180573341,32.797849100166324,-117.21532032179135,-30.91883498521953,34,63,10,11
1618180573477,32.797847352975744,-117.21531937310321,-30.925657245146393,34,63,10,11
1618180573643,32.79784561716701,-117.21531841789275,-30.927286922173188,34,62,10,11
1618180573803,32.797843864808236,-117.2153174326396,-30.929037063331574,34,62,10,11
1618180573882,32.797842107440935,-117.21531648797954,-30.93237889913145,34,63,10,11
1618180574029,32.79784033031391,-117.2153155376573,-30.93637439910704,34,63,10,11
1618180574159,32.797838515331684,-117.2153145880273,-30.939605401569818,34,63,10,11
1618180574410,32.79783067992889,-117.21531074490856,-30.94385592588081,36,64,11,11
1618180574548,32.79782855760172,-117.21530977306108,-30.9441119977897,36,65,11,11
1618180574689,32.79782637724043,-117.21530881865644,-30.944588160486212,37,65,11,11
1618180574950,32.797816918454316,-117.21530565850003,-30.95206074841174,38,67,11,11
1618180575083,32.79781439457933,-117.21530509346103,-30.95508073593109,39,68,11,11
1618180575198,32.79781184080879,-117.21530470023275,-30.95547410671456,39,68,11,11
1618180575308,32.79780920306256,-117.2153044458171,-30.959148388228048,39,69,11,11
1618180575393,32.7978065215902,-117.21530441449642,-30.96399535779734,40,69,11,11
1618180575561,32.79780378806946,-117.21530453168607,-30.96969042413228,40,69,11,11
1618180575774,32.79780101586812,-117.21530484773679,-30.97455022085537,41,70,11,11
1618180575954,32.797789704094825,-117.21530817075839,-30.998173509761056,40,69,11,11
1618180576090,32.79778688154202,-117.21530952536968,-31.00698510841402,39,68,11,11
1618180576200,32.797784073557224,-117.21531110207233,-31.016460494482835,38,67,11,11
1618180576315,32.797781317778934,-117.21531291698979,-31.025728769729326,36,65,11,11
1618180576487,32.7977786225664,-117.21531493317508,-31.03173729279443,37,65,11,11
1618180576642,32.797771062183024,-117.21532210084133,-31.052075443854164,35,62,11,11
1618180576721,32.797768737161654,-117.21532477878348,-31.05799221793635,35,62,11,11
1618180576883,32.797766517641605,-117.21532756924154,-31.063671529786085,35,61,11,11
1618180576997,32.79776439901186,-117.21533046307236,-31.06859255763262,35,61,11,11
1618180577132,32.79776244133763,-117.21533344224832,-31.07472609376991,34,59,11,11
1618180577245,32.79776058095204,-117.21533646645419,-31.080983455295925,32,58,10,11
1618180577397,32.797758828105955,-117.21533953912115,-31.087912260338666,31,56,10,11
1618180577535,32.79775432401118,-117.21534869332038,-31.100270096239726,31,54,10,11
1618180577648,32.79775306271177,-117.21535159941568,-31.101776100369328,31,54,10,11
1618180577762,32.79775190741041,-117.21535439017336,-31.106740469140366,31,54,10,11
1618180577874,32.79775086126496,-117.21535707835416,-31.1089904956746,31,53,10,11
1618180577988,32.797749905777344,-117.21535965458472,-31.107999106001362,31,53,10,11
1618180578127,32.797749028615165,-117.2153621036152,-31.110436408406418,32,54,10,11
1618180578240,32.79774821202158,-117.21536442130554,-31.11462496683145,32,54,10,11
1618180578366,32.79774744962224,-117.21536661957195,-31.117832754787877,32,54,10,11
1618180578506,32.79774548378764,-117.21537294874494,-31.126321700434023,33,54,10,11
1618180578650,32.79774489287005,-117.21537500877488,-31.127651266555166,33,54,10,11
1618180578781,32.79774431238217,-117.21537708180091,-31.1302284600045,32,54,10,11
1618180578891,32.79774372950902,-117.21537915692262,-31.133223586920696,33,54,10,11
1618180579005,32.797743184148516,-117.21538126494916,-31.137477173684715,33,55,10,11
1618180579142,32.79774267633227,-117.21538334852183,-31.13173488384097,33,55,10,11
1618180579255,32.79774214188567,-117.21538549007886,-31.1309274805553,33,55,10,11
