1616288638622,32.88873843975111,-117.23990524917643,93.06973946108276,91,100,7,11
1616288638796,32.88873731750239,-117.2398920408404,93.02913968936952,93,101,7,11
1616288638912,32.888736326835556,-117.23987885341799,92.98751575894383,96,103,7,11
1616288639027,32.888735320120254,-117.2398656281128,92.93976375951256,98,104,7,11
1616288639129,32.888734362700305,-117.23985240583436,92.88906520031011,101,105,7,11
1616288639319,32.888731988667274,-117.23981259511903,92.73934683326583,108,109,7,11
1616288639452,32.88873130303358,-117.23979922252785,92.69092737265778,111,110,8,11
1616288639633,32.88873073438501,-117.23978584096646,92.6436354001447,113,112,8,11
1616288639754,32.888730311660446,-117.23977248120329,92.58671494694322,116,113,7,11
1616288639874,32.88872995599163,-117.23975912335737,92.53817183981762,119,114,7,11
1616288639987,32.888729579908144,-117.2397457181398,92.48690043120952,121,116,7,11
1616288640066,32.888729391040016,-117.23973233055315,92.44113360061459,123,117,7,11
1616288640215,32.88872919965094,-117.23969201543822,92.25179779309647,127,119,6,11
1616288640370,32.88872939118163,-117.2396785995697,92.1958573222116,130,121,6,11
1616288640485,32.88872966028077,-117.23966518422876,92.14338803400878,134,122,7,11
1616288640627,32.888729971023785,-117.23965174638774,92.08925063242306,135,123,7,11
1616288640740,32.88873039704353,-117.2396383357779,92.03331336976186,138,125,7,11
1616288640917,32.888730774577276,-117.2396248263634,91.97833581697205,139,126,7,11
1616288641099,32.888733063470426,-117.23957134307716,91.72677506631716,144,130,6,11
1616288641318,32.888733790493994,-117.23955801666445,91.66711668816166,147,131,5,11
1616288641426,32.88873441832626,-117.23954464369285,91.6058401795365,149,132,5,11
1616288641549,32.8887350575309,-117.23953126743082,91.54262507747282,151,133,5,11
1616288641693,32.888735748858565,-117.23951794096736,91.47124688765459,153,133,5,11
1616288641811,32.888736541596,-117.2395046791404,91.39571658371233,154,133,6,11
1616288642016,32.88873979794409,-117.23945222239266,91.06744011079135,157,130,5,11
1616288642108,32.88874056941128,-117.2394393759616,90.99655964813114,159,131,5,11
1616288642290,32.88874131837475,-117.2394267181448,90.93078772487344,160,131,5,11
1616288642445,32.88874210827008,-117.23941416731724,90.86222728583117,161,131,5,11
1616288642560,32.8887428853,-117.23940172685924,90.7811454693029,161,130,5,11
1616288642695,32.88874362879831,-117.23938945919932,90.69270719519963,161,129,5,11
1616288642914,32.88874636860481,-117.23934192610355,90.33638858036605,161,128,6,11
1616288643060,32.8887469216359,-117.2393304650528,90.25654833880748,162,129,6,11
1616288643189,32.888747461134116,-117.23931917724923,90.17767545565651,165,131,6,11
1616288643378,32.88874798203089,-117.23930803741314,90.10025850755481,167,132,6,11
1616288643488,32.888748503182406,-117.23929706751578,90.02544038228766,170,134,6,11
1616288643603,32.88874901095473,-117.2392862657325,89.95178854864639,173,136,6,11
1616288643736,32.88874950314807,-117.2392756220055,89.87714487823574,176,137,6,11
1616288643851,32.888749990498965,-117.23926513345391,89.80369727530432,179,139,6,11
1616288644017,32.888751798989745,-117.23922459192761,89.51779084997362,185,145,6,11
1616288644119,32.8887522009899,-117.23921482048101,89.44374039632812,185,146,7,11
1616288644330,32.88875259064542,-117.23920520648865,89.36564431687769,185,148,7,11
1616288644462,32.88875293417892,-117.23919572027664,89.28519250231754,181,148,7,11
1616288644583,32.88875326855819,-117.2391864090191,89.2039982589386,179,149,7,11
1616288644825,32.888754393212395,-117.23915068677535,88.89877285531472,171,152,7,11
1616288644939,32.88875458061365,-117.23914209729114,88.82029057931835,170,153,8,11
1616288645091,32.88875468926153,-117.2391335835343,88.74786934194545,169,154,8,11
1616288645180,32.888754702343974,-117.23912515300013,88.67817083635397,168,155,8,11
1616288645389,32.88875460284947,-117.23911676949383,88.61460268440833,165,155,8,11
1616288645623,32.88875291434503,-117.2390834920903,88.35739166614627,145,153,8,11
1616288645740,32.88875209386286,-117.23907521065904,88.2933959007535,140,152,8,11
1616288645850,32.88875106594295,-117.23906691837512,88.22629418623143,130,148,8,11
1616288645934,32.888749821538624,-117.23905868679626,88.15693424242998,127,147,8,11
1616288646116,32.88874834338234,-117.23905048205191,88.0896094307117,125,147,8,11
1616288646204,32.88874664386514,-117.23904228401597,88.0273236974851,123,146,8,11
1616288646363,32.88874468592754,-117.23903411314446,87.97205499179837,119,144,8,11
1616288646525,32.88873722285353,-117.23901010871008,87.80692772689503,108,138,8,11
1616288646641,32.88873414985516,-117.23900234472652,87.75086385503367,105,136,8,11
1616288646782,32.888730761986,-117.23899474478446,87.69595647233871,102,134,8,11
1616288646926,32.88872704385583,-117.23898735093292,87.63970390734438,102,134,8,11
1616288647012,32.888723059920444,-117.23898008993466,87.58879329923657,99,131,8,11
1616288647195,32.88871872335582,-117.23897305367372,87.53892064591638,98,131,8,11
1616288647286,32.88871406355158,-117.238966253776,87.49002535970943,98,130,10,11
1616288647420,32.888698221100505,-117.23894725852706,87.34966024866955,99,130,10,11
1616288647557,32.88869234312335,-117.23894144801147,87.29922212915612,100,130,10,11
1616288647656,32.8886861940773,-117.23893589896255,87.24900605843185,100,130,10,11
1616288647788,32.88867980329018,-117.23893058737673,87.19908561048678,101,130,10,11
1616288647903,32.88867315270464,-117.23892553927425,87.15016817080993,101,130,9,11
1616288648015,32.88866626054118,-117.23892074341347,87.11100225583937,101,130,9,11
1616288648165,32.88865910095869,-117.23891626690393,87.077149996889,101,129,8,11
1616288648261,32.88865169629652,-117.23891210832504,87.04686849432386,101,129,8,11
1616288648425,32.88862812091603,-117.23890159555303,86.95746750034363,102,129,8,11
1616288648560,32.88861982846756,-117.2388986894394,86.94070474652958,102,129,8,11
1616288648676,32.888611307843384,-117.23889603607383,86.94182609478958,102,128,8,11
