1631986248861,32.871828825338476,-117.23266522314353,44.77543805869927,61,148,12,11
1631986248997,32.87182877511789,-117.23268402140421,44.75893686611229,61,148,11,11
1631986249112,32.871828734142774,-117.23270281886867,44.7460225924476,61,147,11,11
1631986249241,32.87182863304641,-117.23272139382006,44.7268009546367,61,147,11,11
1631986249409,32.87182854237362,-117.23277682244904,44.67919348365298,61,146,11,11
1631986249523,32.87182852745312,-117.23279511786133,44.660785139286695,61,146,11,11
1631986249637,32.8718284026458,-117.2328133304502,44.64388513518836,61,146,11,11
1631986249718,32.87182838361029,-117.23283134618481,44.624057748124194,61,146,11,11
1631986249885,32.87182832637864,-117.23284929955742,44.61354232911521,61,145,11,11
1631986250019,32.871828271610696,-117.23286711009798,44.61080018244377,60,143,10,11
1631986250157,32.871828223108,-117.23288479610984,44.60257266122633,60,143,10,11
1631986250423,32.87182807341288,-117.23295443559013,44.56968812656803,62,145,12,11
1631986250541,32.87182804586715,-117.23297151926309,44.56619524887014,62,145,11,11
1631986250654,32.87182804407409,-117.23298849255758,44.567475202723735,62,144,11,11
1631986250735,32.871828041651916,-117.23300531792579,44.56555620566885,62,143,11,11
1631986250904,32.87182804651926,-117.23302199642096,44.55733614048852,62,142,11,11
1631986251040,32.87182803782038,-117.23303855221783,44.55524677704931,62,142,11,11
1631986251159,32.87182803889659,-117.23305496165985,44.551349205589695,63,142,11,11
1631986251309,32.871828076822496,-117.23310334154357,44.56026404962798,63,141,12,11
1631986251450,32.87182807496057,-117.23311918093262,44.56194178122595,63,140,12,11
1631986251565,32.87182805873561,-117.233134862886,44.56076846350822,64,140,12,11
1631986251677,32.87182804425535,-117.23315040068725,44.55420060251119,65,141,12,11
1631986251790,32.8718280178644,-117.23316579563169,44.553011068542595,66,141,12,11
1631986251923,32.871827992611145,-117.23318105749806,44.555123704540044,66,141,12,11
1631986252087,32.8718278685207,-117.23322590277675,44.56247891464362,66,139,12,11
1631986252217,32.87182781533277,-117.233240543616,44.57084886999288,66,139,12,11
1631986252390,32.87182778301814,-117.23325504241255,44.58453286254769,66,138,12,11
1631986252507,32.871827712482954,-117.23326941485163,44.604803594282714,66,137,12,11
1631986252617,32.87182766016452,-117.23328365750932,44.6302836808687,65,136,12,11
1631986252732,32.87182762986131,-117.23329769364426,44.64500724740574,65,135,12,11
1631986252811,32.87182756470942,-117.23331152581663,44.64334231720208,65,135,12,11
1631986253136,32.8718274508389,-117.23336550755333,44.75555903767516,65,133,12,11
1631986253259,32.871827448310235,-117.23337859968552,44.77478605913201,65,133,12,11
1631986253397,32.871827451086965,-117.23339153214869,44.79582501277375,66,133,12,11
1631986253511,32.87182743571932,-117.2334043198918,44.81952727002578,66,133,12,11
1631986253630,32.871827501586345,-117.23341696356778,44.842467343521434,66,132,12,11
1631986253749,32.87182755340063,-117.23342943073659,44.86128906418825,66,132,12,11
1631986253831,32.87182760192956,-117.23344171643504,44.87247376712471,66,131,12,11
1631986254009,32.871827855585074,-117.2334777358813,44.951466704906686,65,129,12,11
1631986254230,32.87182791489925,-117.23348942157719,44.976323867605146,64,129,12,11
1631986254348,32.87182796016907,-117.23350090831734,44.99096588117987,65,129,12,11
1631986254486,32.871828045838015,-117.23351222296903,45.00274616069843,65,128,12,11
1631986254598,32.87182814526681,-117.23352338488823,45.02067508759963,65,128,12,11
1631986254719,32.871828228423,-117.2335343739404,45.04793155329354,65,128,12,11
1631986254908,32.87182865852698,-117.23357636747112,45.145181945169526,65,127,12,11
1631986255022,32.871828823196054,-117.23358636778941,45.169601119434574,65,127,12,11
1631986255196,32.871829037349265,-117.23359617073335,45.195951815195315,65,127,12,11
1631986255346,32.87182931825373,-117.23360576873048,45.223750785057604,64,126,12,11
1631986255525,32.871829652249524,-117.23361515457677,45.2447773158047,65,126,12,11
1631986255706,32.87183213786215,-117.23365048716283,45.32761666164708,64,125,12,11
1631986255843,32.871833172226964,-117.233658741475,45.34726225984295,64,125,12,11
1631986255956,32.8718343540338,-117.2336667406441,45.36564853259665,64,125,12,11
1631986256092,32.871835748464015,-117.23367450514469,45.38834636341908,64,124,12,11
1631986256412,32.87184363487706,-117.2337031876817,45.468078373711016,63,123,12,11
1631986256532,32.87184614694711,-117.23370985212556,45.48116288631324,64,124,12,11
1631986256645,32.87184897217861,-117.23371628057609,45.4984684126258,65,124,12,11
1631986256743,32.87185205709811,-117.23372251235769,45.52242644586379,64,123,12,11
1631986256909,32.871855370502495,-117.23372846898799,45.53611394300913,64,124,12,11
1631986257023,32.87185899119155,-117.2337340237567,45.54192387297143,65,124,12,11
1631986257141,32.87186291521079,-117.23373921777566,45.55231409833335,66,125,12,11
1631986257339,32.87187621920158,-117.23375343827567,45.69608938174448,64,123,12,11
1631986257453,32.87188117760612,-117.23375756502216,45.76669449377023,65,124,11,11
1631986257569,32.8718863489692,-117.23376146176707,45.822266867249596,66,125,11,11
1631986257687,32.871891781422335,-117.23376511979558,45.873709300397294,66,125,11,11
1631986257817,32.87189751517617,-117.23376849485211,45.92799627123519,68,126,11,11
1631986257956,32.87190352828541,-117.23377173326173,45.98894209435346,67,126,11,11
1631986258067,32.87190977433534,-117.23377471298481,46.044664200844764,68,126,11,11
1631986258214,32.8719298897833,-117.2337822717508,46.190521845271206,66,125,11,11
1631986258310,32.871937019382514,-117.23378452542202,46.23875361302872,65,125,11,11
1631986258483,32.871944334920094,-117.23378672977552,46.300893913852505,65,124,10,11
1631986258600,32.87195182757641,-117.23378889106354,46.36414075506573,64,124,10,11
1631986258713,32.871959507544396,-117.23379099886934,46.405737229839524,64,124,9,11
1631986258794,32.871967382713564,-117.23379307601591,46.44596729060373,63,123,9,11
1631986258981,32.8719754416814,-117.23379526050104,46.49698344094388,63,123,9,11
