1611352171478,32.94514230526625,-117.24293732354049,23.198264662049752,78,124,12,11
1611352171548,32.945113619855796,-117.24293180948564,23.104325262556564,78,124,12,11
1611352171653,32.94508490258045,-117.24292623245901,23.01072165422027,78,124,12,11
1611352171780,32.945056154853724,-117.24292063205952,22.91263935438771,78,124,12,11
1611352171913,32.94502736918488,-117.2429150179463,22.811606690751983,78,124,12,11
1611352171997,32.94499854541522,-117.24290941622961,22.707386406864945,78,124,12,11
1611352172083,32.94496966496401,-117.24290382923714,22.6077707688802,78,124,12,11
1611352172188,32.94494074153995,-117.24289825323478,22.510809924771646,78,124,12,11
1611352172321,32.944911765535615,-117.24289270269973,22.41691355725496,78,124,12,11
1611352172404,32.944882736956444,-117.24288720392018,22.327937290867172,78,124,12,11
1611352172505,32.94485365798607,-117.24288173151747,22.23552439297823,78,124,12,11
1611352172574,32.94482454040561,-117.24287627413597,22.140079623704867,78,124,11,11
1611352172735,32.94479535708335,-117.24287083470453,22.05123012260026,78,124,11,11
1611352172827,32.94476613808209,-117.24286540969526,21.960930418120267,78,124,11,11
1611352172978,32.944736861097965,-117.24285998119488,21.87184110082609,78,124,11,11
1611352173056,32.94470755110448,-117.24285454550869,21.779712435959368,78,124,11,11
1611352173190,32.944590089835145,-117.24283299768973,21.409681896720343,78,124,12,11
1611352173286,32.94456068468769,-117.24282767313811,21.32322981106998,78,124,12,11
1611352173373,32.94453127952816,-117.24282241024028,21.239021312013556,78,124,12,11
1611352173493,32.944501881414126,-117.2428172023272,21.15427015796706,78,124,12,11
1611352173610,32.94447249713718,-117.24281206164582,21.066151345315614,78,124,12,11
1611352173702,32.94444310611956,-117.2428069916701,20.97883846835488,78,124,12,11
1611352173784,32.94441372553769,-117.24280196620012,20.886388465543387,78,124,12,11
1611352173878,32.944384328069084,-117.24279698843134,20.795068395721792,78,124,12,11
1611352173974,32.94435491686651,-117.2427920877208,20.700786959052632,78,124,11,11
1611352174144,32.94432548749034,-117.24278723423522,20.60637590106861,78,124,11,11
1611352174223,32.94429601417609,-117.24278241844769,20.523014061447,78,124,11,11
1611352174317,32.944266509379354,-117.24277765393123,20.434706412872476,78,124,11,11
1611352174386,32.94423697756555,-117.24277294521434,20.342567945635064,78,124,11,11
1611352174558,32.944207429061535,-117.2427683073824,20.24701082395209,78,124,11,11
1611352174704,32.94417785007825,-117.24276369141865,20.153435566827753,78,124,11,11
1611352174797,32.94414825866923,-117.24275911388246,20.061087474798956,78,124,11,11
1611352174880,32.944118607568804,-117.24275456951176,19.978783059459175,78,124,11,11
1611352174964,32.94408896548657,-117.24275007840522,19.889827744307937,78,124,11,11
1611352175052,32.94405933157606,-117.2427456023241,19.797438025799114,78,124,11,11
1611352175253,32.94402974757525,-117.24274113999914,19.70550430085395,78,124,11,11
1611352175334,32.94400020973976,-117.24273670913934,19.62022546687806,78,124,12,11
1611352175417,32.94397072246656,-117.2427322890598,19.535480619685195,78,124,12,11
1611352175491,32.943941319282224,-117.2427278937869,19.44916754008075,78,124,12,11
1611352175599,32.94391199230818,-117.24272352841732,19.3583269362317,78,124,12,11
1611352175697,32.943882758076064,-117.24271917945842,19.266878357887787,78,124,11,11
1611352175800,32.94385357822449,-117.24271486009377,19.18333568812778,78,124,11,11
1611352175888,32.94382449091194,-117.2427105441504,19.09558824268115,78,124,11,11
1611352176027,32.943795496790706,-117.24270621770647,19.00522359285749,78,124,11,11
1611352176134,32.94376658117755,-117.24270190433108,18.91754394116438,78,124,11,11
1611352176267,32.94373775745311,-117.24269761385187,18.83149644462152,78,124,11,11
1611352176350,32.94370904647275,-117.24269330842671,18.7370720860452,78,124,11,11
1611352176434,32.943680439463094,-117.24268896816139,18.645827530996826,78,124,12,11
1611352176504,32.94365192643377,-117.2426845741437,18.555688253887965,78,124,12,11
1611352176661,32.943623540202374,-117.24268014836069,18.461770107671004,78,124,12,11
1611352176767,32.94359520867782,-117.24267574736331,18.370995833756503,78,124,12,11
1611352176900,32.94356696620694,-117.24267130096844,18.28467459258581,78,124,12,11
1611352176988,32.94353881972267,-117.2426668053741,18.193539622446604,78,124,12,11
1611352177070,32.94351077767864,-117.2426622774874,18.09866348356484,78,124,12,11
1611352177161,32.94348283229404,-117.24265772472916,18.00345054849467,78,124,12,11
1611352177295,32.94345497204499,-117.2426531326322,17.91265758134099,78,124,12,11
1611352177396,32.943427180195094,-117.24264851229123,17.827021415454524,78,124,12,11
1611352177481,32.943399467529126,-117.24264386228468,17.753131972272364,78,124,12,11
1611352177560,32.943371864590745,-117.24263918075877,17.676147158446263,78,124,12,11
1611352177674,32.94334436135924,-117.2426344666755,17.59211361909843,78,124,12,11
1611352177767,32.943316946334356,-117.24262973217664,17.509185148608957,78,124,12,11
1611352177902,32.94328960127252,-117.2426249834376,17.431341148342522,78,124,12,11
1611352177999,32.94326230133713,-117.24262020573926,17.351925936471766,78,124,12,11
1611352178083,32.94323509773191,-117.24261541775049,17.27444644343582,78,124,12,11
1611352178183,32.94320795993858,-117.24261061750084,17.192277391971786,78,124,12,11
1611352178320,32.94318086694371,-117.24260577771189,17.110607630875748,78,124,12,11
1611352178401,32.94315382166819,-117.24260091244865,17.024219979653413,78,124,12,11
1611352178483,32.943126791554455,-117.24259610571319,16.935701943421268,78,124,12,11
1611352178553,32.94309972823007,-117.24259137185216,16.844551791734748,78,124,12,11
1611352178730,32.943072679040384,-117.2425867431232,16.75345299707698,78,124,13,11
1611352178813,32.943045617201825,-117.24258219809239,16.65853687775186,78,124,13,11
1611352178960,32.94301851858671,-117.24257775323369,16.558462453306507,78,124,13,11
1611352179043,32.94299137812867,-117.24257335849697,16.468803833175542,78,124,13,11
1611352179133,32.94296416969535,-117.24256897761612,16.38673374561441,78,124,13,11
1611352179240,32.94293685249953,-117.24256454584261,16.301038997903532,78,124,13,11
1611352179370,32.94290957201772,-117.24256011644347,16.207291905032626,78,124,13,11
1611352179462,32.94288222475117,-117.24255566562154,16.115970765590678,78,124,13,11
1611352179545,32.94285479743374,-117.24255121521385,16.030820212175808,78,124,13,11
1611352179614,32.942827306086485,-117.24254669822854,15.94040948006162,78,124,13,11
1611352179729,32.942799764089074,-117.24254210842497,15.847120380825958,78,124,13,11
1611352179810,32.94277212126534,-117.24253745070355,15.746796326539739,78,124,13,11
1611352179957,32.94274448004098,-117.24253273841083,15.653312349665246,78,124,13,11
1611352180040,32.94271672890078,-117.24252800266274,15.567354217323471,78,124,13,11
1611352180122,32.94268891922938,-117.24252322037302,15.476105528858403,78,124,13,11
1611352180222,32.942661061497745,-117.24251840831622,15.377080125872062,78,124,13,11
1611352180351,32.94263311875633,-117.24251356227316,15.287663068308083,78,124,13,11
1611352180485,32.94252062930953,-117.24249401364396,14.903906536429782,78,124,13,11
1611352180596,32.942492379472476,-117.24248908587244,14.817962482927207,78,124,13,11
1611352180735,32.94246405178243,-117.2424841423264,14.73734758844078,78,124,13,11
1611352180817,32.94243558498514,-117.24247915433536,14.651429267291459,78,123,13,11
1611352180909,32.94240718869799,-117.2424741741214,14.554732132905198,78,123,13,11
1611352181011,32.94237877350699,-117.24246919426542,14.452508727610155,78,123,13,11
1611352181142,32.94235034044831,-117.24246420564788,14.346498852520126,78,123,13,11
1611352181232,32.94232188147411,-117.24245919012186,14.250508770140184,78,123,13,11
1611352181315,32.94229338576634,-117.24245415366433,14.15822233677684,78,123,13,11
1611352181384,32.94226476073194,-117.24244908904312,14.060017414143624,77,123,13,11
1611352181500,32.94223624321871,-117.24244402157134,13.952283745167131,77,123,13,11
1611352181586,32.942207725180225,-117.24243890434353,13.83738122428811,77,123,13,11
