1610058983911,32.880104663857516,-117.23533685533376,77.07390935335678,78,121,15,11
1610058983996,32.88010466603261,-117.23533686295903,77.07334167427396,78,120,15,11
1610058984136,32.8801046678159,-117.23533686950807,77.07319734555492,78,120,15,11
1610058984238,32.88010467256459,-117.23533688065719,77.07302899798712,78,120,15,11
1610058984318,32.88010467786559,-117.23533687863217,77.07252416063699,78,121,15,11
1610058984410,32.880104687944915,-117.23533687775266,77.0729080424897,78,121,15,11
1610058984494,32.880104683797704,-117.23533688047732,77.07243820172758,78,121,15,11
1610058984617,32.8801046915308,-117.2353368823646,77.07255492037793,78,120,15,11
1610058984730,32.88010469364582,-117.23533688550908,77.07211047254103,78,120,15,11
1610058984883,32.88010471003953,-117.235336895323,77.07097979285649,78,121,15,11
1610058985010,32.88010471262023,-117.2353369034519,77.07061709087235,78,120,15,11
1610058985089,32.880104715114776,-117.23533690495766,77.07022014091083,78,120,15,11
1610058985175,32.88010472225433,-117.23533690477223,77.06950526353607,78,120,15,11
1610058985286,32.88010472941897,-117.23533690910351,77.06899070220159,78,121,15,11
1610058985418,32.88010472882251,-117.235336914446,77.06864118020361,78,121,15,11
1610058985523,32.880104728588385,-117.23533691840338,77.06779475027288,78,121,15,11
1610058985604,32.88010473544557,-117.23533692643375,77.06741174093744,78,120,15,11
1610058985685,32.880104733321375,-117.23533692989771,77.06686962592644,78,120,15,11
1610058985778,32.88010473768075,-117.23533693718547,77.06602401395456,78,120,15,11
1610058985949,32.88010473948401,-117.23533694375969,77.06557729019471,78,121,15,11
1610058986057,32.880104740727354,-117.23533694892728,77.06489582141741,78,121,15,11
1610058986138,32.88010473908892,-117.23533695567332,77.06422531280045,78,121,15,11
1610058986232,32.880104740717506,-117.23533695694549,77.06352679593061,78,120,15,11
1610058986318,32.880104741127575,-117.23533695454918,77.06197729818669,78,120,15,11
1610058986442,32.88010473813122,-117.23533696149414,77.06149355718259,78,120,15,11
1610058986555,32.880104732546236,-117.23533696299974,77.06051270984398,78,121,15,11
1610058986636,32.88010473423757,-117.23533696515283,77.05948309637698,78,121,15,11
1610058986715,32.880104735783824,-117.23533696564701,77.05862664130227,78,121,15,11
1610058986811,32.88010473527902,-117.23533696791586,77.05789054339212,78,120,15,11
1610058986892,32.88010473139606,-117.23533696629696,77.05638562308678,78,120,15,11
1610058987141,32.88010473522783,-117.23533696749618,77.05546478475306,78,120,15,11
1610058987228,32.88010473224113,-117.23533696222549,77.05419747554363,78,121,15,11
1610058987308,32.880104731530174,-117.23533696502041,77.05295195929142,78,121,15,11
1610058987400,32.880104729808586,-117.23533696382154,77.05151933248318,78,121,15,11
1610058987519,32.88010472995554,-117.23533696448055,77.04985399957292,78,120,15,11
1610058987623,32.880104729899955,-117.23533695638757,77.04838810314159,78,120,15,11
1610058987722,32.880104729121754,-117.23533695621376,77.04676534983211,78,120,15,11
1610058987807,32.88010472488477,-117.2353369552392,77.04512921640564,78,121,15,11
1610058987897,32.88010472419214,-117.23533695459811,77.04355220652299,78,121,15,11
1610058988038,32.880104721937805,-117.23533694857215,77.04170357408047,78,121,15,11
1610058988137,32.880104716971296,-117.23533694541939,77.04012717327055,78,120,15,11
1610058988222,32.88010471838114,-117.23533694164674,77.03838572423366,78,120,15,11
1610058988300,32.88010471588253,-117.23533693517378,77.03674303245685,78,120,15,11
1610058988392,32.880104710099445,-117.23533693282452,77.03495193444388,78,121,15,11
1610058988510,32.88010470188312,-117.23533692938824,77.0334876578803,78,121,15,11
1610058988625,32.880104702525486,-117.23533691921732,77.03215556565011,78,121,15,11
1610058988718,32.880104702376826,-117.23533691201511,77.03036991739334,78,121,15,11
1610058988821,32.88010469487844,-117.23533690258283,77.02837065991426,78,120,15,11
1610058988904,32.880104695118455,-117.23533689475961,77.0264869676444,78,120,15,11
1610058988986,32.88010469584209,-117.23533688695066,77.02479721573033,78,121,15,11
1610058989230,32.88010469299926,-117.2353368801255,77.02309418545565,78,121,15,11
1610058989311,32.88010469213917,-117.2353368700808,77.02119989605279,78,121,15,11
1610058989389,32.88010468497831,-117.23533686686632,77.01930612032541,78,121,15,11
1610058989489,32.88010468425742,-117.23533685748008,77.01769344184297,78,120,15,11
1610058989610,32.88010467969657,-117.23533684571503,77.01565089155964,78,120,15,11
1610058989724,32.880104671867436,-117.23533684035037,77.01390318711941,78,121,15,11
1610058989815,32.88010467373826,-117.23533683101593,77.0122657788061,78,121,15,11
1610058989909,32.88010467056574,-117.23533682459045,77.01035910777111,78,121,15,11
1610058990086,32.88010466173351,-117.23533680088977,77.00358493148303,78,120,15,11
1610058990168,32.88010465071123,-117.23533678799475,77.00171597765906,78,121,15,11
1610058990282,32.88010464576339,-117.23533677698276,77.00027903535639,78,121,15,11
1610058990414,32.88010464411427,-117.23533677857446,76.99852180127584,78,121,15,11
1610058990516,32.880104639744815,-117.2353367701385,76.99695528197688,78,120,15,11
1610058990597,32.88010464075955,-117.23533677044321,76.99535391968344,78,120,15,11
1610058990692,32.88010463161093,-117.2353367635891,76.99371125056732,78,120,15,11
1610058990784,32.88010462876737,-117.2353367515027,76.99212672621597,78,120,15,11
1610058990889,32.88010462231669,-117.23533674889943,76.99032437357758,78,121,15,11
1610058991072,32.88010462446059,-117.23533674520507,76.98837462370923,78,121,15,11
1610058991153,32.880104625200794,-117.2353367377726,76.98686185924336,78,120,15,11
1610058991231,32.880104624096134,-117.23533672812414,76.9851499822133,78,120,15,11
1610058991323,32.88010462268535,-117.23533672198771,76.98317268308153,78,120,15,11
1610058991441,32.88010463089157,-117.23533671395745,76.98141171375345,78,120,15,11
1610058991565,32.88010465221051,-117.23533668458776,76.9796605296453,78,120,15,11
1610058991646,32.88010470601702,-117.2353366158697,76.97788429037912,78,121,15,11
1610058991728,32.88010478216359,-117.2353365166542,76.97552598104632,78,120,15,11
1610058991813,32.88010488304415,-117.23533637528178,76.97358747251023,78,120,15,11
1610058991945,32.88010500694305,-117.23533618619207,76.9713097954264,78,120,15,11
1610058992119,32.880105157573055,-117.23533594572365,76.96943649603843,78,120,15,11
1610058992215,32.880105326073014,-117.23533563973741,76.9668721273071,78,120,15,11
1610058992300,32.880105509009354,-117.23533525090392,76.96402472051162,78,120,15,11
1610058992397,32.880105691933,-117.23533480350514,76.96190027086254,79,120,15,11
1610058992529,32.880105870060504,-117.23533428703517,76.95912453975234,79,120,15,11
1610058992621,32.880106033973895,-117.23533376786042,76.95659535877364,79,120,15,11
1610058992725,32.88010615448396,-117.2353332427722,76.9543022525561,80,120,15,11
1610058992808,32.88010625784766,-117.23533271579554,76.9510369494515,80,120,15,11
1610058992889,32.880106343888976,-117.23533217044555,76.94806208403325,81,120,15,11
1610058993042,32.880106432724126,-117.23533157550654,76.94494785591708,81,120,15,11
1610058993148,32.8801065076777,-117.23533092269015,76.94207660259572,81,120,15,11
1610058993229,32.880106583411326,-117.23533021657701,76.939293383417,82,120,15,11
1610058993309,32.88010665134156,-117.2353294143613,76.93667489330919,82,120,15,11
1610058993399,32.88010671767812,-117.23532858631059,76.9336259701109,82,120,15,11
1610058993517,32.880106759134726,-117.23532765259034,76.9293769432533,83,120,15,11
1610058993636,32.88010680636195,-117.23532660602184,76.92368961885212,83,120,15,11
1610058993727,32.88010684917154,-117.2353254087086,76.91764895259726,83,120,15,11
1610058993811,32.8801068788859,-117.23532404323551,76.91324499383201,84,120,15,11
1610058993899,32.88010689320266,-117.2353224703553,76.90842686077373,84,120,15,11
1610058994038,32.88010693188865,-117.23532075761845,76.90428056919225,85,120,15,11
