1632260072608,32.91615674950035,-117.23142811571368,-0.5720721110165884,25,52,13,11
1632260072723,32.916174022722004,-117.23145136283773,-0.5863683506819712,25,52,13,11
1632260072834,32.91619106942339,-117.23147446965031,-0.5982328920381161,26,53,15,11
1632260073103,32.91625880710388,-117.23156748151287,-0.6555299838782146,28,55,14,11
1632260073246,32.91627558936568,-117.2315908762301,-0.6650009307280074,28,56,14,11
1632260073419,32.91629232056076,-117.2316143278309,-0.670314994380021,28,56,14,11
1632260073536,32.91630903340581,-117.23163782282056,-0.6731621766626195,29,56,14,11
1632260073646,32.916325667364475,-117.23166135856692,-0.6833298714684312,29,56,14,11
1632260073761,32.916342278677035,-117.23168493077773,-0.6927216655679268,29,57,14,11
1632260073851,32.91635881757321,-117.23170856464965,-0.7020655444045134,29,57,14,11
1632260074171,32.916424457461204,-117.23180359704766,-0.7324016151036588,29,58,15,11
1632260074303,32.91644075500354,-117.23182742512793,-0.7421555966404165,29,58,15,11
1632260074428,32.91645705562584,-117.23185130977568,-0.7490948954492189,29,58,15,11
1632260074539,32.91647333058031,-117.23187520553846,-0.7555611325581519,29,58,15,11
1632260074651,32.91648958875283,-117.23189907705793,-0.7623918924684643,29,58,15,11
1632260074767,32.91650584922591,-117.23192300318084,-0.7713359333258971,29,58,15,11
1632260074883,32.916522076734616,-117.23194694004627,-0.7787868006394918,29,58,15,11
1632260074997,32.916570652463726,-117.2320188345405,-0.8046864375823688,28,57,15,11
1632260075116,32.916586850825254,-117.23204280226753,-0.8017422953785966,27,57,15,11
1632260075258,32.91660303565514,-117.2320667696301,-0.7965873557921674,27,57,15,11
1632260075430,32.91661927038934,-117.23209075914293,-0.7952649704189183,27,57,15,11
1632260075542,32.916635454053974,-117.23211471284378,-0.796896835023156,27,56,15,11
1632260075655,32.91665166921411,-117.2321386459138,-0.7996544209779773,27,56,15,11
1632260075770,32.91666790125646,-117.23216258501967,-0.7993394796283173,26,55,15,11
1632260076045,32.916732928454394,-117.2322582220269,-0.7843820672875531,24,52,15,11
1632260076160,32.91674921353429,-117.23228211864937,-0.7773037223270001,24,52,15,11
1632260076296,32.916765501947324,-117.23230598502406,-0.7709452678177604,24,52,15,11
1632260076413,32.91678180385186,-117.23232983039553,-0.768628825354712,24,52,15,11
1632260076526,32.91679812976475,-117.23235368106839,-0.7692140900687492,24,52,15,11
1632260076638,32.916814454005895,-117.23237748841403,-0.7775674053149415,25,52,15,11
1632260076751,32.916830792628836,-117.23240130317195,-0.7819526116769258,25,52,15,11
1632260076863,32.916847173543495,-117.2324251685791,-0.7881319146095986,25,52,15,11
1632260077122,32.91691248894092,-117.23252047113577,-0.7656885870493702,25,51,15,11
1632260077254,32.91692878262358,-117.23254429756548,-0.7611392214421693,25,52,15,11
1632260077504,32.91694512635073,-117.23256823505791,-0.7487218029740865,25,52,15,11
1632260077621,32.916961421421846,-117.23259209023524,-0.7364977597067891,25,52,15,11
1632260077809,32.91702657621418,-117.23268749174203,-0.6733799434658299,26,52,15,11
1632260077919,32.91704297734399,-117.23271145993715,-0.6522958194488041,26,53,15,11
1632260078146,32.917059270122245,-117.23273529367788,-0.6355516244727832,26,53,15,11
1632260078271,32.91707555628906,-117.23275912109652,-0.6133593394242614,26,53,15,11
1632260078404,32.91709188094693,-117.23278293543706,-0.5769175616794116,27,54,15,11
1632260078516,32.917108171155775,-117.23280678957121,-0.5441694839371614,26,53,15,11
1632260078632,32.91712447737999,-117.23283062804053,-0.5117713183435318,26,54,15,11
1632260078803,32.91718972989421,-117.2329261928301,-0.38502045590042583,26,53,15,11
1632260078915,32.917206005022756,-117.23295004734926,-0.3583848677544992,26,53,15,11
1632260079105,32.917222290540295,-117.23297390604424,-0.3298122480648537,26,53,15,11
1632260079229,32.91723870500969,-117.23299801382107,-0.29702123102747685,26,53,15,11
1632260079427,32.917287384563096,-117.23306976148355,-0.22717521600152646,26,53,15,11
1632260079542,32.91730361216106,-117.23309369928947,-0.19531557819757622,25,53,15,11
1632260079652,32.91731986949995,-117.23311762838661,-0.16244633379810375,25,53,15,11
1632260079762,32.917336127893506,-117.23314156269323,-0.12835024756483543,25,53,15,11
1632260079906,32.917352357122034,-117.23316550663321,-0.09378625528667756,25,52,15,11
1632260080018,32.91736858784316,-117.23318945439729,-0.05870055710539096,24,52,15,11
1632260080218,32.917384837332634,-117.23321339924983,-0.023910821642611713,24,51,15,11
1632260080355,32.917401063444075,-117.23323735835832,0.006506225689133671,24,51,15,11
1632260080489,32.917417301278164,-117.23326130622742,0.035696290915146256,24,51,15,11
1632260080617,32.91748225374578,-117.23335712005503,0.1577445041976045,24,51,15,11
1632260080727,32.91749849973314,-117.23338107313117,0.18379992102945575,24,51,15,11
1632260080873,32.91751474718945,-117.23340500215672,0.21202780429764118,24,50,15,11
1632260080983,32.91753103834236,-117.23342893680905,0.2474407017255552,24,50,15,11
1632260081309,32.91759632885679,-117.23352451885063,0.33190991368178113,23,50,15,11
1632260081422,32.9176126809541,-117.23354840714514,0.3535544494380724,23,49,15,11
1632260081535,32.91762903767244,-117.23357227658066,0.3662146613689479,23,49,15,11
1632260081652,32.91764538420372,-117.233596152474,0.37700545719887113,23,49,15,11
1632260081765,32.917661748843564,-117.2336200298656,0.38785701577375686,23,49,15,11
1632260081911,32.91767808116928,-117.2336439124893,0.4053123329550583,23,49,15,11
1632260082024,32.91769445552402,-117.23366778512579,0.42300801778390573,24,50,15,11
1632260082307,32.91776013342105,-117.23376312213068,0.49828271610593383,23,49,15,11
1632260082423,32.91777662778205,-117.23378688343328,0.5200746663261735,23,48,15,11
1632260082535,32.917793145937566,-117.23381063092023,0.5407590268309137,23,48,15,11
1632260082650,32.917809701327755,-117.23383434900052,0.5533906081599853,23,48,15,11
1632260082769,32.91782629041062,-117.23385801616674,0.5661657583033152,23,49,15,11
