1618182695540,32.8524326135452,-117.23675363542986,22.28312620217604,148,180,7,11
1618182695659,32.85245173068429,-117.23675708970654,22.396917931259296,150,182,7,11
1618182695738,32.85247085447746,-117.23676055956076,22.51319145057598,153,183,7,11
1618182695884,32.85248998749687,-117.23676403054023,22.61258309424973,156,185,9,11
1618182695996,32.85250911566637,-117.23676747010161,22.697689323063873,159,187,9,11
1618182696100,32.85252817933144,-117.23677102999237,22.77431955266097,157,188,9,11
1618182696272,32.85254725502446,-117.23677425506838,22.86522494055939,155,189,9,11
1618182696363,32.852566500152484,-117.23677767314065,22.95050765000529,154,190,9,11
1618182696683,32.85264320139922,-117.23679094459028,23.24387714443939,144,191,9,11
1618182696780,32.852662461535644,-117.23679426125746,23.33797619896398,144,192,9,11
1618182696924,32.85268179901381,-117.23679755489442,23.421442944727342,142,193,9,11
1618182697039,32.8527011616099,-117.23680062295082,23.51449237880172,142,194,9,11
1618182697170,32.852720597704995,-117.23680396666865,23.602577071663493,140,194,9,11
1618182697285,32.852739995997226,-117.23680740515051,23.670915543129766,139,194,9,11
1618182697374,32.85275941854313,-117.23681073263066,23.738014675631298,137,195,9,11
1618182697626,32.852837391968805,-117.23682405331871,24.10928595526827,134,197,8,11
1618182697708,32.85285711971533,-117.23682753875595,24.18508392108217,135,198,8,11
1618182697867,32.85287692362138,-117.23683109981687,24.278258754204522,137,199,8,11
1618182697980,32.85289669233997,-117.23683467071989,24.358472426686326,138,201,8,11
1618182698086,32.852916470002434,-117.23683828780672,24.44337218787732,140,202,9,11
1618182698231,32.852936285168795,-117.23684193175735,24.526993135420703,142,203,9,11
1618182698325,32.852956098977785,-117.23684563204412,24.611676815337542,143,204,9,11
1618182698469,32.85297597396369,-117.23684939048682,24.697645921056495,144,205,9,11
1618182698626,32.85303585319946,-117.2368607375138,24.935472413540285,148,209,9,11
1618182698717,32.85305569791818,-117.23686445747437,25.007585025043795,149,210,9,11
1618182698864,32.85307572523369,-117.23686812210035,25.077251219640445,150,212,9,11
1618182698996,32.853095770376164,-117.23687193924016,25.162400848361273,150,213,9,11
1618182699097,32.85311598346008,-117.23687535631937,25.248096221060795,150,214,9,11
1618182699250,32.85313609648772,-117.23687898759735,25.321745246157885,150,215,10,11
1618182699340,32.8531562632325,-117.23688265468944,25.387951538015866,151,216,10,11
1618182699487,32.85317648972615,-117.23688629833698,25.464064146071046,150,216,10,11
1618182699624,32.853237364195564,-117.2368971614098,25.689939222916212,148,217,10,11
1618182699737,32.85325769699602,-117.23690089694229,25.759124518111197,149,218,10,11
1618182699847,32.85327802626062,-117.23690446569486,25.836646911293585,149,219,10,11
1618182699960,32.853298354046665,-117.23690821978528,25.915648519417317,150,219,10,11
1618182700105,32.85331874596585,-117.23691181600202,25.983126766995724,150,219,10,11
1618182700232,32.85333910860633,-117.23691559707918,26.056572721939435,150,218,10,11
1618182700345,32.85335972853295,-117.2369194866778,26.1260482545955,150,217,10,11
1618182700436,32.85338022907483,-117.23692332452768,26.191452557524233,150,216,10,11
1618182700629,32.8534417283774,-117.236934653287,26.3808944488728,149,213,10,11
1618182700713,32.85346238691696,-117.23693826895968,26.4467290438891,149,212,10,11
1618182700857,32.85348313135341,-117.23694227290676,26.484751380831767,148,209,10,11
1618182700970,32.85350372372619,-117.23694613964805,26.53024965973808,147,208,10,11
1618182701108,32.85352440078078,-117.23695001570594,26.568810871007845,146,204,10,11
1618182701216,32.853545066234965,-117.23695383722527,26.59337127457266,142,196,10,11
1618182701352,32.85356577698789,-117.23695765167992,26.631959586251376,139,190,10,11
1618182701477,32.8535865272606,-117.2369614144788,26.68358981019939,138,187,10,11
1618182701631,32.85364902007146,-117.23697280874624,26.84145355763535,135,182,10,11
1618182701710,32.85366987040447,-117.23697662145159,26.88522246686339,134,180,10,11
1618182701854,32.853690772727234,-117.23698053561134,26.9262225869983,133,178,10,11
1618182701967,32.853711707856306,-117.236984329899,26.983122424543776,132,176,10,11
1618182702107,32.8537327400912,-117.23698812900662,27.035877168419205,130,174,10,11
1618182702214,32.85375376374747,-117.23699193303813,27.078116154002977,129,172,10,11
1618182702325,32.853774688325714,-117.23699573162588,27.105352244697748,128,170,10,11
1618182702427,32.85379573436746,-117.23699951073296,27.135001368415914,127,168,10,11
1618182702635,32.85385878080034,-117.23701070661329,27.253974433239577,124,164,11,11
1618182702726,32.85387986959269,-117.23701440127871,27.321908688501253,123,163,11,11
1618182702870,32.853900998684345,-117.23701804816336,27.403073675924784,122,161,11,11
1618182702982,32.85392216731003,-117.23702178387684,27.47172020597807,122,160,11,11
1618182703116,32.853943309963135,-117.23702539255747,27.515893193101608,120,159,11,11
1618182703230,32.85396441177629,-117.23702898687344,27.56105808808508,120,159,11,11
1618182703343,32.85398555338324,-117.23703255406492,27.59612077728336,119,157,11,11
1618182703465,32.85400666870771,-117.23703610796707,27.644836417004974,119,157,10,11
1618182703585,32.8540278638784,-117.23703963593222,27.714309559647877,118,156,10,11
1618182703746,32.85409156612574,-117.23704994730213,27.880716428951285,115,153,10,11
1618182703859,32.85411281757736,-117.23705327730593,27.920845797161174,115,152,10,11
1618182703972,32.85413406058629,-117.23705646462575,27.952002877953632,114,151,10,11
1618182704075,32.85415532281495,-117.23705959568012,27.992666392651856,113,150,10,11
1618182704222,32.85417666184001,-117.2370626359276,28.038651591678587,112,150,10,11
1618182704333,32.85419795224236,-117.23706562987141,28.076884862529273,112,149,10,11
1618182704423,32.854219320579574,-117.2370685721803,28.115396431598498,111,148,10,11
1618182704632,32.85428335397859,-117.23707712419488,28.22825047506043,109,146,11,11
1618182704723,32.85430476207374,-117.23707987993066,28.277431279721547,108,145,11,11
1618182704883,32.854326142769224,-117.23708257799484,28.320686025844232,108,145,11,11
1618182704992,32.854347617010134,-117.2370852543153,28.37236838732122,107,144,11,11
1618182705137,32.854369061844714,-117.23708783730592,28.42869645924778,106,143,11,11
1618182705249,32.85439053405595,-117.23709039210212,28.46669123589176,105,143,11,11
1618182705364,32.8544119853265,-117.23709284547088,28.502462247502315,105,142,11,11
1618182705453,32.85443343556967,-117.23709520148445,28.53406511397861,104,141,11,11
1618182705642,32.854454918159654,-117.23709751361238,28.56905348150717,103,140,11,11
