1616533743474,32.833808669124835,-117.2713126594015,17.637136845434696,31,47,12,11
1616533743559,32.833823517324944,-117.27131832867671,17.60821680827858,31,47,12,11
1616533743657,32.83386773445784,-117.27133634927584,17.51374288982783,31,48,12,11
1616533743809,32.83388234294151,-117.27134273060541,17.487280109587484,31,48,12,11
1616533743977,32.83389688465963,-117.27134926608994,17.458891145670833,31,48,12,11
1616533744089,32.833911325939006,-117.271355931606,17.428344240236456,31,47,12,11
1616533744216,32.8339256835988,-117.27136269084512,17.395238222806675,30,46,12,11
1616533744332,32.83393992214424,-117.27136960586763,17.370184558583766,29,46,12,11
1616533744584,32.833995776637366,-117.2713982509043,17.25362384216073,27,44,12,11
1616533744745,32.834009576683556,-117.27140556988792,17.233283791666214,28,44,12,11
1616533744937,32.83402324012077,-117.27141290415615,17.1948844598986,27,44,12,11
1616533745051,32.83403671194857,-117.27142029640301,17.15251049751316,28,44,12,11
1616533745172,32.834050092204244,-117.27142774593956,17.131200384475406,28,44,12,11
1616533745341,32.83410212658342,-117.27145742348378,17.03154981629548,27,43,12,11
1616533745489,32.834114727533006,-117.27146471027358,16.9993432620955,27,43,12,11
1616533745602,32.834127191135266,-117.27147202691415,16.988621085150626,27,43,12,11
1616533745727,32.83413948808351,-117.27147932015899,16.978140661900976,27,43,12,11
1616533745973,32.834151588737896,-117.27148660789162,16.955522640164077,27,43,12,11
1616533746092,32.834163528331416,-117.27149382087526,16.925804296601974,27,43,10,11
1616533746303,32.834209661865856,-117.27152215164381,16.810212612904433,28,43,12,11
1616533746487,32.83422081558564,-117.27152907291381,16.786634648550127,28,44,12,11
1616533746595,32.834231815132775,-117.2715359284228,16.76237043264944,28,43,12,11
1616533746714,32.834242679667845,-117.27154267222112,16.735479100272553,29,44,12,11
1616533746881,32.834274415290594,-117.2715625036576,16.660383191756967,30,45,10,11
1616533746997,32.83428467446036,-117.2715690054659,16.634755092679914,30,45,11,11
1616533747090,32.83429479681832,-117.27157540840709,16.597431196567573,30,45,11,11
1616533747235,32.83430485220314,-117.2715817869595,16.568563309232108,31,45,11,11
1616533747391,32.83431478983295,-117.27158816253876,16.541423855005235,30,45,11,11
1616533747474,32.83432468626752,-117.27159444469572,16.507534043862258,30,45,11,11
1616533747625,32.83433457281203,-117.27160072200324,16.492646861154665,31,45,11,11
1616533747746,32.83434440342268,-117.27160700183002,16.481808362470726,30,45,11,11
1616533747865,32.83435417903741,-117.2716132492088,16.45894314894555,29,45,11,11
1616533748006,32.83436392973896,-117.27161949925522,16.433248041550446,29,45,11,11
1616533748153,32.834373678345614,-117.27162573962867,16.415213031957954,29,44,11,11
1616533748252,32.83440288744986,-117.27164461827165,16.36728777557936,29,44,11,11
1616533748384,32.83441260951258,-117.27165095377738,16.349647075251937,29,45,11,11
1616533748571,32.8344223491515,-117.27165729589616,16.328546878231716,29,45,11,11
1616533748781,32.834461807313005,-117.27168309081608,16.250500066928378,32,47,11,11
1616533748897,32.8344717555242,-117.2716896932987,16.234696860502996,32,48,11,11
1616533749032,32.83448173701261,-117.27169631302986,16.20424621488749,33,49,11,11
1616533749160,32.83449177893764,-117.27170300772707,16.177387566426646,34,50,11,11
1616533749312,32.834501867075154,-117.27170975198412,16.151111681034806,35,51,11,11
1616533749444,32.83451202097556,-117.27171649171451,16.122348151180677,35,52,12,11
1616533749531,32.83452232286841,-117.27172330451921,16.094449654014316,36,52,12,11
1616533749786,32.8345636375078,-117.27175093769426,16.00773166582979,37,55,13,11
1616533749898,32.83457405887192,-117.27175785879692,15.98750048947326,37,55,13,11
1616533750065,32.834584563598916,-117.27176487758571,15.968688247877846,37,56,13,11
1616533750159,32.83459496078179,-117.27177177294068,15.949202209528059,37,56,13,11
1616533750305,32.83460535349674,-117.2717786150765,15.930695058970342,37,56,13,11
1616533750407,32.83461570840083,-117.27178543327639,15.918345512843933,37,56,13,11
1616533750585,32.834646681689925,-117.27180521802806,15.872488521852828,36,56,13,11
1616533750752,32.83465690270633,-117.2718116511536,15.859522842967241,35,55,13,11
1616533750862,32.83466706531244,-117.27181799179684,15.845789450199657,34,55,13,11
1616533751064,32.83467712991208,-117.27182423687651,15.832167981679278,33,54,13,11
1616533751181,32.834687128868914,-117.27183035263506,15.819606048488753,33,54,13,11
1616533751353,32.8347261473132,-117.2718535452618,15.770706902960937,29,50,13,11
1616533751503,32.834735579828134,-117.27185905487823,15.750609570885837,29,49,13,11
1616533751616,32.8347448895261,-117.2718644586637,15.73006468204733,28,48,13,11
1616533751779,32.8347540504225,-117.27186982006343,15.715558832741122,28,48,13,11
1616533751915,32.834763084003534,-117.2718750558586,15.703333088018788,28,47,13,11
1616533752078,32.8347719991015,-117.27188017681611,15.690611540945943,28,47,13,11
1616533752310,32.83480603049508,-117.27189961140827,15.63357284165146,27,45,13,11
1616533752485,32.834814041922684,-117.27190410642918,15.61445574420136,27,45,13,11
1616533752595,32.83482183071551,-117.2719084376001,15.596327087651904,26,44,13,11
1616533752714,32.834829381604834,-117.27191259397323,15.57665893489944,26,44,13,11
1616533752887,32.834850458503595,-117.27192398564878,15.508946919649182,26,42,13,11
1616533753006,32.83485691704113,-117.27192738442125,15.488581335321618,26,43,13,11
1616533753116,32.83486303427989,-117.27193058752032,15.472635632447442,26,42,13,11
1616533753241,32.834868803348655,-117.27193357377995,15.45341105083935,26,42,13,11
1616533753342,32.834874218032276,-117.27193632739916,15.436346162494356,26,41,13,11
1616533753456,32.83487926887865,-117.27193884729827,15.417094728421219,25,41,13,11
1616533753607,32.83488397353224,-117.27194116630868,15.400369257924392,25,40,13,11
