1616280753052,32.880104230902774,-117.23549682428379,75.06291553555891,54,131,8,11
1616280753260,32.880104253409144,-117.23549684653761,75.07445362112615,55,132,8,11
1616280753373,32.88010424859861,-117.23549686244775,75.07643834611068,55,132,8,11
1616280753527,32.880104248729225,-117.23549686468395,75.07954222669989,55,132,8,11
1616280753741,32.88010425104643,-117.2354968853673,75.08206906924279,55,133,8,11
1616280753947,32.88010427087023,-117.23549691834174,75.09462470881863,56,134,8,11
1616280754028,32.880104284354815,-117.23549693666281,75.09547509087875,56,134,8,11
1616280754197,32.88010427592827,-117.23549693414577,75.09942245032977,56,134,8,11
1616280754362,32.88010428661829,-117.2354969640462,75.10243107987876,56,135,8,11
1616280754479,32.8801042954244,-117.23549696689619,75.10555951038225,56,135,8,11
1616280754597,32.88010429264484,-117.23549698358579,75.10859694567793,56,135,8,11
1616280754741,32.88010429224553,-117.23549700616691,75.11408502012101,56,135,8,11
1616280754947,32.88010430195553,-117.23549709316943,75.12698166292509,56,135,8,11
1616280755059,32.880104290660356,-117.23549709583881,75.13042950096191,56,135,8,11
1616280755189,32.88010429326036,-117.23549711728157,75.1323545055257,56,135,8,11
1616280755356,32.88010429279018,-117.23549712838239,75.13614730124664,56,136,8,11
1616280755473,32.88010430216832,-117.23549715322903,75.13843358051885,56,136,8,11
1616280755614,32.880104284683966,-117.2354971518189,75.14427613474945,56,136,8,11
1616280755714,32.88010429241107,-117.23549721782517,75.15149538579429,57,136,8,11
1616280755861,32.88010428782194,-117.23549724471579,75.15396772406582,57,136,8,11
1616280755973,32.880104303798305,-117.2354972749347,75.15622215217822,56,136,8,11
1616280756088,32.88010429852837,-117.23549726891642,75.16190029709045,57,136,8,11
1616280756217,32.88010428901389,-117.2354972886448,75.1657831034474,57,137,8,11
1616280756382,32.88010429322679,-117.23549727558652,75.16928083695987,57,137,8,11
1616280756503,32.88010428138564,-117.23549730916345,75.17253573179751,57,137,8,11
1616280756657,32.880104284646286,-117.23549732493927,75.17408573428112,57,137,8,11
1616280756849,32.88010428820118,-117.23549740119397,75.18659849193457,57,138,8,11
1616280756930,32.88010427458145,-117.23549739992846,75.1915397339611,57,138,8,11
1616280757076,32.88010426518885,-117.23549742050369,75.19526142067927,57,138,8,11
1616280757205,32.88010426394163,-117.23549744287625,75.1981400762215,57,138,8,11
1616280757376,32.880104261753964,-117.23549745063642,75.20265387421377,57,137,7,11
1616280757490,32.88010427147133,-117.23549748333868,75.20767841928433,56,137,7,11
1616280757658,32.880104268555115,-117.23549753791957,75.21808241730261,55,134,7,11
1616280757759,32.88010426092499,-117.23549754327799,75.22441821158273,54,133,7,11
1616280757904,32.880104260703064,-117.23549759698408,75.22740478583367,54,132,7,11
1616280758025,32.880104267999975,-117.23549760274327,75.23042181366857,54,131,7,11
1616280758138,32.88010426864256,-117.23549763910614,75.234202255498,53,130,7,11
1616280758268,32.88010425563491,-117.23549764975988,75.24026812030097,53,130,7,11
1616280758469,32.88010425285302,-117.23549767609975,75.24241669664495,53,129,7,11
1616280758581,32.880104249197785,-117.23549766615679,75.24567966788372,52,128,7,11
1616280758707,32.88010424240152,-117.23549773825177,75.25881455638435,52,127,8,11
1616280758853,32.88010422818727,-117.23549774604693,75.26208073390846,52,127,8,11
1616280758970,32.88010422119977,-117.2354977572177,75.26322000797522,52,127,8,11
1616280759084,32.880104222079225,-117.23549777059269,75.26825098310603,52,127,8,11
1616280759216,32.88010422985777,-117.23549777994032,75.26918794025312,52,127,8,11
1616280759393,32.88010422256568,-117.23549778652409,75.27204039780304,52,127,8,11
1616280759506,32.88010421948652,-117.23549780936783,75.27390523636747,52,127,8,11
1616280759521,32.88010421105251,-117.23549781705688,75.28069691532535,52,127,8,11
1616280759659,32.880104200275035,-117.23549782590732,75.28340641565246,52,128,8,11
1616280759756,32.88010420532975,-117.23549782843001,75.28588388956028,53,128,8,11
1616280759915,32.880104210396425,-117.23549785871026,75.28784342523976,53,128,8,11
1616280760034,32.880104197846904,-117.23549785524361,75.2915378638011,53,129,8,11
1616280760149,32.88010419773623,-117.23549786880608,75.29154453645845,53,129,8,11
1616280760301,32.88010420658152,-117.23549790803708,75.29294238028467,53,129,8,11
1616280760411,32.88010420914691,-117.23549788328852,75.29625680083531,54,130,8,11
1616280760647,32.88010417416682,-117.23549792956486,75.30692264239326,55,132,8,11
1616280760756,32.880104183454065,-117.2354979686095,75.30866525401902,55,132,8,11
1616280760870,32.88010418536598,-117.2354979817788,75.30985802702709,55,132,8,11
1616280761017,32.880104168945216,-117.23549798394072,75.31324964184655,55,132,8,11
1616280761130,32.88010416527427,-117.23549801062096,75.31383306828907,55,132,8,11
1616280761252,32.880104161691904,-117.23549800819112,75.32056568080921,55,132,8,11
1616280761393,32.88010416480506,-117.23549803271352,75.32199343328504,55,132,8,11
1616280761662,32.88010413296573,-117.2354980860225,75.33085733525726,55,133,8,11
1616280761773,32.880104125866964,-117.23549809297255,75.33278321992933,56,133,8,11
1616280761918,32.880104130507156,-117.2354980993858,75.33618077279498,56,134,8,11
1616280762032,32.880104119134494,-117.23549811509312,75.33966113731549,56,134,8,11
1616280762143,32.88010412438633,-117.23549813556343,75.3442333164411,56,134,8,11
1616280762300,32.88010410065049,-117.2354981430486,75.34416339626729,56,135,8,11
1616280762408,32.88010411473932,-117.23549814117355,75.34901926823464,56,135,8,11
1616280762551,32.88010411917726,-117.23549819310632,75.35575551916557,57,136,8,11
1616280762663,32.88010410621868,-117.23549819660249,75.3593943823331,57,136,8,11
1616280762765,32.88010410940964,-117.23549820872225,75.36110454141182,57,137,8,11
1616280762912,32.88010410217412,-117.23549822266193,75.3630618761223,57,137,8,11
1616280763025,32.880104095418254,-117.23549823490416,75.36334593406059,57,137,8,11
1616280763144,32.880104093576215,-117.23549823741217,75.36791793301488,58,138,8,11
1616280763272,32.88010409305686,-117.23549826507895,75.36807506734971,58,138,8,11
