1610059184390,32.876784421673364,-117.23274161767195,68.78910017633719,81,122,15,11
1610059184471,32.876784597500546,-117.23274525677483,68.79290058011982,81,122,15,11
1610059184597,32.87678476337485,-117.23274889504393,68.79247126545319,81,122,15,11
1610059184693,32.87678492189365,-117.23275255253952,68.79180595729714,81,122,15,11
1610059184774,32.87678510885449,-117.23275616992693,68.79703559849382,80,122,15,11
1610059184890,32.876785303560986,-117.23275978184714,68.80326245929838,80,122,15,11
1610059184961,32.87678549348023,-117.23276336165802,68.806263435695,80,122,15,11
1610059185049,32.87678567566459,-117.23276692907662,68.80983296113563,80,122,15,11
1610059185212,32.87678586458354,-117.23277049496825,68.8156449351484,80,122,15,11
1610059185291,32.876786046037594,-117.23277407092803,68.81954315497808,80,122,15,11
1610059185393,32.87678622616449,-117.23277760084164,68.82384094104856,80,122,15,11
1610059185476,32.87678640636913,-117.23278112503093,68.82875184622176,80,122,15,11
1610059185612,32.876786609053184,-117.23278464462528,68.83232961406223,80,122,15,11
1610059185695,32.87678682276381,-117.23278817045171,68.83542674246239,79,122,15,11
1610059185776,32.87678703837934,-117.23279171052559,68.83993827701508,79,122,15,11
1610059185997,32.87678810787005,-117.23280637450895,68.85624516706932,79,122,15,11
1610059186088,32.876788460344194,-117.23281018448294,68.85869473427287,79,122,15,11
1610059186206,32.87678885137642,-117.23281405469983,68.86298004886095,79,122,15,11
1610059186289,32.876789302843584,-117.23281802114573,68.86561070273746,79,122,15,11
1610059186414,32.87678976532501,-117.23282203847728,68.86705445026683,79,122,15,11
1610059186573,32.87679028189646,-117.23282613550015,68.86936579221225,78,122,15,11
1610059186665,32.876790852305426,-117.23283031410112,68.87081992055724,78,122,15,11
1610059186769,32.87679145035141,-117.23283455232169,68.86971905158188,78,122,15,11
1610059186857,32.87679209493128,-117.23283887845146,68.87002736321443,78,122,15,11
1610059186936,32.87679280124431,-117.2328433164309,68.87007979563721,78,122,15,11
1610059187102,32.876793553053716,-117.23284780076385,68.87021771104521,78,122,15,11
1610059187179,32.87679435594919,-117.23285238341555,68.87212698988591,78,122,15,11
1610059187285,32.87679520167512,-117.23285704468171,68.87281387173682,78,122,15,11
1610059187364,32.87679608179002,-117.23286179404165,68.87592059253596,78,122,15,11
1610059187499,32.87679700169111,-117.23286664313227,68.87758855017027,78,122,15,11
1610059187590,32.87679795681609,-117.23287162199286,68.88061610874931,78,122,15,11
1610059187673,32.876798951324005,-117.23287668644775,68.8848236115001,78,122,15,11
1610059187815,32.87680000035521,-117.23288185660272,68.88827742984425,78,122,15,11
1610059187903,32.87680111701713,-117.23288716864543,68.89192036606318,78,122,15,11
1610059187984,32.876802268361274,-117.23289261993891,68.89442415220617,78,122,15,11
1610059188190,32.87680345638954,-117.23289824105919,68.89935714579832,78,122,15,11
1610059188285,32.876804690409855,-117.23290403729118,68.90131582592625,78,122,15,11
1610059188375,32.87680598041985,-117.2329099311526,68.90422365387445,78,122,15,11
1610059188466,32.87680733988874,-117.23291596828648,68.90736323570442,78,122,15,11
1610059188599,32.8768087507764,-117.23292215693247,68.91124768515253,78,122,15,11
1610059188695,32.87681019474347,-117.23292849559104,68.91608587031376,79,122,15,11
1610059188774,32.87681166433582,-117.23293497642574,68.92186054615792,79,122,15,11
1610059188880,32.876813171366,-117.23294158744586,68.92830882623126,79,122,15,11
1610059188966,32.8768147263661,-117.23294833038601,68.93513710802742,79,122,15,11
1610059189044,32.87681631846426,-117.23295519205875,68.93945083094312,80,122,15,11
1610059189128,32.87681795519036,-117.23296217462972,68.94416495647205,80,122,15,11
1610059189289,32.87681961971351,-117.2329692623897,68.95207354429326,80,122,15,11
1610059189398,32.87682129443404,-117.23297642466252,68.95958031332168,80,122,15,11
1610059189479,32.876823003057616,-117.23298363918224,68.96692599111034,80,122,15,11
1610059189615,32.87682472541301,-117.23299089429064,68.97288110329937,81,122,15,11
1610059189698,32.87682645694465,-117.23299818804333,68.97799309116175,81,122,15,11
1610059189778,32.87682820872281,-117.23300551720105,68.98399048360963,81,122,15,11
1610059189898,32.87682995887317,-117.23301289956261,68.98906202733738,81,122,15,11
1610059189982,32.876831727106165,-117.23302030146426,68.994591164582,81,122,15,11
1610059190063,32.876833488933876,-117.23302773779673,69.00163184210798,80,122,15,11
1610059190205,32.87683527137236,-117.2330351190375,69.00682657891034,80,122,15,11
1610059190363,32.87683707274894,-117.23304248903057,69.00944608190179,80,122,15,11
1610059190487,32.87684425636246,-117.2330719080267,69.01889309565833,80,122,15,11
1610059190588,32.8768460638851,-117.23307923055431,69.02112398734656,80,122,15,11
1610059190706,32.876847877967734,-117.23308656096545,69.02229120876639,80,122,15,11
1610059190792,32.87684968775252,-117.2330938880571,69.02466109286594,80,122,15,11
1610059190884,32.87685150351492,-117.23310119805714,69.02580404504025,80,122,15,11
1610059191002,32.876853317565114,-117.23310849682173,69.02521548562315,79,122,15,11
1610059191161,32.87685514441988,-117.23311581925996,69.02744239554379,79,122,15,11
1610059191261,32.87685695929539,-117.2331230878647,69.02841829486546,79,122,15,11
1610059191342,32.87685875272075,-117.23313034079513,69.02940132116045,79,122,15,11
1610059191471,32.87686056081428,-117.23313756727981,69.0328064966456,79,122,15,11
1610059191562,32.87686237539244,-117.23314476288772,69.03580822929159,79,122,15,11
1610059191657,32.87686418534352,-117.23315191680092,69.03693441082989,79,122,15,11
1610059191760,32.876865953440756,-117.23315908137765,69.0411984965624,79,122,15,11
1610059191838,32.876867684227115,-117.23316618027286,69.04586647644216,79,122,15,11
1610059191926,32.87686939355977,-117.23317323301328,69.04712512619429,79,122,15,11
1610059192146,32.8768710883443,-117.23318024458577,69.04819531206805,79,122,15,11
1610059192225,32.876872762749656,-117.23318724473255,69.05002448840446,78,122,15,11
1610059192327,32.87687436715361,-117.23319420289774,69.0503795806189,78,122,15,11
1610059192410,32.87687592046807,-117.23320115911959,69.0536334701939,78,122,15,11
1610059192545,32.87687740666501,-117.23320806087607,69.05648323133586,78,122,15,11
1610059192639,32.876878864267944,-117.23321490569673,69.05644249981843,78,122,15,11
1610059192725,32.87688024419039,-117.23322173667626,69.05955573995925,78,122,15,11
1610059192827,32.87688151682,-117.23322851306365,69.06504649967685,78,122,15,11
1610059192915,32.87688270097894,-117.23323523236557,69.07238274937144,78,122,15,11
1610059193045,32.876883815457575,-117.2332418988826,69.08109981415947,78,122,15,11
1610059193151,32.87688481113051,-117.23324849202596,69.09122896717372,78,122,15,11
1610059193242,32.87688567603535,-117.23325500096534,69.09689258307374,78,122,15,11
1610059193344,32.876886389063614,-117.23326149815495,69.10548804403435,78,122,15,11
1610059193429,32.87688698841643,-117.2332679695934,69.10706160780616,78,122,15,11
1610059193551,32.87688748585505,-117.23327443944486,69.10663739367106,78,122,15,11
1610059193645,32.876887820098986,-117.23328091581207,69.1075906339933,78,122,15,11
1610059193726,32.876887972543734,-117.23328738276528,69.11184885750629,78,122,15,11
1610059193870,32.876887943801904,-117.23329383220995,69.11452034796255,78,122,15,11
1610059193958,32.87688776791613,-117.23330028468321,69.11719112404975,78,122,15,11
1610059194105,32.87688741919376,-117.2333067214644,69.1182185382207,79,122,15,11
1610059194243,32.87688685120674,-117.23331314210948,69.12034370586777,79,122,15,11
1610059194335,32.87688604064518,-117.23331953671575,69.12457024263666,79,122,15,11
1610059194435,32.87688498848456,-117.23332589505806,69.13186720035112,79,122,15,11
1610059194537,32.87688371205851,-117.23333218743572,69.13279777323469,80,122,15,11
