1612658183717,32.87445002465232,-117.20387230163512,67.83370515797382,36,70,15,11
1612658183843,32.87445285523487,-117.2038460259979,67.82978404515605,36,70,15,11
1612658183937,32.874455726389016,-117.20381971054306,67.83073472412,35,70,15,11
1612658184159,32.87445861742736,-117.20379337292889,67.84056684566931,35,70,15,11
1612658184432,32.87447003352968,-117.20368782878285,67.90109022418041,36,71,15,11
1612658184566,32.87447290213445,-117.20366141999004,67.92511603423061,37,71,14,11
1612658184682,32.87447577282417,-117.20363499834039,67.94971666603664,37,72,14,11
1612658184792,32.87447868141546,-117.2036085677243,67.97898837705361,38,72,14,11
1612658184910,32.874481636863045,-117.20358217013663,68.00295570311134,39,73,14,11
1612658185011,32.8744846242042,-117.20355581144659,68.02804657977559,39,73,14,11
1612658185227,32.8744876615267,-117.20352946330982,68.0591422818095,40,74,14,11
1612658185414,32.874500249614925,-117.20342442522359,68.19401203574633,42,76,14,11
1612658185553,32.87450353094259,-117.20339829035733,68.22499399340172,42,77,14,11
1612658185701,32.874506858939995,-117.20337221924662,68.25151904671465,43,77,14,11
1612658185816,32.87451020677229,-117.20334618055297,68.28406295401135,43,78,14,11
1612658185943,32.87451357316654,-117.20332019302782,68.31951251195194,43,78,14,11
1612658186035,32.87451692648835,-117.20329426665876,68.35335948263142,44,78,14,11
1612658186319,32.87453046140081,-117.20319082127345,68.4995171933243,45,80,13,11
1612658186431,32.87453389749482,-117.20316506167494,68.52825536893111,46,81,13,11
1612658186632,32.87453730499383,-117.20313930039006,68.56284525700339,46,81,13,11
1612658186746,32.87454070065265,-117.20311356225676,68.59251868798265,46,82,13,11
1612658186859,32.874544102902576,-117.20308786061918,68.62200462864264,47,82,13,11
1612658187113,32.87455769727171,-117.20298495964768,68.73683285235774,48,84,14,11
1612658187225,32.87456105664874,-117.20295927235928,68.75264342522807,48,85,14,11
1612658187342,32.87456444443444,-117.20293356886465,68.78103935323519,48,85,14,11
1612658187434,32.874567822958475,-117.2029078058183,68.81512717228534,49,86,14,11
1612658187559,32.87457120515445,-117.20288206115637,68.84220209255969,49,86,14,11
1612658187769,32.87457459682029,-117.20285635345513,68.859691015878,49,86,14,11
1612658187882,32.874578008461775,-117.20283061658671,68.88974641969546,49,87,14,11
1612658188137,32.87459196085699,-117.2027276696277,69.00550325165393,50,88,15,11
1612658188249,32.874595520094296,-117.20270196873167,69.02580482778912,50,89,15,11
1612658188426,32.87459912877117,-117.20267626694287,69.05585686900014,50,89,15,11
1612658188514,32.87460273173169,-117.20265053373136,69.09450333702304,50,89,15,11
1612658188679,32.87460636371795,-117.20262480357094,69.13586294398483,50,89,15,11
1612658188818,32.87461728454701,-117.20254761683894,69.22019885305745,49,90,15,11
1612658188952,32.87462098798038,-117.20252196345866,69.24182116532552,49,90,15,11
1612658189098,32.8746246718935,-117.20249619174031,69.28054371164176,49,90,15,11
1612658189245,32.87462837569456,-117.20247047835821,69.30717515694276,49,90,15,11
1612658189358,32.87463203518502,-117.20244480397723,69.32529058187507,49,90,15,11
1612658189442,32.87463574680077,-117.20241912236743,69.35625241290015,49,90,15,11
1612658189621,32.87464676655394,-117.20234211156601,69.45781531765722,48,91,15,11
1612658189733,32.87465041361559,-117.20231646981885,69.50126119464002,48,91,15,11
1612658189867,32.87465403269856,-117.20229080514675,69.53551024958276,48,91,15,11
1612658190005,32.87465766019809,-117.20226519005185,69.57395164907933,48,91,15,11
1612658190147,32.87466127781298,-117.20223955888864,69.61163193606932,48,91,15,11
1612658190325,32.8746721780319,-117.20216277141337,69.70350986750302,47,90,15,11
1612658190459,32.874675809049876,-117.20213722871556,69.72378211149221,45,88,15,11
1612658190637,32.87467945165278,-117.2021116983766,69.74102555675897,43,86,15,11
1612658190753,32.874683094204435,-117.20208620457566,69.75766738434825,43,86,15,11
1612658190866,32.87468671360084,-117.20206068346559,69.78530359259786,42,84,15,11
1612658190976,32.87469035229312,-117.2020351755243,69.82017727110475,41,83,15,11
1612658191139,32.874701361907874,-117.20195865013301,69.91866714883602,38,78,15,11
1612658191252,32.87470508471714,-117.20193312367894,69.95323589839674,37,77,15,11
1612658191369,32.87470879872162,-117.20190758455796,69.98816792499007,36,76,15,11
1612658191477,32.874712517839015,-117.20188207789082,70.01669224309025,36,75,15,11
1612658191658,32.87471623223231,-117.2018565727274,70.04321124467549,35,75,15,11
1612658191805,32.8747199739222,-117.20183104623322,70.07995834627327,35,74,15,11
1612658192083,32.87473505423833,-117.20172885356828,70.2256414740254,33,70,15,11
1612658192195,32.8747388172353,-117.20170322494342,70.26735508832466,33,69,15,11
1612658192308,32.874742519781535,-117.20167760800166,70.28655890062448,32,69,15,11
1612658192522,32.87475372669361,-117.20160093016996,70.34799904507824,32,67,15,11
1612658192635,32.87475741112395,-117.20157532574555,70.388402176441,31,66,15,11
1612658192749,32.874761079818974,-117.20154975410543,70.42178231635906,31,66,15,11
1612658192879,32.874764743021956,-117.20152417629289,70.44884659722732,32,66,15,11
1612658193013,32.87476842166261,-117.2014986756821,70.47342562214551,32,66,15,11
1612658193169,32.874772085368264,-117.20147312165165,70.50729019195194,32,66,15,11
1612658193316,32.87477573264837,-117.20144760649225,70.53730091880999,31,65,15,11
1612658193496,32.87479034869217,-117.20134578469855,70.67643149747146,31,64,15,11
1612658193644,32.87479402393968,-117.20132037116528,70.7116672138501,31,64,15,11
1612658193758,32.874797697284734,-117.20129499535152,70.74696172164533,31,64,15,11
