1483232820766,32.87632539430935,-117.23346231556553,69.537106071598,41,68,12,11
1483232820928,32.8762893692766,-117.23346216048999,69.56556506182325,39,66,13,11
1483232821049,32.87627729343154,-117.23346192208581,69.57071993657851,38,65,13,11
1483232821165,32.876265231469716,-117.23346164951757,69.57487130052327,37,65,13,11
1483232821278,32.876253226495784,-117.23346129254735,69.5767645131232,37,65,13,11
1483232821359,32.87624125086852,-117.23346086234562,69.58496537698439,37,65,13,11
1483232821533,32.87622923699614,-117.23346042782013,69.59760723964989,37,65,13,11
1483232821704,32.87621723440684,-117.23345987981318,69.61793849657408,37,65,13,11
1483232821964,32.876168924930354,-117.23345776704802,69.63809401002074,36,63,13,11
1483232822095,32.8761569022148,-117.23345709754953,69.6550542656583,36,63,13,11
1483232822208,32.87614489755947,-117.23345629954086,69.67388317420242,36,63,13,11
1483232822321,32.87613278523116,-117.23345547147571,69.69308753577366,36,63,13,11
1483232822403,32.87612073687136,-117.23345460815933,69.70409194640139,36,63,13,11
1483232822571,32.87610870907842,-117.23345365390675,69.699074486604,37,63,12,11
1483232822693,32.87609668138161,-117.23345277118491,69.69071497775043,37,63,12,11
1483232822779,32.87608468848121,-117.23345175154473,69.6931667001931,37,64,12,11
1483232822964,32.876048650725565,-117.23344843642867,69.72183242384365,39,66,12,11
1483232823080,32.876036700968925,-117.23344717406056,69.72272580720603,39,66,12,11
1483232823203,32.87602477884414,-117.23344590389323,69.72874605863646,40,67,12,11
1483232823316,32.876012856036326,-117.23344457441233,69.73471336676691,40,67,12,11
1483232823399,32.876001035867006,-117.23344311502876,69.74300748710829,41,67,12,11
1483232823566,32.87598917017548,-117.23344169205758,69.74821504928633,41,67,12,11
1483232823856,32.87594202380538,-117.23343673977064,69.77541058023547,40,67,12,11
1483232823968,32.87593028195258,-117.23343584441177,69.76460805618609,40,67,12,11
1483232824157,32.87591846968279,-117.23343503447177,69.76609424770433,39,66,12,11
1483232824269,32.875906740300756,-117.23343424536104,69.7690532686513,39,66,12,11
1483232824406,32.87589505236037,-117.23343352168106,69.76304143714417,39,66,12,11
1483232824487,32.87588340327853,-117.23343283379215,69.75855611184373,40,67,12,11
1483232824727,32.875836440982724,-117.23343098683547,69.79505429986277,41,68,11,11
1483232824899,32.8758245970276,-117.23343067013859,69.80159153680849,40,67,11,11
1483232825009,32.87581278176521,-117.23343034166305,69.7869052262586,40,67,11,11
1483232825090,32.87580099382549,-117.23342997954354,69.76913099178964,40,66,11,11
1483232825431,32.87575357843752,-117.2334282223825,69.77325011611282,42,68,12,11
1483232825607,32.875741669787644,-117.23342769176543,69.78241138769178,43,68,12,11
1483232825693,32.87572980909114,-117.23342712468843,69.78785182589215,44,70,12,11
1483232826033,32.8756818093506,-117.23342498064693,69.79530807021585,46,71,10,11
1483232826150,32.875669779277274,-117.23342441682898,69.80188987254866,46,71,10,11
1483232826262,32.87565774185711,-117.2334238202507,69.81089565956411,47,72,11,11
1483232826345,32.87564570856376,-117.23342326511262,69.81685905775832,48,72,11,11
1483232826516,32.87563354772638,-117.23342275237073,69.81455748748192,48,72,10,11
1483232826633,32.875621508116986,-117.23342224350327,69.813324349933,48,73,10,11
1483232826745,32.87560944713674,-117.23342171537095,69.82071011558986,48,72,10,11
1483232826865,32.87559739402309,-117.23342118688089,69.83233416662462,48,73,10,11
1483232827030,32.875561453845144,-117.23341928925669,69.85958745358158,53,76,8,11
1483232827149,32.87554954268165,-117.23341859195885,69.87051258939083,55,77,8,11
1483232827265,32.875537652619826,-117.23341772780364,69.88213476406158,57,78,0,13
1483232827392,32.87552579992543,-117.23341681747762,69.88827864330068,59,80,0,13
1483232827551,32.87551396130415,-117.23341590287635,69.89458784992766,61,81,0,13
1483232827786,32.87546676380896,-117.2334135618348,69.94846496698592,70,88,0,13
1483232827986,32.87545500279883,-117.23341340899897,69.96655565340204,73,89,0,13
1483232828136,32.87544326621202,-117.23341340742775,69.98116276739934,76,91,0,13
1483232828222,32.87543155795099,-117.23341366001715,69.99200203302081,78,92,0,13
1483232828346,32.87541987814191,-117.23341404603632,70.00077413333291,81,94,0,13
1483232828594,32.875373383026655,-117.23341779939156,70.03193765895375,92,101,0,13
1483232828705,32.87536184850181,-117.23341935015077,70.02801222406636,95,103,0,13
1483232828861,32.875350316182086,-117.23342114688629,70.03414210311877,98,105,0,13
1483232829070,32.87533879189658,-117.23342315342086,70.04571038129603,102,106,0,13
1483232829298,32.87529293370025,-117.23343320852027,70.05634877667433,115,114,0,13
1483232829442,32.87528147355021,-117.2334362515483,70.07420949998102,118,116,0,13
1483232829617,32.87527003418915,-117.23343948393594,70.08901978353381,122,118,0,13
1483232829736,32.87525863607489,-117.2334429398447,70.09707282196918,126,120,0,13
1483232829997,32.875213166022334,-117.23345899351673,70.1663075245223,141,127,0,13
1483232830116,32.875201788636765,-117.2334635604492,70.17687908873715,145,129,0,13
1483232830241,32.87519090630034,-117.23346817864189,70.18645346529597,150,132,6,11
1483232830369,32.87517888529584,-117.23347356126376,70.20262028640911,154,134,6,11
1483232830514,32.87516739596408,-117.23347894936529,70.2233005863364,158,136,6,11
1483232830635,32.87515588217882,-117.23348454806964,70.24240642650875,162,138,9,11
1483232830747,32.87514433546069,-117.23349043771297,70.24944533252041,166,140,9,11
1483232830865,32.87513256798211,-117.23349672148682,70.25991473996716,169,142,9,11
