1632425510776,32.87785074230135,-117.22942607262121,61.981221578101945,77,164,12,11
1632425510968,32.87786701068314,-117.22942196246642,61.97241707036832,78,165,12,11
1632425511080,32.87788318680058,-117.22941794265239,61.9548833622921,77,164,12,11
1632425511193,32.877899140499004,-117.2294139183409,61.927592326712954,78,165,12,11
1632425511310,32.87791499701064,-117.22940998028537,61.903531282569794,78,165,12,11
1632425511414,32.87793075700803,-117.2294060718765,61.890872975614194,77,164,12,11
1632425511558,32.87794642118261,-117.22940224992075,61.876004594075795,76,162,12,11
1632425511671,32.87796190460622,-117.22939848287659,61.84910345185104,74,159,12,11
1632425511839,32.878007510443545,-117.2293872587886,61.797109017573064,71,153,12,11
1632425511990,32.87802232866182,-117.22938355619542,61.7573008917152,70,152,11,11
1632425512101,32.87803700450843,-117.22937984658974,61.722034433421,70,151,10,11
1632425512214,32.87805148804494,-117.22937611592756,61.698231277579694,71,151,10,11
1632425512334,32.878065768498274,-117.229372388339,61.66715809887764,72,152,10,11
1632425512445,32.8780799356765,-117.2293687625686,61.64516783770842,72,152,10,11
1632425512692,32.878135011602225,-117.22935443463582,61.62677718178806,74,151,11,11
1632425512797,32.878148405143214,-117.22935100415664,61.628230983870004,75,151,10,11
1632425512987,32.8781616040144,-117.22934764809361,61.62017400598564,76,151,10,11
1632425513100,32.878174664945234,-117.22934427077674,61.60807211833321,76,151,10,11
1632425513216,32.878187631515836,-117.22934090737492,61.61272642827177,77,151,10,11
1632425513331,32.87820038670316,-117.22933759577805,61.6030300967473,78,152,10,11
1632425513468,32.87821284808411,-117.2293343750609,61.55360236796503,79,152,10,11
1632425513658,32.87826224495177,-117.22932147911428,61.66894710485599,79,150,11,11
1632425513860,32.87827443945943,-117.2293182800285,61.6926514111414,80,150,12,11
1632425514010,32.87828662253132,-117.22931507068263,61.72545376846501,82,151,12,11
1632425514157,32.87829880676865,-117.2293118420665,61.744710674676185,82,151,12,11
1632425514273,32.8783109093289,-117.2293086282909,61.73527564668133,81,150,11,11
1632425514482,32.87835949372838,-117.22929578892476,61.77335235105877,81,149,9,11
1632425514644,32.87837177673764,-117.22929263052814,61.78693493122981,80,148,10,11
1632425514744,32.87838415549329,-117.22928946287892,61.79303462088413,79,147,10,11
1632425514892,32.8783965782257,-117.22928611525629,61.80999978279078,80,147,10,11
1632425515076,32.87840913055859,-117.22928277050089,61.820827992540956,80,146,10,11
1632425515187,32.87842177344156,-117.22927938947929,61.83492816476577,80,146,10,11
1632425515339,32.87847369260864,-117.22926543083473,61.92314745926963,84,150,10,11
1632425515534,32.87848705622876,-117.22926198426961,61.94619016265017,86,151,8,11
1632425515649,32.878500529642174,-117.2292582343093,61.971336973716596,88,153,8,11
1632425515741,32.878514179419255,-117.22925449187346,61.9981851206116,90,155,10,11
1632425515932,32.87852802848341,-117.22925077738422,62.02436389651443,91,156,10,11
1632425516109,32.87854202735155,-117.22924692656821,62.06040353290071,93,158,9,11
1632425516264,32.87859968629409,-117.22923128302972,62.20510597980993,97,164,9,11
1632425516410,32.87861452710371,-117.22922728725224,62.2525238805918,98,166,9,11
1632425516572,32.87862952983787,-117.22922323933886,62.30108960282343,97,167,9,11
1632425516684,32.878644662221234,-117.22921916838516,62.34787018531926,96,169,9,11
1632425516774,32.87865996822844,-117.22921506792798,62.400470330258294,95,171,9,11
1632425516911,32.87867537245965,-117.22921096411667,62.45118563766771,96,172,12,11
1632425517061,32.87869092896251,-117.22920688017503,62.502497132606564,94,174,12,11
1632425517206,32.87870660997556,-117.22920278306003,62.56479578781148,94,175,12,11
1632425517346,32.87877033820116,-117.22918631834004,62.79618707865746,88,181,12,11
1632425517549,32.8787865060538,-117.22918219289416,62.859571619706614,87,182,12,11
1632425517660,32.87880279893811,-117.22917810376163,62.92509394628507,84,182,12,11
1632425517751,32.878819121453354,-117.229174015275,62.98184629618979,81,183,12,11
1632425517947,32.87883551638205,-117.22916996454693,63.0403583959646,78,184,12,11
1632425518195,32.8789015759949,-117.22915390229262,63.380795786315375,75,188,13,11
1632425518298,32.87891823086387,-117.22914993810392,63.460064274964424,75,189,13,11
1632425518444,32.87893495849892,-117.22914599530336,63.54078263393588,75,190,13,11
1632425518602,32.87895171928094,-117.22914206388462,63.614827325547054,74,191,13,11
1632425518714,32.87896852134636,-117.22913815601052,63.68250452741225,74,191,13,11
1632425518806,32.87898537497569,-117.22913428112226,63.75338484698391,72,192,13,11
1632425518946,32.87900229095279,-117.22913042227584,63.8326479921717,72,192,13,11
1632425519200,32.879070435316955,-117.2291151266779,64.12530982764918,66,191,13,11
1632425519303,32.87908758062995,-117.22911146719616,64.20128540086596,65,191,13,11
1632425519455,32.879104734267464,-117.22910772508187,64.30065844132153,65,192,13,11
1632425519570,32.87912202127083,-117.22910413806977,64.38975840697417,65,192,13,11
1632425519728,32.87913930761445,-117.2291005610023,64.45576532475044,64,192,13,11
1632425519817,32.87915654930725,-117.22909689202012,64.52117985526895,64,192,13,11
1632425519995,32.87920854763516,-117.22908622814845,64.75888073201088,63,192,13,11
1632425520108,32.87922585646255,-117.22908272834285,64.83222655639003,62,191,14,11
1632425520240,32.879243160918655,-117.2290792986094,64.9122720236393,60,190,14,11
1632425520376,32.8792604121292,-117.2290758899312,64.9896700126181,59,188,14,11
1632425520487,32.87927764849463,-117.22907255436306,65.070874106023,58,186,14,11
1632425520600,32.87929483088018,-117.22906928158422,65.15325081483496,57,184,14,11
1632425520759,32.87931204000748,-117.22906604567862,65.23418886451124,55,182,14,11
1632425520995,32.87938018537583,-117.22905346293145,65.5629751949071,51,172,14,11
