1632259571259,32.8801138342529,-117.23541529258233,78.14724778743039,32,63,12,11
1632259571432,32.880113834915676,-117.23541526961755,78.1291601848837,33,64,12,11
1632259571543,32.880113831935184,-117.23541528722569,78.11474315915244,33,64,11,11
1632259571670,32.880113815403405,-117.23541532412386,78.09766704068693,33,65,11,11
1632259571759,32.88011379972137,-117.23541535049769,78.07746272683204,34,65,11,11
1632259571905,32.88011380878515,-117.23541536733131,78.05944067648734,34,66,11,11
1632259572038,32.880113798415145,-117.23541536750264,78.03986735508792,34,66,11,11
1632259572225,32.880113768665325,-117.2354153993762,77.98914107454291,35,68,11,11
1632259572337,32.88011376251563,-117.23541541323306,77.97093891690479,36,68,11,11
1632259572453,32.88011376125868,-117.23541543164869,77.95596300299697,36,69,11,11
1632259572597,32.88011376060244,-117.23541542724075,77.9396483162473,36,69,11,11
1632259572717,32.88011374480524,-117.23541544175052,77.923707364889,36,70,11,11
1632259572824,32.88011373718222,-117.23541545429674,77.90835365730652,37,70,11,11
1632259572967,32.880113742264605,-117.23541545074679,77.89477262647038,37,71,11,11
1632259573242,32.88011372676415,-117.23541547284135,77.83829875587216,39,73,11,11
1632259573337,32.880113723286556,-117.23541547527911,77.8259151337713,39,74,11,11
1632259573506,32.88011371732139,-117.23541549106204,77.81343649418538,39,75,11,11
1632259573633,32.88011370916163,-117.23541549321224,77.80201811527014,40,75,11,11
1632259573747,32.880113710801176,-117.23541551008682,77.78985614585388,40,76,11,11
1632259573844,32.88011372408467,-117.23541548084926,77.77790118786247,40,76,11,11
1632259574119,32.880113722464486,-117.23541550408173,77.73889030513114,41,78,11,11
1632259574235,32.88011371364965,-117.23541551037852,77.72993590267924,41,79,11,11
1632259574351,32.880113709791004,-117.23541549079032,77.72072471211331,41,79,11,11
1632259574485,32.88011369987676,-117.23541547796627,77.7111062794238,41,80,11,11
1632259574600,32.88011370911375,-117.23541550284136,77.70344023213174,41,80,11,11
1632259574712,32.88011371893335,-117.2354155007364,77.6965584200018,41,80,11,11
1632259574818,32.88011373596647,-117.2354155144107,77.69046190123079,42,81,11,11
1632259575153,32.88011373684586,-117.23541551622827,77.66623502309551,41,81,11,11
1632259575321,32.88011372820225,-117.23541550461316,77.66005654422642,41,81,11,11
1632259575446,32.880113741491684,-117.23541552937142,77.65799486214391,41,81,11,11
1632259575578,32.880113733391106,-117.23541552772163,77.6526050090129,41,81,11,11
1632259575796,32.88011376272497,-117.23541554034675,77.63926789008839,40,80,11,11
1632259575940,32.88011375714828,-117.23541554431239,77.63927810188571,40,80,11,11
1632259576070,32.88011375654548,-117.23541555447895,77.63649550831906,40,80,11,11
1632259576269,32.88011375229444,-117.23541555375198,77.63226886230943,39,80,11,11
1632259576387,32.88011375721347,-117.23541556018563,77.63082160173907,39,80,11,11
1632259576503,32.88011375906006,-117.23541555900042,77.62740974618644,39,80,11,11
1632259576634,32.88011376722526,-117.23541556939695,77.62378900075565,39,80,11,11
1632259576792,32.880113779747504,-117.23541556193183,77.6157678321387,39,80,11,11
1632259576930,32.88011376650459,-117.2354155727139,77.61341191472985,39,79,11,11
1632259577061,32.88011377953543,-117.2354155711036,77.61315579082556,39,79,11,11
1632259577206,32.8801137902907,-117.23541557882635,77.61206722991386,39,79,11,11
1632259577376,32.88011379794446,-117.23541557336218,77.60982160636428,39,79,11,11
1632259577489,32.880113798353754,-117.23541555902493,77.60917430111637,39,79,11,11
1632259577626,32.88011381698387,-117.23541555765983,77.6081639980906,39,79,11,11
1632259577798,32.8801138114555,-117.23541556690364,77.60515385813979,39,79,11,11
1632259577932,32.880113817725864,-117.2354155857326,77.6047970262092,39,79,11,11
1632259578149,32.8801138226074,-117.23541556903336,77.60379366456831,39,79,11,11
1632259578317,32.88011384059135,-117.23541557999265,77.60304774130516,39,79,11,11
1632259578498,32.880113842278426,-117.23541557794765,77.60411629678102,38,78,11,11
1632259578611,32.8801138442927,-117.23541559231647,77.60579050526853,38,78,11,11
1632259578699,32.88011384450017,-117.23541559293793,77.60716671665024,38,78,11,11
1632259578850,32.88011386061571,-117.23541558030179,77.60841987617285,38,77,11,11
1632259578984,32.880113860500465,-117.23541561433026,77.60911526642163,38,77,11,11
1632259579149,32.88011386760601,-117.23541561755016,77.61031269852622,37,77,11,11
1632259579263,32.88011387340341,-117.23541560588039,77.61157184636494,37,77,11,11
1632259579499,32.88011388049131,-117.2354156280878,77.61459657337316,37,76,11,11
1632259579629,32.88011388146175,-117.23541563799057,77.61595368208872,37,76,11,11
1632259579750,32.8801138871755,-117.23541563687468,77.61859065438202,37,75,11,11
1632259579862,32.880113889026596,-117.2354156489594,77.62022081895674,37,75,11,11
1632259579994,32.88011389190687,-117.23541566493796,77.62207040099831,37,75,11,11
1632259580196,32.88011389320576,-117.23541567028514,77.62894582564586,36,73,11,11
1632259580312,32.88011389889541,-117.23541569063556,77.63209178696444,36,72,11,11
1632259580446,32.88011390779205,-117.23541569946008,77.63483371635695,35,72,11,11
1632259580559,32.88011390428127,-117.23541571658365,77.63655735498533,35,71,11,11
1632259580673,32.8801139096165,-117.23541572911863,77.6385892077034,35,71,11,11
1632259580850,32.880113911463376,-117.23541573343728,77.64032981126886,35,70,11,11
1632259580963,32.88011391683863,-117.23541573801036,77.64216513821225,34,70,11,11
1632259581231,32.88011392492881,-117.23541579468713,77.64750079721408,34,69,11,11
1632259581312,32.880113918710414,-117.23541579616793,77.64782968099773,34,69,11,11
1632259581481,32.880113912442795,-117.23541580055334,77.64867100183582,34,69,11,11
