1631742342218,32.87237988114573,-117.22825636861077,53.136846584178286,59,98,11,11
1631742342395,32.87237151226802,-117.22831047327033,53.151571475516796,64,102,12,11
1631742342610,32.87236923913188,-117.2283242924641,53.15744307784326,65,102,12,11
1631742342753,32.872366905167766,-117.22833821012404,53.16083350013178,65,103,12,11
1631742342869,32.872364535629714,-117.22835225344605,53.16757464696739,66,104,12,11
1631742342989,32.87236210637678,-117.22836639745856,53.17694728288423,67,105,12,11
1631742343183,32.872351940566006,-117.22842392198322,53.225478251545724,70,108,12,11
1631742343296,32.8723491220993,-117.2284385111607,53.23276527359598,68,109,12,11
1631742343526,32.872346239481324,-117.2284532218697,53.241258863297034,67,109,12,11
1631742343716,32.87234339270789,-117.22846798049076,53.250759947392645,66,110,12,11
1631742343891,32.87233164558441,-117.22852774729111,53.28463711935401,62,111,12,11
1631742343994,32.87232868360249,-117.22854278933069,53.290238402254026,61,111,12,11
1631742344138,32.87232563115703,-117.22855779068702,53.308830487809445,60,111,12,11
1631742344276,32.872322617547496,-117.22857288107801,53.32684188948171,58,110,12,11
1631742344418,32.87231953096077,-117.22858813432792,53.34358687268016,57,109,12,11
1631742344700,32.87230710134285,-117.22864882773997,53.369274428797986,54,109,13,11
1631742344818,32.87230393379759,-117.22866408476791,53.37347238483128,54,109,12,11
1631742344936,32.87230074095666,-117.22867933380448,53.376448411662935,53,109,12,11
1631742345036,32.872297559047446,-117.22869463739701,53.37646488871686,53,109,12,11
1631742345197,32.87229429189409,-117.22870993333143,53.37963114749256,53,109,11,11
1631742345392,32.87228472353768,-117.22875613430139,53.37152815109924,51,108,11,11
1631742345582,32.87228155643435,-117.22877158473186,53.36435401248658,50,108,12,11
1631742345702,32.87227843874132,-117.22878705728981,53.35487931755332,50,108,12,11
1631742345816,32.87227527872116,-117.2288025135272,53.34943677901836,50,108,12,11
1631742345934,32.87227214506961,-117.22881796931665,53.3325624613772,49,107,12,11
1631742346047,32.87226898611648,-117.22883336773052,53.3251357387748,49,106,12,11
1631742346149,32.8722658733586,-117.22884878784534,53.32805511355723,48,105,12,11
1631742346295,32.87226277776084,-117.2288641472592,53.328310461658816,47,104,12,11
1631742346529,32.87225074064976,-117.22892491204223,53.294648355465796,46,102,11,11
1631742346679,32.87224773254796,-117.22893996709496,53.28900120650955,46,102,11,11
1631742346793,32.872244724743275,-117.2289548745474,53.28173103815924,46,102,11,11
1631742346906,32.872241747397304,-117.2289697441951,53.27211053950013,46,102,12,11
1631742347024,32.87223879746066,-117.22898452312472,53.26004418154632,46,103,12,11
1631742347132,32.872235791022405,-117.22899919242722,53.25378339481876,46,103,12,11
1631742347406,32.87222389153341,-117.22905727295907,53.22896678239932,45,101,12,11
1631742347560,32.87222096851201,-117.22907159176668,53.22600470975218,45,101,12,11
1631742347706,32.87221802370236,-117.22908581930179,53.222161367445764,45,100,12,11
1631742347820,32.87221508157782,-117.22909998307331,53.21734692378545,44,99,12,11
1631742347937,32.872212097121945,-117.22911417149064,53.21504490775222,44,98,12,11
1631742348051,32.872209188009805,-117.22912817290118,53.21353445567114,43,97,12,11
1631742348154,32.87220630696126,-117.22914209086044,53.20877900884123,43,97,12,11
1631742348268,32.87220344077828,-117.22915595662691,53.20555727852192,43,96,12,11
1631742348540,32.872192132381926,-117.22921066490197,53.20350106627828,40,91,12,11
1631742348700,32.87218936507431,-117.22922415474535,53.20169348098024,40,90,12,11
1631742348814,32.87218661466423,-117.22923756655459,53.197566827939866,40,89,12,11
1631742348929,32.872183888604916,-117.22925089142156,53.19382874508641,40,89,13,11
1631742349047,32.87218117445043,-117.22926417622851,53.18991601087319,39,89,13,11
1631742349148,32.87217849054798,-117.22927738240911,53.184798412710705,39,88,13,11
1631742349390,32.87216790511896,-117.22932939883736,53.1627425946539,40,88,13,11
1631742349552,32.87216529972226,-117.22934224641523,53.158695766358186,40,88,13,11
1631742349752,32.87216267951497,-117.22935500287512,53.15597625990749,40,88,13,11
1631742349874,32.87216006687802,-117.22936768515486,53.15275293877874,40,88,13,11
1631742350001,32.87215752144472,-117.22938030360983,53.14325677661179,41,88,14,11
1631742350197,32.87214743985098,-117.22943003805375,53.1119653254265,41,88,14,11
1631742350310,32.87214492522993,-117.22944228398961,53.10993747948435,41,88,14,11
1631742350422,32.872142432750536,-117.22945447182471,53.10386451603896,41,87,14,11
1631742350642,32.87213994323572,-117.2294666015679,53.096081215160545,41,87,14,11
1631742350788,32.872137487805325,-117.22947867652923,53.08453231040106,41,88,14,11
1631742350902,32.87213503061469,-117.22949077969989,53.07350016541381,41,88,14,11
1631742351122,32.87212510743567,-117.22953893889759,53.022723734539724,41,88,14,11
1631742351237,32.87212263756324,-117.22955104377475,53.01108359023033,41,87,14,11
1631742351408,32.8721201620034,-117.22956322914722,53.003544539196156,41,87,14,11
1631742351568,32.872112818382114,-117.22959941519422,52.94354003365625,41,87,13,11
1631742351714,32.87211038164764,-117.2296114331632,52.924913248482056,41,87,13,11
1631742351827,32.872107947699796,-117.22962349183749,52.918608080186004,41,87,13,11
1631742351943,32.87210554885176,-117.22963554986023,52.91615695597651,41,87,13,11
1631742352045,32.87210311934251,-117.22964753907716,52.898642756711915,41,87,13,11
1631742352200,32.87210066990001,-117.22965945337852,52.87978685084149,40,85,12,11
1631742352317,32.87209825993151,-117.22967133218978,52.858815183805135,38,84,12,11
