1616972770904,32.84900259471983,-117.23563829936344,21.31569948111327,39,56,12,11
1616972771029,32.8489758768784,-117.23564991526021,21.26420753282057,39,57,12,11
1616972771196,32.848949106116535,-117.23566143063402,21.21298154654499,40,57,12,11
1616972771343,32.84892227684265,-117.23567291765794,21.14299173187158,40,57,12,11
1616972771422,32.84889546951199,-117.23568420726997,21.064288819767075,40,58,12,11
1616972771575,32.84881491519304,-117.23571769743492,20.81843934864582,41,59,12,11
1616972771719,32.84878802278615,-117.23572867413469,20.72459365712048,41,58,12,11
1616972771848,32.84876102342492,-117.23573957214853,20.641540821164206,40,58,12,11
1616972771969,32.84873406428141,-117.23575035496596,20.55851929840958,39,58,12,11
1616972772048,32.84870708000001,-117.23576108896889,20.45802146790849,38,57,12,11
1616972772272,32.84868009124716,-117.23577169942098,20.356871093379738,37,57,12,11
1616972772385,32.84865303941527,-117.23578213296584,20.2673783649252,37,56,12,11
1616972772576,32.848544525520595,-117.23582258386747,19.918930152548988,36,55,12,11
1616972772721,32.84851730185635,-117.23583233467859,19.84502072161602,37,55,12,11
1616972772845,32.84849006483839,-117.23584196269829,19.760705919865416,36,55,13,11
1616972772957,32.84846279862807,-117.2358514426586,19.682026036546052,36,55,13,11
1616972773202,32.848380806083846,-117.2358789490024,19.464350459452966,36,55,13,11
1616972773315,32.84835339160306,-117.23588776155083,19.407590543132734,37,55,13,11
1616972773395,32.84832595085615,-117.23589644599936,19.342465767546052,37,55,13,11
1616972773589,32.848298507616164,-117.23590504288691,19.263800836375022,37,54,13,11
1616972773692,32.84827105465568,-117.23591358710499,19.17374999932236,36,54,13,11
1616972773846,32.848243602889404,-117.23592208503555,19.061181416280295,35,53,13,11
1616972773971,32.848216128506536,-117.23593052892802,18.939859537781196,33,51,13,11
1616972774197,32.84810588225469,-117.23596354511994,18.4875346552471,31,49,13,11
1616972774311,32.8480783140268,-117.23597155156162,18.387342432864326,31,48,13,11
1616972774424,32.8480507375462,-117.23597946026764,18.274697729588674,30,47,13,11
1616972774586,32.84802311604652,-117.23598725532264,18.18158642887587,30,47,13,11
1616972774720,32.84799545940567,-117.23599493977547,18.09232463955429,29,46,13,11
1616972774841,32.84796775927284,-117.23600251957504,18.004258193881263,29,46,13,11
1616972774954,32.84793985390593,-117.23601003176164,17.916457040154743,29,46,13,11
1616972775196,32.8478287870697,-117.23603858560257,17.556683761422015,30,46,13,11
1616972775320,32.847800939159164,-117.23604540282173,17.469546412843446,30,46,13,11
1616972775432,32.847773063779634,-117.23605209401231,17.37531721071656,30,46,13,11
1616972775562,32.847745164274215,-117.2360586370597,17.275965947707274,30,45,13,11
1616972775735,32.84771722710947,-117.23606506010782,17.17653577691892,30,45,13,11
1616972775848,32.84768928036959,-117.23607135576832,17.074852808281477,30,45,13,11
1616972775967,32.847661279964086,-117.23607753064107,16.986557503923862,30,45,13,11
1616972776085,32.84763325948561,-117.23608358668308,16.895751755901028,30,45,13,11
1616972776293,32.8475209192639,-117.2361066559125,16.507906136276286,30,44,13,11
1616972776403,32.84749276805685,-117.2361121853064,16.412678758153255,30,44,13,11
1616972776565,32.847464607213325,-117.23611760608964,16.325894571404056,31,45,13,11
1616972776708,32.84743615253551,-117.23612304868549,16.231336689962085,31,45,13,11
1616972776832,32.8474079563471,-117.23612839210651,16.127634729288445,31,45,12,11
1616972776950,32.84737973133452,-117.2361337198791,16.007689604476344,30,44,12,11
1616972777195,32.84726666564088,-117.23615440169196,15.559673660464739,28,43,12,11
1616972777354,32.847238350473056,-117.23615943517368,15.438089097860512,28,43,12,11
1616972777433,32.84721000891011,-117.23616449215851,15.293638502340942,26,41,12,11
1616972777595,32.84718165976001,-117.23616951347223,15.141754673350663,25,40,12,11
1616972777763,32.84715328402162,-117.23617451030326,15.016309304299535,25,39,12,11
1616972777883,32.8471249061364,-117.23617948033166,14.894094303426648,25,39,12,11
1616972778097,32.84701124748566,-117.23619952271429,14.385482375570318,25,40,12,11
1616972778214,32.84698280157706,-117.23620452771314,14.260458239567802,26,40,12,11
1616972778296,32.846954325179816,-117.23620956785636,14.132144654478127,26,40,12,11
1616972778485,32.84692584993107,-117.23621461532574,14.010269745559631,26,41,12,11
1616972778645,32.84689736633133,-117.23621969652055,13.882170813421263,26,41,12,11
1616972778795,32.84686887873413,-117.23622478609447,13.74976177149974,26,41,12,11
1616972778906,32.846840395663925,-117.23622990098706,13.615855872247348,26,41,12,11
1616972779151,32.84672639402686,-117.23625055035505,13.14406188984301,26,41,12,11
1616972779261,32.846697891994985,-117.23625579107232,13.030633361849954,26,41,12,11
1616972779377,32.8466693899648,-117.23626104201573,12.923106949690334,26,41,11,11
1616972779461,32.84664088568353,-117.23626629832212,12.825178549038613,26,41,10,11
1616972779650,32.846612390632906,-117.23627156674807,12.73075095762042,27,41,10,11
1616972779797,32.84658389590482,-117.23627682843859,12.642399274007397,27,42,10,11
1616972779913,32.84655542071776,-117.23628213448974,12.556512814203003,28,42,9,11
1616972780038,32.84644152599507,-117.23630340227574,12.226319836198192,30,44,10,11
1616972780230,32.84641305443445,-117.23630869052793,12.134974346961588,30,44,10,11
1616972780341,32.84638458917037,-117.23631398711493,12.039666893499927,30,44,10,11
1616972780458,32.84635612536232,-117.23631929388128,11.939487876088624,30,44,10,11
1616972780621,32.846327684968074,-117.2363245874964,11.852211808114793,30,45,12,11
1616972780755,32.84629923954857,-117.23632987448569,11.76992829834132,31,45,12,11
1616972780876,32.846270807492935,-117.23633515419718,11.688669832119494,32,46,12,11
1616972781053,32.846157118455814,-117.23635642503193,11.347096922595313,34,48,12,11
