1613863103449,32.877126994276836,-117.22215162853996,64.50373321961246,37,68,11,11
1613863103596,32.87711885169704,-117.22214828011423,64.49854078998126,37,68,11,11
1613863103772,32.877086030313315,-117.22213536596682,64.49568846411846,38,70,11,11
1613863103921,32.87707777471368,-117.22213212376599,64.490179204991,38,71,11,11
1613863104036,32.87706945915479,-117.22212902037525,64.48431321274043,38,72,11,11
1613863104168,32.87706105033448,-117.22212597254695,64.47619896448786,39,72,11,11
1613863104392,32.877035612060226,-117.22211781918298,64.44497336847057,39,73,11,11
1613863104504,32.87702694749527,-117.2221153124868,64.45239407405364,39,74,10,11
1613863104595,32.877018194982085,-117.22211284903288,64.46705266748695,39,74,10,11
1613863104747,32.87700935570376,-117.22211055728222,64.48325028991971,39,74,10,11
1613863104857,32.87700040994454,-117.22210837349716,64.5015174270047,39,74,10,11
1613863105002,32.87699136269252,-117.2221062958219,64.52083439562502,39,74,10,11
1613863105115,32.87698223076231,-117.2221043714889,64.53623138494483,39,75,10,11
1613863105396,32.876945016774606,-117.2220979278821,64.55665990150791,38,74,11,11
1613863105506,32.87693553865252,-117.22209660300396,64.56592315207587,38,74,11,11
1613863105602,32.87692601150117,-117.22209541019139,64.57701564225032,36,73,11,11
1613863105746,32.876916397048426,-117.22209420432685,64.59160027433825,36,72,11,11
1613863105849,32.87690674132595,-117.22209302175634,64.6071517545323,35,72,11,11
1613863105999,32.87689707616048,-117.22209193531066,64.62197153848919,34,71,11,11
1613863106112,32.876887361531985,-117.22209085094364,64.6372960172949,34,70,11,11
1613863106299,32.87685804993654,-117.22208764947248,64.69875848304278,33,70,13,11
1613863106409,32.87684825100614,-117.22208663398317,64.71996678712362,34,70,13,11
1613863106521,32.87683843826703,-117.22208566109502,64.74318661972256,34,70,13,11
1613863106611,32.876828633924866,-117.22208480914678,64.76342485066237,33,70,13,11
1613863106755,32.87681883091243,-117.22208399110303,64.78487284710867,33,69,13,11
1613863106856,32.87680902694885,-117.22208316923131,64.80674450441127,32,69,13,11
1613863107008,32.87679922167143,-117.22208240684505,64.8293244269618,32,69,13,11
1613863107121,32.87678944664549,-117.22208169940743,64.85430297080512,32,69,13,11
1613863107254,32.87677968041642,-117.22208104751138,64.87616252368709,32,68,13,11
1613863107448,32.87676997188793,-117.2220804547459,64.8987222779977,31,68,13,11
1613863107581,32.87676032932202,-117.22207988371515,64.91886938020842,31,68,13,11
1613863107721,32.876722302222646,-117.22207806328895,65.02523754795777,29,64,12,11
1613863107821,32.87671299648738,-117.22207766671457,65.05501821625128,29,63,12,11
1613863107979,32.87670377296891,-117.22207726866151,65.0816831668911,28,62,12,11
1613863108095,32.8766946555184,-117.22207688141079,65.10667068007848,28,61,12,11
1613863108228,32.87668563699832,-117.2220764490656,65.13424866416585,28,61,12,11
1613863108391,32.87665912176973,-117.2220751342621,65.21575629121321,27,60,11,11
1613863108503,32.87665050307203,-117.22207463854164,65.24067681579547,28,60,11,11
1613863108592,32.8766419617897,-117.22207410000371,65.26274982178336,28,60,11,11
1613863108735,32.87663350307485,-117.22207350356345,65.29262911230697,28,61,11,11
1613863108838,32.8766251586233,-117.2220728339898,65.32276779879362,29,60,10,11
1613863108994,32.87661692843395,-117.22207209323172,65.34995297053308,29,60,10,11
1613863109107,32.87660880909976,-117.2220712587161,65.36876182255266,29,60,10,11
1613863109405,32.87657736803282,-117.22206707363627,65.45674838999048,29,59,10,11
1613863109515,32.876569763661415,-117.22206585472635,65.47725333210784,30,59,10,11
1613863109613,32.87656225640531,-117.2220645877648,65.49900588266753,31,60,9,11
1613863109755,32.8765548612016,-117.22206326511392,65.5192739047896,32,61,9,11
1613863109891,32.87654759462293,-117.22206187783814,65.5381372032449,33,61,9,11
1613863110003,32.87654044690382,-117.22206047820102,65.55951410493316,33,62,9,11
1613863110116,32.87653344214973,-117.22205908072438,65.58041065539147,34,63,9,11
1613863110274,32.876513362777494,-117.22205461914308,65.63912078221563,36,64,9,11
1613863110498,32.87650699454801,-117.2220530869053,65.65482640107126,35,64,9,11
1613863110619,32.8765007910131,-117.22205145847254,65.67706671960204,36,64,9,11
1613863110707,32.87649476551491,-117.2220497747312,65.69914796158882,37,65,9,11
1613863110866,32.87648892372927,-117.22204807424177,65.71851085181497,37,66,10,11
1613863111148,32.87646759560845,-117.22204096907251,65.78675525856417,38,67,10,11
1613863111284,32.876462738208474,-117.22203913214737,65.8036620044232,38,67,10,11
1613863111384,32.876458054156515,-117.22203726196804,65.81968361841112,39,68,10,11
1613863111532,32.876453533718696,-117.22203539875639,65.83347164105355,40,68,10,11
1613863111615,32.87644917962705,-117.22203355336141,65.84345407334342,40,69,10,11
1613863111772,32.87644497605763,-117.22203171776806,65.85360253471718,40,69,10,11
1613863111995,32.87642970742196,-117.22202451542334,65.89107901590333,38,69,10,11
1613863112125,32.87642634208394,-117.2220228315286,65.89774024516781,37,69,9,11
1613863112381,32.87642317805795,-117.22202119950845,65.9044184527915,37,68,9,11
1613863112481,32.876420210964994,-117.2220196525638,65.90869689807957,36,68,9,11
1613863112650,32.87641011944709,-117.22201422324447,65.91618891450707,32,65,9,11
1613863112782,32.876408006872836,-117.22201304666342,65.92122721111194,32,64,9,11
1613863112938,32.876406060957315,-117.2220119340985,65.9257670583438,32,65,9,11
1613863113058,32.87640423766443,-117.22201091485222,65.92388611491535,31,63,9,11
1613863113180,32.87640256766093,-117.22200995001378,65.92466832002692,31,63,9,11
1613863113376,32.876401048797895,-117.22200905996408,65.92553222573736,31,63,9,11
1613863113581,32.87639634571686,-117.22200626174047,65.92892348291566,31,63,9,11
