1616533573072,32.83178547733538,-117.26231867288335,85.25092611734236,66,85,10,11
1616533573210,32.831777391474915,-117.26232332565789,85.17293691641837,67,86,10,11
1616533573333,32.83176925008895,-117.26232781416182,85.09493337149951,68,87,10,11
1616533573445,32.83176106024316,-117.26233213779963,85.00913236587833,69,88,10,11
1616533573532,32.83175282271866,-117.2623363582327,84.92813040381851,70,89,10,11
1616533573751,32.83171930407543,-117.26235126582391,84.57524327509537,64,88,10,11
1616533573881,32.83171097004117,-117.26235463472699,84.48820718420185,63,88,10,11
1616533574062,32.831702637893024,-117.262357784664,84.39994867372661,61,88,10,11
1616533574204,32.831694368706714,-117.26236086250488,84.31864467285929,60,87,10,11
1616533574327,32.83168617714758,-117.26236387861603,84.24497577678423,60,88,10,11
1616533574440,32.831678078633665,-117.26236677163885,84.16170392087989,59,87,10,11
1616533574567,32.831654839431906,-117.26237519592424,83.93653326774607,61,89,9,11
1616533574688,32.83164752635683,-117.26237789995753,83.86501909215603,63,91,9,11
1616533574833,32.831640416836485,-117.26238047001475,83.79260163650544,63,91,12,11
1616533574982,32.83163351243661,-117.26238304056521,83.72795617135124,64,92,11,11
1616533575126,32.83162681434671,-117.2623855927908,83.66354171437638,65,93,11,11
1616533575262,32.83162030438775,-117.26238811215433,83.60234252250548,65,93,11,11
1616533575386,32.8316139532889,-117.26239066374939,83.54432252984346,66,94,11,11
1616533575582,32.83159030024853,-117.26240159027607,83.28518462115989,66,95,11,11
1616533575714,32.83158484916672,-117.26240461111944,83.2198888534679,65,95,11,11
1616533575858,32.831579550152114,-117.26240778577734,83.15921448064674,64,94,11,11
1616533576038,32.83157441125368,-117.26241114438139,83.1001571829884,63,93,13,11
1616533576152,32.83156945392686,-117.26241471018143,83.04059442128275,62,93,13,11
1616533576392,32.83155143825213,-117.26243086983463,82.80304370739523,59,91,13,11
1616533576508,32.83154740596104,-117.26243534670806,82.74377881241445,58,90,13,11
1616533576644,32.831543568439706,-117.26244001565621,82.68779446443467,58,90,13,11
1616533576814,32.8315399068026,-117.26244480178786,82.6333550065744,58,90,13,11
1616533576950,32.83153645734256,-117.26244970418361,82.57595321456212,57,89,13,11
1616533577200,32.8315247878263,-117.26247088199382,82.35288389869001,56,88,14,11
1616533577312,32.83152238779618,-117.26247658494466,82.29983131671084,55,87,14,11
1616533577429,32.83152021381686,-117.26248246657214,82.24573314574165,55,87,14,11
1616533577551,32.83151828653552,-117.26248850121345,82.1892399197167,55,87,14,11
1616533577685,32.83151656040828,-117.26249465259848,82.13459827501826,55,86,14,11
1616533577982,32.83151235666479,-117.26252025930444,81.91832681581731,50,81,14,11
1616533578122,32.83151200014514,-117.2625268519717,81.87629297306691,48,79,14,11
1616533578235,32.83151198200936,-117.2625334984952,81.82329449849883,48,78,14,11
1616533578347,32.83151220675863,-117.26254012034435,81.76490533442148,46,77,14,11
1616533578491,32.83151272772701,-117.26254677875022,81.71618182949335,45,75,14,11
1616533578634,32.83151354219352,-117.26255340875063,81.67073129595354,44,74,14,11
1616533578767,32.83151765962576,-117.26257246185955,81.53514322234555,42,70,14,11
1616533578907,32.83151954284041,-117.2625784443642,81.49062620960002,42,69,14,11
1616533579053,32.83152158561426,-117.26258418002817,81.44339360396808,40,67,14,11
1616533579191,32.83152387773424,-117.26258972553556,81.395913937022,40,67,14,11
1616533579305,32.831526425312596,-117.26259510582041,81.35541469458428,40,66,14,11
1616533579418,32.83152917263637,-117.26260033097103,81.31141663115878,40,66,14,11
1616533579529,32.831532143687056,-117.26260544273556,81.26002995329588,40,66,14,11
1616533579642,32.8315353316937,-117.26261039483315,81.21508643203478,40,65,14,11
1616533579858,32.83155030451314,-117.26262839710891,81.05844587537439,39,63,13,11
1616533579983,32.83155456369102,-117.26263232684977,81.01665390883642,39,63,13,11
1616533580205,32.83155902899983,-117.26263599166916,80.9728719468277,39,62,13,11
1616533580320,32.83156363861678,-117.26263941033106,80.92507113821281,38,62,13,11
1616533580432,32.831568484745226,-117.26264247007516,80.88129426511027,39,62,13,11
1616533580605,32.83157353570628,-117.26264517539188,80.84537992686619,40,62,13,11
1616533580672,32.83158943107321,-117.26265154326961,80.72899422370868,42,64,13,11
1616533580842,32.8315949660395,-117.26265299120617,80.69081092271516,43,64,13,11
1616533580933,32.83160060021581,-117.26265411541817,80.65119321400068,44,65,13,11
1616533581089,32.83160631690915,-117.26265490876747,80.61412530008133,44,66,13,11
1616533581225,32.83161210987426,-117.26265534110597,80.57417144410454,45,66,13,11
1616533581339,32.831617962415756,-117.26265542779537,80.5331113383439,45,66,13,11
1616533581461,32.83162386193055,-117.26265522577465,80.49407135834954,46,67,13,11
1616533581574,32.83162981598817,-117.26265478804572,80.45464888522079,46,68,13,11
1616533581790,32.831653986768025,-117.2626508816721,80.2844095625649,48,69,13,11
1616533581941,32.831660148008055,-117.26264950256352,80.23467165936933,48,69,13,11
1616533582085,32.83166638967242,-117.26264803996003,80.18315916519093,47,69,13,11
1616533582218,32.83167275382814,-117.26264651702652,80.12928131451005,48,70,13,11
1616533582334,32.83167921546071,-117.26264494956952,80.07824289161064,49,71,13,11
1616533582579,32.831706025245296,-117.26263834410717,79.87816683941496,50,72,13,11
1616533582720,32.83171299886029,-117.2626365920314,79.83406862952458,50,73,13,11
1616533582876,32.8317200692102,-117.26263483143386,79.78548738115809,51,74,13,11
1616533583043,32.83172727290417,-117.2626331254,79.74382370882729,51,74,13,11
1616533583140,32.83173457265472,-117.2626314139492,79.69956655162314,52,75,13,11
