1483236609837,32.83797122697785,-117.17207430342624,79.11970259893974,51,85,15,11
1483236609949,32.837996800328206,-117.17208992622541,79.05771235810425,50,84,15,11
1483236610093,32.838022237216606,-117.17210546550842,79.0029329049827,49,83,15,11
1483236610239,32.83809856494999,-117.17215211797514,78.82807243705574,48,81,15,11
1483236610352,32.8381239986255,-117.17216768611489,78.76516203255058,47,80,15,11
1483236610464,32.83814959941205,-117.17218335334216,78.70041566795416,47,79,15,11
1483236610586,32.83817503297137,-117.17219891379614,78.63355435968963,46,78,15,11
1483236610704,32.83820045375887,-117.17221445480972,78.5663164717209,47,78,15,11
1483236610867,32.83822588318176,-117.17223000779241,78.50289964935385,47,78,15,11
1483236611014,32.83825130228419,-117.17224555618445,78.44073342706399,47,78,15,11
1483236611234,32.83835326537655,-117.17230776385507,78.2043573642437,44,74,15,11
1483236611347,32.838378703853465,-117.17232328237002,78.14814392588445,43,73,15,11
1483236611459,32.83840417209104,-117.1723388234655,78.08807743909172,43,73,15,11
1483236611574,32.83842967031826,-117.17235435648941,78.02541336472068,43,72,15,11
1483236611693,32.83845515659491,-117.17236989274345,77.95862793693362,43,72,15,11
1483236611856,32.83848065436729,-117.17238546130756,77.8964323988991,42,71,15,11
1483236612108,32.838582858219795,-117.17244781463043,77.65127244658102,42,70,15,11
1483236612253,32.83860846746827,-117.17246342721306,77.59097607547051,43,71,15,11
1483236612369,32.838634076941815,-117.17247907888829,77.53160706437619,43,71,15,11
1483236612481,32.838659703861595,-117.17249475169011,77.47101832338078,44,72,15,11
1483236612591,32.83868536681556,-117.17251042355645,77.41200484031535,44,72,14,11
1483236612703,32.838711029396656,-117.17252610363393,77.35084374810086,43,71,14,11
1483236612900,32.83873670026184,-117.17254180835359,77.28821940315812,43,71,14,11
1483236613121,32.838839743724876,-117.1726045387506,77.0515654661996,42,70,14,11
1483236613235,32.83886555853593,-117.17262025813264,76.9865194020811,42,70,14,11
1483236613348,32.838891406634765,-117.17263593106344,76.92010182887549,42,70,14,11
1483236613467,32.838917258951604,-117.1726516263314,76.85255611595895,42,70,14,11
1483236613580,32.838943141339904,-117.17266735148063,76.78487834385187,42,70,14,11
1483236613689,32.838969036033944,-117.17268307313964,76.71814575163552,42,70,14,11
1483236613860,32.83899496789879,-117.1726987805328,76.65894728649168,42,70,15,11
1483236614028,32.83907289669359,-117.17274601676405,76.4688717237545,42,70,15,11
1483236614162,32.839098899325805,-117.17276179475732,76.40651994701133,43,71,15,11
1483236614276,32.83912497180327,-117.17277760057168,76.34809524851052,43,71,15,11
1483236614397,32.83915101914538,-117.17279345264905,76.28311621248018,44,72,15,11
1483236614508,32.83917707752558,-117.17280925224283,76.2034308059661,44,72,15,11
1483236614620,32.83920317724811,-117.17282514134918,76.12616124752714,44,72,15,11
1483236614732,32.839229258178115,-117.17284098940048,76.05814432481877,44,73,15,11
1483236615024,32.839333706544195,-117.17290460345134,75.80757099433079,44,73,15,11
1483236615158,32.83935992010356,-117.1729205796471,75.7480843107798,43,72,15,11
1483236615273,32.83938600117077,-117.17293649952906,75.6816876623539,43,72,15,11
1483236615385,32.8394120784208,-117.1729524260056,75.61283514580884,43,72,15,11
1483236615508,32.83943819467508,-117.17296832234669,75.55811055525031,43,72,15,11
1483236615621,32.839464341555484,-117.17298426503453,75.50265786155211,42,71,15,11
1483236615731,32.839490430088894,-117.17300021003855,75.43614501988938,42,71,15,11
1483236615893,32.83951662232748,-117.17301623606757,75.35749278302806,41,70,15,11
1483236616025,32.83959478889342,-117.1730640628334,75.1469968481088,40,69,15,11
1483236616161,32.8396208572352,-117.17307997864499,75.08688649868772,40,69,15,11
1483236616273,32.83964691300877,-117.17309589325743,75.01560277075919,40,69,15,11
1483236616391,32.839673119216116,-117.17311192441491,74.94652529706514,40,69,15,11
1483236616512,32.839699153248496,-117.17312785617867,74.87741679220503,40,69,15,11
1483236616626,32.83972518755247,-117.17314377660423,74.80698856998293,40,69,15,11
1483236616736,32.839751202186314,-117.1731596798534,74.73831163822203,40,69,15,11
1483236617041,32.83985551215659,-117.17322318160831,74.46461836795828,40,68,15,11
1483236617184,32.839881526642415,-117.17323896706851,74.39145235739208,40,68,15,11
1483236617298,32.839907552339525,-117.1732547055724,74.31586440412393,40,68,15,11
1483236617410,32.83993356917245,-117.17327042352771,74.24159856273391,41,68,15,11
1483236617521,32.8399595888902,-117.17328614629542,74.17074711068344,41,68,15,11
1483236617630,32.83998582815934,-117.17330204049469,74.09944575394765,41,68,15,11
1483236617744,32.8400117908013,-117.17331778748101,74.02921003767078,41,68,15,11
1483236618033,32.840115527352644,-117.17338075424938,73.74186567501529,41,68,15,11
1483236618134,32.84014141965587,-117.1733964889791,73.66544550273166,41,69,15,11
1483236618334,32.8401673376452,-117.17341222412911,73.5905938876668,41,69,15,11
1483236618455,32.84019320339712,-117.17342795583849,73.51989711802796,41,68,15,11
1483236618568,32.84021909219828,-117.17344369294395,73.44820495098467,41,68,15,11
1483236618683,32.8402449699813,-117.1734594236311,73.3716620269178,41,68,15,11
1483236618950,32.84034826734753,-117.17352232147792,73.03676899826037,41,68,15,11
1483236619062,32.840374064234105,-117.17353801089295,72.9522525845368,41,68,15,11
1483236619249,32.84039984292792,-117.17355368717553,72.87615389273715,41,68,15,11
1483236619365,32.840425635511394,-117.17356938245067,72.81098740834142,41,69,15,11
1483236619473,32.840451437363974,-117.17358509462271,72.74096405161177,41,69,15,11
1483236619595,32.84047717032475,-117.17360080944147,72.66020968746886,41,69,15,11
1483236619836,32.840580156750704,-117.17366329886646,72.29170576839266,41,68,15,11
1483236619946,32.840605918268395,-117.17367880814628,72.2077015993368,41,68,15,11
