1619907649997,32.87182589630528,-117.23327961877548,45.63493241222625,33,55,11,11
1619907650131,32.8718259839404,-117.23329175214508,45.64362859050638,33,55,10,11
1619907650247,32.87182603455914,-117.23330362478958,45.64119843417173,33,55,10,11
1619907650332,32.871826101948336,-117.23331529884676,45.65166322491208,33,54,9,11
1619907650488,32.8718261629551,-117.23332677863819,45.67812480421731,34,55,11,11
1619907650696,32.87182644819436,-117.23337041896656,45.77229379465808,34,54,9,11
1619907650879,32.87182655012474,-117.23338074722912,45.79027037459942,34,54,9,11
1619907651075,32.87182659481995,-117.23339084759014,45.80717241467828,34,54,9,11
1619907651152,32.87182667106025,-117.23340074857099,45.822819814748485,34,54,9,11
1619907651300,32.87182681873453,-117.23341042001105,45.83834723580258,34,54,9,11
1619907651501,32.871827261111925,-117.23344678357697,45.86712780962136,32,52,10,11
1619907651616,32.87182735859945,-117.23345534040811,45.88089559518879,32,51,10,11
1619907651777,32.87182741354537,-117.2334636959399,45.895406715875026,32,50,10,11
1619907651944,32.87182746535744,-117.23347184889839,45.909419204915785,32,51,10,11
1619907652081,32.871827523831854,-117.23347976095712,45.91797429480434,32,50,10,11
1619907652191,32.87182755569366,-117.23348744422002,45.922817669371405,32,51,10,11
1619907652324,32.87182758677139,-117.2334948917834,45.92404965480766,33,51,10,11
1619907652510,32.87182774567083,-117.23352247485559,45.93886607181565,35,53,11,11
1619907652623,32.871827792865474,-117.23352881123186,45.94740238080268,35,53,11,11
1619907652742,32.871827845055606,-117.23353494955693,45.951537708497845,35,53,11,11
1619907652883,32.87182792906656,-117.23354088401977,45.957259347436256,35,53,11,11
1619907653173,32.87182815956136,-117.23356285492012,45.982050255723344,35,53,11,11
1619907653328,32.87182823092584,-117.23356787187188,45.988640663052415,34,52,11,11
1619907653475,32.871828301182916,-117.23357264243168,45.996962974983866,33,52,11,11
1619907653587,32.87182836779845,-117.23357714364434,46.003781702725895,33,52,11,11
1619907653702,32.871828443418195,-117.23358137949745,46.009771061214146,33,51,12,11
1619907653817,32.87182851142608,-117.23358542615462,46.01576985024601,33,51,12,11
1619907654016,32.87182868320252,-117.233596668986,46.029218725573905,34,52,12,11
1619907654128,32.871828739844844,-117.23360014033464,46.03334157729076,34,52,10,11
1619907654219,32.87182878815044,-117.23360347921009,46.03610494827471,34,52,10,11
1619907654382,32.87182885475075,-117.23360669297371,46.041541226422176,34,52,10,11
1619907654530,32.87182892808338,-117.23360977702369,46.04617638698623,33,51,10,11
1619907654644,32.871828993474345,-117.2336127629932,46.049616599377075,32,51,9,11
1619907654757,32.871829053038994,-117.23361563719895,46.05441010674577,32,50,9,11
1619907654953,32.87182920619179,-117.23362347478881,46.06452097134126,32,50,10,11
1619907655063,32.871829260360265,-117.23362580301566,46.06617605706813,32,50,10,11
1619907655221,32.87182933185871,-117.2336279834625,46.07068526381563,32,50,10,11
1619907655305,32.87182939098004,-117.23363002437497,46.07413094189645,32,50,10,11
1619907655451,32.87182944287754,-117.23363193186893,46.07766496221719,32,50,10,11
1619907655545,32.87182947572519,-117.23363370086565,46.07983138417254,32,50,10,11
1619907655705,32.87182963393239,-117.23363812759037,46.08688802132894,32,50,9,11
1619907655879,32.871829683826476,-117.23363928823107,46.088376126038604,33,50,11,11
1619907656012,32.87182972339313,-117.23364029371827,46.08890142538142,33,51,11,11
1619907656138,32.87182976355441,-117.23364115444011,46.09025566564161,34,51,11,11
1619907656249,32.871829814069244,-117.23364186856456,46.09102639371905,34,51,11,11
1619907656335,32.87182985442933,-117.23364244593505,46.091193440113415,34,52,11,11
1619907656479,32.871829876554045,-117.23364288692991,46.09124379209302,35,52,11,11
1619907656628,32.87182989934462,-117.23364319199663,46.091061408422824,35,53,11,11
1619907656848,32.87182993253744,-117.23364341727118,46.084354282631494,37,54,10,11
1619907657013,32.871829970736435,-117.23364344159106,46.080019970878745,37,55,12,11
1619907657156,32.871829943625315,-117.23364348702711,46.08109398719769,38,56,12,11
1619907657286,32.87182994858737,-117.23364360081554,46.08123070654479,38,56,12,11
1619907657406,32.87182997537737,-117.23364367468886,46.079957309283806,38,56,12,11
1619907657609,32.87183000992549,-117.23364433576619,46.081619146016486,38,58,12,11
1619907657721,32.87183002247078,-117.23364461568212,46.08177224013246,39,59,12,11
1619907657911,32.87183004882513,-117.23364494392187,46.082358190369526,39,59,12,11
1619907658078,32.87183006011504,-117.23364527256872,46.08468427095683,38,59,11,11
1619907658202,32.871830066989475,-117.23364569938819,46.08768578118747,38,59,12,11
1619907658316,32.871830078500025,-117.23364619816994,46.089591533908994,38,59,12,11
1619907658508,32.871830169087495,-117.23364854362273,46.1077548906341,35,58,11,11
1619907658619,32.87183019498259,-117.23364916341002,46.11265730583896,35,57,11,11
1619907658707,32.8718302236143,-117.23364983475086,46.11455895904729,34,57,11,11
1619907658926,32.871830242441156,-117.23365048943126,46.12073930038305,34,57,11,11
1619907659116,32.87183034204198,-117.23365260216718,46.13364026545091,33,56,11,11
1619907659197,32.87183038641165,-117.23365331271512,46.137714039506044,33,57,11,11
1619907659341,32.87183042286065,-117.23365395071596,46.14199469847831,33,57,11,11
1619907659479,32.871830439173074,-117.23365448430195,46.145149737319805,33,57,11,11
1619907659605,32.871830477780435,-117.23365489764551,46.147726587873365,33,56,11,11
1619907659713,32.871830493631045,-117.23365520860939,46.15090165005919,32,55,11,11
1619907659996,32.871830528609266,-117.23365573448456,46.1587843625417,31,54,10,11
1619907660115,32.871830524856975,-117.23365571037509,46.15931246505632,31,54,10,11
1619907660202,32.871830522021455,-117.23365568098527,46.15994268583141,32,55,11,11
