1616974649981,32.83582712952525,-117.1787593075819,79.70034809878406,28,39,13,11
1616974650099,32.835817923060276,-117.17875940933308,79.70281807676614,27,39,13,11
1616974650297,32.835780724485026,-117.17875917155435,79.70475511579195,27,40,13,11
1616974650388,32.8357713510621,-117.17875917264439,79.70340515496537,27,40,13,11
1616974650573,32.835761947744636,-117.17875915098726,79.70373554886385,27,40,13,11
1616974650717,32.8357524361081,-117.17875906379564,79.70343024630618,27,40,13,11
1616974650835,32.83574289416569,-117.17875912951304,79.71137015430757,27,41,13,11
1616974650917,32.83573335886614,-117.17875916465647,79.70921202802276,27,41,13,11
1616974651067,32.83572383684848,-117.17875907937076,79.68605261264027,27,41,13,11
1616974651310,32.835685468401365,-117.1787591124297,79.64111960115763,27,41,13,11
1616974651390,32.835675895509674,-117.17875913572709,79.63649814413945,27,42,13,11
1616974651578,32.83566631177624,-117.1787591785876,79.63410603228888,27,42,13,11
1616974651722,32.83565670082698,-117.17875917934363,79.62537221606375,27,42,13,11
1616974651840,32.83564712484448,-117.17875916730023,79.61821005990457,27,42,13,11
1616974651963,32.83563756453448,-117.17875914335377,79.61221498997429,27,42,13,11
1616974652077,32.83562801587266,-117.17875916589747,79.60156996559276,27,42,13,11
1616974652295,32.83559020390131,-117.17875920538377,79.55559170528092,27,42,13,11
1616974652408,32.835580832941744,-117.17875926971757,79.55290083349482,27,42,13,11
1616974652565,32.83557152968506,-117.17875933389742,79.54119276860357,27,42,13,11
1616974652709,32.83556226836316,-117.17875942376138,79.52667757281198,26,41,13,11
1616974652821,32.83555304251793,-117.17875951280207,79.5086008779979,27,42,13,11
1616974652944,32.835543853790895,-117.17875961173426,79.4942600171156,26,41,13,11
1616974653059,32.83553473426917,-117.17875981204112,79.4773187958528,26,41,13,11
1616974653314,32.83549845399242,-117.17876056258432,79.43194268848559,26,41,12,11
1616974653431,32.8354894356736,-117.17876080355032,79.42475314435637,26,42,12,11
1616974653580,32.835480456304836,-117.17876104172157,79.41384171405751,26,42,12,11
1616974653726,32.835471491885215,-117.17876133106921,79.40026937360967,26,42,12,11
1616974653837,32.835462553965336,-117.17876164371877,79.39074460959326,26,42,12,11
1616974653959,32.835453653700895,-117.17876196217107,79.38048456581126,26,42,12,11
1616974654192,32.83541822562479,-117.17876344531201,79.35272194513769,26,42,12,11
1616974654308,32.835409460022596,-117.17876377843498,79.34306164038112,26,42,12,11
1616974654392,32.83540072313632,-117.1787641424283,79.33790375020415,26,42,12,11
1616974654576,32.83539199644624,-117.17876455056759,79.3345552086743,26,41,12,11
1616974654720,32.83538331473463,-117.1787649787894,79.33662835460306,25,41,12,11
1616974654841,32.83537469121842,-117.17876537639408,79.33457292569301,25,41,13,11
1616974654960,32.835366109721235,-117.17876573857964,79.32546829304124,25,40,13,11
1616974655198,32.83533254923942,-117.17876701398792,79.31543586267064,25,40,13,11
1616974655366,32.83532432624662,-117.17876720444858,79.31488257968263,25,40,13,11
1616974655449,32.83531611563624,-117.17876736129358,79.3196297125303,25,40,13,11
1616974655667,32.835308022121026,-117.17876750226681,79.31661395868933,25,40,13,11
1616974655780,32.83530005242023,-117.17876762357868,79.31276649530636,25,40,13,11
1616974655898,32.835292153148124,-117.17876772574405,79.29985609305233,25,39,13,11
1616974656058,32.83526103924642,-117.17876730537459,79.30103918619851,24,39,13,11
1616974656210,32.8352534873195,-117.17876702574074,79.2858888837757,25,39,13,11
1616974656368,32.8352460195719,-117.17876677666456,79.26889039355596,25,40,13,11
1616974656451,32.83523861294969,-117.17876642764537,79.24752607199086,25,40,13,11
1616974656637,32.83523124755711,-117.17876604144998,79.22956307286397,26,40,13,11
1616974656786,32.835223884561906,-117.1787656268934,79.22326858968853,26,40,13,11
1616974656899,32.83521664482644,-117.17876521132065,79.22137580271468,26,41,13,11
1616974657102,32.83518828402691,-117.17876325031098,79.20243710878987,25,40,13,11
1616974657212,32.83518127701462,-117.17876274240062,79.2015287829165,25,40,13,11
1616974657431,32.83517438666102,-117.17876224894998,79.1998850473757,25,40,13,11
1616974657608,32.835154024902444,-117.17876068233966,79.20323790514495,24,39,13,11
1616974657718,32.83514735755692,-117.178760191383,79.20250986036206,24,39,13,11
1616974657835,32.8351407295058,-117.17875970871366,79.20369564151035,24,38,13,11
1616974657950,32.83513417146802,-117.17875918748472,79.20556158887985,24,38,13,11
1616974658084,32.83512767432198,-117.17875866749287,79.20872329217276,24,38,13,11
1616974658175,32.83512126326788,-117.17875823782872,79.21636454651677,24,38,13,11
1616974658318,32.8351149878952,-117.17875780722555,79.21673681656793,24,38,13,11
1616974658603,32.835090917365164,-117.1787561270179,79.21455732331523,23,37,13,11
1616974658715,32.835085160651225,-117.17875574340796,79.22786008401863,23,37,13,11
1616974658832,32.83507951948232,-117.1787554193919,79.23523882059658,23,37,13,11
1616974658947,32.83507399797096,-117.17875510121839,79.2413021485412,24,37,13,11
1616974659079,32.83506858583517,-117.17875478736265,79.24890906021291,24,38,13,11
1616974659169,32.83506328913908,-117.178754483465,79.25302037825887,25,38,13,11
1616974659346,32.83505808834393,-117.17875419834718,79.25717821172555,25,38,13,11
1616974659537,32.83504320407643,-117.17875344847286,79.26793541533802,26,39,13,11
1616974659653,32.8350384944954,-117.1787532528885,79.2748728354033,27,39,13,11
1616974659766,32.835033912317726,-117.17875307090435,79.28009844588212,27,39,13,11
1616974659878,32.83502945833355,-117.17875290723627,79.28368810157569,27,39,13,11
1616974659997,32.83502511886164,-117.17875276883784,79.28955266662966,26,39,13,11
1616974660133,32.83502090920945,-117.17875262931327,79.29232438817795,27,39,13,11
