1616698944933,32.83479244793891,-117.19488100347054,78.91814224887354,33,68,13,11
1616698945057,32.834792452062835,-117.19488101276471,78.91809252082913,33,68,13,11
1616698945232,32.83479244515622,-117.19488101137418,78.91733608140409,33,68,13,11
1616698945398,32.83479243992251,-117.19488102530524,78.91611115981932,33,68,13,11
1616698945516,32.834792439805405,-117.1948810289964,78.91445092162256,33,68,13,11
1616698945657,32.83479243795232,-117.1948810329465,78.91441725875927,33,68,14,11
1616698945768,32.83479244144027,-117.1948810294687,78.91472370284656,33,68,14,11
1616698945881,32.83479244190217,-117.19488102743414,78.91431342722647,33,68,14,11
1616698945987,32.83479244854379,-117.1948810397316,78.91361013397798,34,69,14,11
1616698946134,32.83479244920906,-117.19488104024096,78.91503548339519,34,69,14,11
1616698946250,32.834792450316826,-117.19488104020583,78.91489542319982,34,69,14,11
1616698946372,32.83479244516472,-117.194881057927,78.91514423548672,35,70,14,11
1616698946594,32.83479244719886,-117.19488105896832,78.91722032547264,35,70,14,11
1616698946699,32.83479243510219,-117.1948810639392,78.91777622775695,36,71,14,11
1616698946936,32.83479245213011,-117.1948810850148,78.91994954639723,37,73,14,11
1616698947059,32.83479246733738,-117.194881075608,78.91808270176789,37,73,14,11
1616698947203,32.8347924552207,-117.19488109885538,78.91598026551951,37,72,14,11
1616698947327,32.83479247483248,-117.19488109127136,78.91471075428474,36,72,14,11
1616698947439,32.83479249011787,-117.19488110315322,78.91290983231801,36,72,14,11
1616698947608,32.8347924984162,-117.19488110536425,78.90966501139624,35,71,14,11
1616698947740,32.83479251398845,-117.19488110625234,78.90860256596773,35,71,14,11
1616698947809,32.83479252554495,-117.1948811079434,78.90624597639999,35,71,14,11
1616698947940,32.834792527768805,-117.1948811059791,78.9041594787817,35,71,14,11
1616698948051,32.83479253984391,-117.19488111733978,78.90275125879441,35,71,14,11
1616698948165,32.83479255126291,-117.19488112035644,78.90270583803833,35,71,14,11
1616698948319,32.834792551600536,-117.19488112160016,78.90042851690384,35,71,14,11
1616698948427,32.83479254839996,-117.19488112495954,78.90037093742774,35,71,14,11
1616698948727,32.834792579709976,-117.19488114212668,78.8999088523707,36,72,14,11
1616698948912,32.8347925755241,-117.19488114451805,78.90023874499862,37,73,14,11
1616698949027,32.83479259493509,-117.19488114796864,78.90113343300315,37,73,14,11
1616698949174,32.834792590689666,-117.19488114798777,78.90037950765071,37,73,14,11
1616698949269,32.834792589325474,-117.19488114538423,78.9000834015507,37,73,14,11
1616698949534,32.83479261946537,-117.1948811787168,78.89868233765364,37,74,14,11
1616698949646,32.83479265010131,-117.19488116724234,78.8996636449,38,75,14,11
1616698949759,32.83479264459031,-117.1948811727033,78.89858908579106,38,75,14,11
1616698949954,32.83479265202071,-117.19488117441828,78.89792034945094,37,75,14,11
1616698950087,32.83479265440409,-117.19488118394179,78.8954243875768,37,74,14,11
1616698950195,32.834792657941094,-117.19488119086346,78.89377089374267,37,74,14,11
1616698950288,32.83479266462046,-117.19488118885904,78.89164339797652,37,74,14,11
1616698950492,32.834792681059604,-117.19488119795815,78.88714026925604,36,73,14,11
1616698950624,32.834792683467505,-117.19488120265822,78.88522402321804,36,73,14,11
1616698950746,32.83479268117128,-117.19488120379935,78.88434956918421,36,73,14,11
1616698950856,32.83479270414625,-117.19488121751223,78.88371877373133,36,73,14,11
1616698951105,32.83479269855919,-117.19488123064444,78.88243271285195,36,74,14,11
1616698951253,32.83479270718912,-117.1948812370639,78.88227363731603,37,75,14,11
1616698951367,32.83479272550856,-117.19488123799015,78.88237655944741,37,75,14,11
1616698951543,32.83479272937696,-117.19488125182767,78.88117048917547,37,75,14,11
1616698951679,32.83479274169259,-117.19488124669331,78.88156251922794,37,75,14,11
1616698951789,32.83479273602422,-117.19488125706293,78.88129683825551,37,76,14,11
1616698951990,32.83479277412219,-117.1948812849919,78.87745058511929,38,76,14,11
1616698952106,32.83479276286659,-117.1948812816886,78.87789947937185,38,76,14,11
1616698952233,32.834792781197784,-117.1948812927082,78.87577987385215,37,76,14,11
1616698952357,32.83479278021071,-117.19488130270304,78.87424060767607,38,76,14,11
1616698952617,32.83479279489457,-117.19488131637046,78.87346426785064,37,76,14,11
1616698952758,32.834792797323395,-117.1948813176995,78.87280960013342,37,76,14,11
1616698952832,32.8347928186914,-117.19488132374599,78.86923977428934,37,75,14,11
1616698952961,32.834792827847956,-117.19488134048731,78.86775558102796,37,75,14,11
1616698953061,32.83479284994859,-117.19488133986432,78.8654066956381,36,74,14,11
1616698953206,32.83479285434694,-117.19488134289193,78.86372848337926,36,74,14,11
1616698953301,32.8347928527505,-117.19488135799337,78.86307593338559,36,74,14,11
1616698953447,32.83479285893143,-117.19488136265768,78.86329278367889,36,74,14,11
1616698953561,32.83479286322061,-117.19488136737307,78.86270863774949,36,74,14,11
1616698953696,32.83479288395439,-117.1948814015178,78.86317701057298,37,75,14,11
1616698953778,32.83479287232488,-117.19488138653327,78.86286712655316,37,75,14,11
1616698953966,32.83479288141733,-117.19488139585563,78.86342439983189,38,76,14,11
1616698954083,32.8347928759597,-117.19488141424648,78.86273709969933,38,76,14,11
1616698954200,32.83479289440744,-117.19488142443787,78.863579498945,38,76,14,11
1616698954313,32.834792896052,-117.19488143299453,78.86343565743564,38,77,14,11
1616698954405,32.83479289742323,-117.19488144454719,78.86305072043001,38,77,14,11
1616698954641,32.83479291375703,-117.19488144551956,78.863292517915,39,77,14,11
1616698954749,32.834792917984544,-117.19488145007057,78.86356072148867,39,78,14,11
1616698954896,32.834792934012434,-117.19488147326697,78.86225907182167,39,78,14,11
1616698955041,32.83479293850116,-117.19488146953233,78.86265162324412,39,78,14,11
