1632056039248,32.85580053962064,-117.23130869147136,45.841798023798376,45,73,13,11
1632056039363,32.855775188583486,-117.23131916274957,45.75705286419339,46,74,13,11
1632056039540,32.85567440819955,-117.231362476084,45.36106974343404,47,74,12,11
1632056039686,32.85564933891014,-117.2313735660722,45.26854919477267,46,73,12,11
1632056039863,32.8556243061063,-117.23138483406044,45.184385588321064,47,74,12,11
1632056039964,32.85559931065118,-117.2313961341086,45.09824886692941,47,74,12,11
1632056040249,32.85549970096926,-117.23144207604102,44.72638063856841,48,75,11,11
1632056040362,32.85547486341425,-117.2314537559804,44.63241281204739,48,75,10,11
1632056040476,32.85545011391909,-117.23146554530624,44.5326729330476,47,74,10,11
1632056040647,32.85542541609678,-117.23147738900369,44.442647102679445,46,73,10,11
1632056040777,32.855400744737615,-117.23148943865479,44.359389132280924,45,72,10,11
1632056040951,32.85537613862693,-117.23150152631918,44.266958685966515,44,71,10,11
1632056041111,32.855278174002976,-117.23155096268788,43.94547742296003,44,71,11,11
1632056041264,32.85525380967925,-117.23156358779363,43.86044357852216,44,71,11,11
1632056041377,32.8552294950948,-117.23157628877358,43.7714807819733,44,71,11,11
1632056041489,32.855205172764926,-117.23158912011867,43.67935983823833,44,70,11,11
1632056041633,32.855180982616986,-117.23160203856892,43.57814214985073,44,71,11,11
1632056041794,32.85515682241901,-117.23161507143509,43.48550442121698,44,71,11,11
1632056041957,32.85508454909475,-117.23165465051272,43.208862952467854,45,72,11,11
1632056042094,32.855060480908726,-117.2316680784774,43.11064256317061,45,72,12,11
1632056042269,32.855036512561675,-117.23168157843162,43.02244525144755,45,72,12,11
1632056042383,32.85501258223031,-117.23169517139141,42.93502154314329,46,73,12,11
1632056042504,32.854988680048784,-117.23170882194033,42.850277518884795,47,73,12,11
1632056042759,32.8548933216954,-117.23176439695575,42.51615115992099,44,71,12,11
1632056042896,32.85486958192242,-117.23177848352677,42.43013434755757,44,71,12,11
1632056043056,32.8548458810595,-117.23179263088991,42.3399794763789,44,71,12,11
1632056043195,32.854822206805444,-117.23180689551329,42.25036404888553,44,71,12,11
1632056043306,32.85479857016626,-117.23182123335278,42.16533943997819,44,71,12,11
1632056043420,32.854774861129734,-117.23183575283909,42.0728467163632,44,71,12,11
1632056043660,32.85468077700193,-117.23189420509873,41.69556771037876,44,72,12,11
1632056043741,32.85465736748481,-117.2319090166412,41.59723245480161,44,71,12,11
1632056043929,32.85463382201375,-117.23192393725995,41.51217851856007,43,71,12,11
1632056044078,32.85461045463557,-117.23193891718563,41.420802046378064,43,70,12,11
1632056044213,32.85458709674295,-117.23195393796104,41.33309280203609,42,70,12,11
1632056044384,32.854563785241766,-117.2319689963411,41.239154057759976,42,70,12,11
1632056044557,32.8544704724164,-117.2320302849559,40.962146043322136,41,68,12,11
1632056044703,32.85444718364635,-117.23204574008595,40.89100253561955,40,68,12,11
1632056044874,32.8544238922479,-117.23206126765234,40.82025321209328,40,67,12,11
1632056044969,32.85440059721204,-117.23207684664277,40.756169792233436,40,67,12,11
1632056045128,32.854377291915156,-117.23209249893576,40.69375939128773,40,68,11,11
1632056045317,32.85428383433982,-117.23215555572826,40.416271316206966,41,67,11,11
1632056045468,32.854260412445804,-117.23217140541968,40.350109838098966,42,68,11,11
1632056045605,32.85423703741348,-117.23218727129222,40.27109484391458,41,68,10,11
1632056045769,32.85421352106148,-117.23220328089508,40.182997572508626,41,67,10,11
1632056045940,32.85419014809781,-117.2322192475537,40.09567087854097,41,67,10,11
1632056046149,32.85409669044721,-117.23228340182683,39.679493141981006,40,65,10,11
1632056046262,32.85407317915289,-117.23229961368936,39.57932053709988,39,65,11,11
1632056046375,32.854049843871486,-117.23231574916876,39.48301512162976,39,64,11,11
1632056046493,32.85402649289506,-117.23233192541902,39.40068349357825,40,65,12,11
1632056046681,32.85400313756005,-117.23234813018888,39.32240506518152,41,66,12,11
1632056046809,32.853979767128806,-117.23236435478609,39.244966123298184,42,67,12,11
1632056046950,32.853909537030304,-117.23241315008364,38.99415121478869,46,69,10,11
1632056047088,32.85388617742381,-117.23242940354119,38.90871381104132,47,70,10,11
1632056047199,32.853862864774335,-117.23244566705546,38.80403487726788,48,71,10,11
1632056047284,32.8538395800316,-117.23246193693248,38.69805981408604,49,72,10,11
1632056047401,32.853816303928674,-117.23247822900822,38.61085485647667,50,72,11,11
1632056047540,32.85379283575592,-117.23249467168645,38.53534436743622,50,72,11,11
1632056047722,32.85376953443709,-117.23251095373905,38.45841148886086,51,73,12,11
1632056047833,32.85369973945484,-117.2325597378321,38.23940965167334,54,76,12,11
1632056047976,32.853676480630114,-117.23257598111188,38.162006096162024,54,76,12,11
1632056048117,32.85365307215902,-117.23259235750491,38.07654205191007,54,76,12,11
1632056048290,32.85362989078342,-117.23260857998828,37.99048060883799,53,75,12,11
1632056048372,32.85360669402073,-117.23262482746878,37.91068622694043,53,75,12,11
1632056048523,32.85358351826015,-117.23264102702817,37.82812288962572,52,75,12,11
1632056048763,32.85349070578455,-117.23270588273063,37.537069425476915,50,74,13,11
1632056048887,32.85346758553723,-117.23272204447615,37.45199630522938,50,74,13,11
1632056049058,32.853444485346046,-117.23273817265863,37.35760350340913,50,73,13,11
1632056049196,32.85342137675929,-117.23275429090756,37.26807632878721,50,74,13,11
1632056049318,32.853398305722024,-117.2327704420319,37.1794538267411,49,73,13,11
1632056049395,32.85337502698743,-117.23278670965634,37.093218552511985,49,73,13,11
