1616366528555,32.849884873737686,-117.2354813643027,13.441418323477139,50,139,11,11
1616366528785,32.8498848707689,-117.23548139274243,13.461596887836329,49,138,11,11
1616366528899,32.84988487445309,-117.23548139640305,13.465910364389265,49,138,11,11
1616366529017,32.84988486942181,-117.23548143062867,13.4697541590729,50,138,11,11
1616366529132,32.84988487641458,-117.23548141206321,13.4752966992797,50,138,11,11
1616366529270,32.84988487629464,-117.23548139890092,13.480662152183834,50,138,11,11
1616366529359,32.84988487459234,-117.23548141503244,13.486499617110086,49,137,11,11
1616366529505,32.8498848690084,-117.23548142703888,13.493070664810222,49,137,11,11
1616366529797,32.849884851984235,-117.23548144142214,13.515362089445027,50,137,11,11
1616366529910,32.84988484460796,-117.2354814410429,13.522450994574013,50,137,11,11
1616366530026,32.84988483161302,-117.2354814637004,13.527270728827352,50,137,11,11
1616366530200,32.84988483346154,-117.23548142821925,13.533102254275255,50,137,11,11
1616366530332,32.849884833693544,-117.23548145502667,13.538564263837408,50,137,11,11
1616366530420,32.849884811696256,-117.23548145156875,13.544474078386408,50,137,11,11
1616366530569,32.84988480016571,-117.23548145017192,13.552638718455196,50,136,11,11
1616366530816,32.849884764415286,-117.23548149027854,13.57764083219682,50,136,11,11
1616366530935,32.8498847591991,-117.2354814687528,13.585930253484378,50,136,11,11
1616366531047,32.84988475772308,-117.23548146831027,13.591224805700266,50,136,11,11
1616366531167,32.849884750407305,-117.23548151552313,13.597283358245784,50,137,11,11
1616366531302,32.84988474005,-117.2354815099142,13.604826283768675,50,137,11,11
1616366531389,32.84988471851764,-117.23548151331973,13.611635267285678,50,137,11,11
1616366531535,32.849884723353334,-117.23548148780633,13.617935110630642,50,137,11,11
1616366531771,32.849884696137934,-117.23548150014831,13.646443008974417,51,138,11,11
1616366531885,32.84988468549449,-117.2354814951939,13.653788314951612,51,138,11,11
1616366532009,32.84988468934897,-117.23548151894333,13.66330417659143,51,138,11,11
1616366532193,32.84988469787346,-117.23548153925427,13.67084366012685,51,138,11,11
1616366532333,32.84988466815046,-117.23548150969127,13.678136721949052,51,138,11,11
1616366532420,32.84988465126479,-117.23548151808822,13.686485032742288,51,138,11,11
1616366532567,32.84988464641887,-117.23548150076641,13.696321183919848,51,138,11,11
1616366532673,32.849884622646485,-117.23548150357051,13.724367690010144,51,138,11,11
1616366532802,32.8498846024551,-117.23548151635964,13.734382828413539,50,137,11,11
1616366532916,32.84988460779556,-117.23548151595136,13.744210295681327,50,137,11,11
1616366533118,32.84988457934684,-117.23548152058551,13.755399354907896,50,136,11,11
1616366533235,32.84988458134502,-117.2354815292527,13.767411014707756,49,135,11,11
1616366533369,32.84988460600319,-117.23548158028518,13.778461026639178,49,134,11,11
1616366533455,32.849884722342104,-117.23548170883524,13.788195895164973,49,134,11,11
1616366533673,32.849886604620224,-117.23548363251086,13.838573204072771,48,131,10,11
1616366533828,32.84988752557638,-117.23548456883586,13.849311614629356,48,131,10,11
1616366533942,32.849888658945865,-117.23548571471684,13.85697643576133,49,132,10,11
1616366534056,32.84989000996055,-117.23548707963002,13.868451346603534,50,132,10,11
1616366534228,32.849891579425396,-117.23548867708857,13.885977852327667,49,131,10,11
1616366534466,32.84989999871389,-117.23549727110905,13.952535099580063,46,123,10,11
1616366534579,32.84990258800424,-117.2354999519056,13.966561391728849,47,122,10,11
1616366534805,32.84990535483992,-117.23550286525175,13.984564784792619,46,121,10,11
1616366534918,32.849908243194704,-117.23550602629227,14.001270204400218,46,120,10,11
1616366535032,32.84991122061437,-117.2355094679005,14.018800753722301,46,118,10,11
1616366535148,32.84991423930172,-117.235513217994,14.03975422681399,44,115,11,11
1616366535262,32.84991727101691,-117.23551721351669,14.058749214100926,44,114,11,11
1616366535424,32.849928431008145,-117.23553601645794,14.10778909264238,44,110,11,11
1616366535595,32.84993078558747,-117.23554144941662,14.121383438688788,45,109,11,11
1616366535756,32.8499328673039,-117.23554715258109,14.133943555085237,46,110,11,11
1616366535900,32.84993467783662,-117.23555311392143,14.145511188949222,46,110,11,11
1616366536021,32.84993616421133,-117.23555932823865,14.152139090426143,46,109,11,11
1616366536242,32.84993853417479,-117.23558607519296,14.174634006960519,44,103,12,11
1616366536388,32.84993812849656,-117.23559300100965,14.177732507023222,44,102,12,11
1616366536500,32.84993727088796,-117.23559994836458,14.18192141058882,44,102,12,11
1616366536656,32.849935939505606,-117.23560687764596,14.185145227308357,45,102,12,11
1616366536802,32.84993413820696,-117.23561375879925,14.186136207096036,45,102,12,11
1616366536952,32.84993192814222,-117.23562057321375,14.191119208474964,46,102,12,11
1616366537066,32.84992930617196,-117.23562723290479,14.195391384950218,46,101,12,11
1616366537179,32.849926240430236,-117.23563369867779,14.193307006774981,46,101,12,11
1616366537367,32.849909687541434,-117.23565728729855,14.180114755251024,47,101,12,11
1616366537482,32.849904571806775,-117.23566251776322,14.180538863316382,47,100,12,11
1616366537594,32.84989910310474,-117.2356674658817,14.176517194696705,47,100,12,11
1616366537782,32.84989329153015,-117.23567211915686,14.16474102417425,47,99,12,11
1616366537991,32.84988715736077,-117.23567652138465,14.156706358405746,48,100,12,11
1616366538154,32.84986037603451,-117.23569180052756,14.13277847812989,53,103,12,11
1616366538283,32.84985208690857,-117.23569567740495,14.124302104077637,52,103,12,11
1616366538429,32.849844203188894,-117.23569907351002,14.118246354008134,52,103,12,11
1616366538542,32.84983603970659,-117.23570241329712,14.11633508095811,52,103,12,11
1616366538661,32.84982758959849,-117.23570569875585,14.116305084030534,52,102,12,11
1616366538849,32.84981884926457,-117.23570893110009,14.116401358361712,51,102,12,11
