1612659102818,32.92869332924832,-117.15256342309016,89.48410150439115,90,204,11,11
1612659102941,32.92870743288553,-117.15254839126986,89.44988409507876,91,204,10,11
1612659103097,32.928721632818934,-117.1525334189584,89.40122246027939,91,204,9,11
1612659103210,32.928735870326705,-117.15251844769716,89.34573798445636,92,204,9,11
1612659103346,32.92875011252613,-117.15250340947976,89.30866813742364,93,205,11,11
1612659103457,32.92876440561497,-117.15248836280315,89.25580544628978,93,205,11,11
1612659103669,32.92882206653712,-117.15242806144455,89.04367233284657,94,205,11,11
1612659103830,32.928836574658334,-117.15241294925939,88.99326723544031,95,205,11,11
1612659103944,32.92885110033478,-117.1523978329015,88.95212298525124,95,205,11,11
1612659104101,32.92886571047964,-117.15238266507815,88.9024505023906,96,205,11,11
1612659104213,32.92888034229489,-117.15236748650699,88.84062261320129,96,205,10,11
1612659104316,32.928894999021715,-117.15235229903189,88.77062198252192,97,204,9,11
1612659104466,32.9289096776927,-117.15233705003506,88.70937430303326,97,205,12,11
1612659104731,32.92896870489277,-117.15227573770994,88.41312537345266,100,205,11,11
1612659104844,32.92898351704907,-117.15226029288692,88.3492640673791,100,205,11,11
1612659104964,32.92899842420484,-117.15224492202208,88.27938710339106,101,205,9,11
1612659105084,32.92901328103667,-117.15222941784248,88.20784935709459,102,205,9,11
1612659105252,32.92902819099641,-117.15221391755777,88.1398499171173,103,205,8,11
1612659105355,32.929043073708144,-117.15219831891135,88.0771688184991,104,205,8,11
1612659105505,32.92905800601058,-117.15218269122198,88.0147207256099,105,205,9,11
1612659105570,32.929102948441624,-117.15213588050668,87.81617657347132,107,204,10,11
1612659105718,32.92911798419188,-117.15212023809045,87.75684253781237,108,204,10,11
1612659105833,32.929132991898456,-117.15210457904335,87.68658982579171,109,204,9,11
1612659105950,32.929148050953586,-117.15208890350172,87.61379276226852,109,204,9,11
1612659106105,32.929163119735854,-117.15207318336134,87.54694218213865,110,203,9,11
1612659106213,32.929178171079094,-117.15205749655279,87.46601059051923,111,203,9,11
1612659106314,32.92919325098406,-117.15204173894895,87.40133736476142,112,203,8,11
1612659106466,32.929208359338915,-117.15202601838733,87.3350167183154,112,202,8,11
1612659106569,32.92925371924437,-117.15197895388029,87.10848972985046,116,203,12,11
1612659106736,32.929268866123294,-117.15196327990114,87.0412997164921,117,203,12,11
1612659106857,32.92928401463202,-117.15194760485474,86.97197064076899,118,204,12,11
1612659106971,32.92929911513118,-117.15193189288485,86.9054933327672,120,204,12,11
1612659107093,32.92931423469835,-117.15191619248054,86.84654372818866,121,205,12,11
1612659107271,32.92932938950416,-117.1519004734279,86.78965264766356,122,205,12,11
1612659107410,32.92934453237628,-117.15188476087395,86.7371010748476,123,205,12,11
1612659107573,32.92940499877537,-117.15182211986189,86.52958468264167,127,207,13,11
1612659107750,32.9294201374771,-117.15180641830949,86.49074981653348,127,207,13,11
1612659107868,32.92943525880335,-117.15179081393256,86.44171721995174,128,207,13,11
1612659107982,32.92945036668902,-117.1517751780378,86.39947207065036,128,207,13,11
1612659108143,32.92946549801929,-117.15175957310642,86.3584456849249,129,207,13,11
1612659108255,32.92948061317239,-117.15174398163349,86.31833681504291,129,208,13,11
1612659108575,32.9295411965539,-117.15168169159514,86.13044355224282,130,208,12,11
1612659108687,32.92955628969404,-117.15166614270842,86.07760403933919,129,208,12,11
1612659108804,32.92957145373781,-117.15165059575594,86.02669703077889,129,208,13,11
1612659108950,32.929586571721416,-117.15163495739618,85.98839360566568,129,208,13,11
1612659109074,32.929601693909134,-117.15161938745031,85.93748294921261,128,207,13,11
1612659109314,32.929662398671134,-117.15155733549803,85.76790928809565,125,206,12,11
1612659109432,32.929677595203955,-117.15154178801224,85.73950904678038,124,206,12,11
1612659109622,32.92969280360178,-117.15152626349635,85.70387958590693,123,206,12,11
1612659109701,32.92970802392913,-117.15151082163057,85.6650628117874,123,206,12,11
1612659109846,32.92972328954245,-117.15149540555906,85.63071972726618,122,205,12,11
1612659109998,32.92973852155102,-117.15147999147865,85.58381664883399,122,205,13,11
1612659110223,32.92979938676654,-117.15141832316364,85.46718288825141,120,204,12,11
1612659110339,32.929814621260405,-117.15140286784275,85.44879207704578,119,204,12,11
1612659110585,32.929829775958424,-117.15138745890853,85.41707878813737,119,204,12,11
1612659110694,32.92984493711301,-117.15137199788508,85.39714890095311,119,204,12,11
1612659110808,32.92986003419479,-117.15135648058865,85.37688690170822,118,203,12,11
1612659111011,32.92992045334949,-117.1512945461329,85.3241762483378,117,203,15,11
1612659111168,32.929935497896714,-117.15127889598628,85.31623311666333,116,203,15,11
1612659111299,32.92995040862849,-117.15126331472794,85.28130347388556,115,202,15,11
1612659111417,32.92996528030242,-117.15124799710347,85.25475751014085,114,202,15,11
1612659111599,32.92998034430437,-117.15123241725296,85.29441596398732,113,202,15,11
1612659111709,32.92999537917329,-117.1512167343909,85.32071016293595,113,202,15,11
1612659111881,32.930055096093135,-117.1511548591512,85.3215719500572,110,201,15,11
1612659112086,32.93006992876016,-117.1511394799119,85.32818390882447,110,202,15,11
1612659112199,32.9300847755193,-117.15112408242274,85.32987707366122,109,202,15,11
1612659112333,32.9300995751701,-117.15110872497792,85.344576663917,109,202,15,11
1612659112445,32.93011449570892,-117.15109327688967,85.35689757554655,109,202,15,11
1612659112713,32.93017364297828,-117.15103165149627,85.40750371196161,107,202,15,11
1612659112825,32.930188433413804,-117.15101628490504,85.41968910572568,106,200,15,11
