1613869177181,32.753465819334885,-117.00883431080095,109.61403293148942,40,70,12,11
1613869177374,32.75346483778395,-117.00880420192793,109.611636471906,39,70,12,11
1613869177506,32.753463705409196,-117.00877415284424,109.61124677071184,39,70,12,11
1613869177596,32.75346241045488,-117.00874414907369,109.62545494649068,39,70,12,11
1613869177822,32.753455774144214,-117.00862511035238,109.66623309694725,39,70,12,11
1613869177934,32.7534537349773,-117.00859567974221,109.66805403396732,39,70,12,11
1613869178109,32.75345154126161,-117.0085664198437,109.66254273712606,40,71,12,11
1613869178292,32.75344917113243,-117.00853733167877,109.6505676221335,40,72,12,11
1613869178405,32.753446619427834,-117.00850840877649,109.64030010731759,41,72,12,11
1613869178632,32.75343462325289,-117.00839424383932,109.62039689721641,44,75,12,11
1613869178757,32.753431163509745,-117.00836597092174,109.60986318195755,44,75,12,11
1613869179130,32.75341538648678,-117.00825317522771,109.58372163054314,44,76,12,11
1613869179243,32.75341099575758,-117.00822495745436,109.57128737341765,44,76,12,11
1613869179380,32.75340642770356,-117.00819678667783,109.53082202557262,44,76,12,11
1613869179492,32.75340166988275,-117.0081686405038,109.4862870588173,44,76,12,11
1613869179605,32.75339667212612,-117.00814049984834,109.45250585836705,43,76,12,11
1613869179719,32.753391408406465,-117.00811234139762,109.43526857961447,43,76,12,11
1613869179825,32.75338590654849,-117.00808418806727,109.40970916421472,43,76,12,11
1613869179997,32.75338024861816,-117.008056090335,109.36482642745236,42,76,12,11
1613869180127,32.75336192438552,-117.00797194515107,109.2772120135639,40,74,12,11
1613869180238,32.75335536985226,-117.00794398011213,109.25587948184798,40,74,12,11
1613869180375,32.75334864580238,-117.00791608393395,109.22293902573459,40,74,12,11
1613869180496,32.75334172837581,-117.00788823556444,109.19109104207273,40,74,12,11
1613869180609,32.753334625455274,-117.00786047439522,109.14780979678707,40,74,12,11
1613869180734,32.753327314275154,-117.00783279391365,109.10265389957333,40,74,12,11
1613869180824,32.753319779785286,-117.00780519219985,109.05905791440537,40,74,12,11
1613869181125,32.75328772698618,-117.00769544215183,108.84627503496704,40,74,12,11
1613869181285,32.753279296493574,-117.00766816002718,108.77732748708242,40,74,12,11
1613869181425,32.753270687149325,-117.00764094204943,108.71213064678014,40,74,12,11
1613869181535,32.75326191269711,-117.00761377603023,108.65698675872568,40,74,12,11
1613869181646,32.75325297003693,-117.00758663233233,108.61748075614429,40,73,12,11
1613869181771,32.75324388536718,-117.0075595386956,108.57525530572292,39,73,12,11
1613869181894,32.75323467518032,-117.00753252790936,108.52410310933936,39,73,12,11
1613869182127,32.75319636938324,-117.00742526413961,108.28890119840672,39,72,12,11
1613869182239,32.753186405074366,-117.0073986773659,108.2231502785954,39,73,12,11
1613869182437,32.75317628720869,-117.00737219832101,108.1519520756955,39,73,12,11
1613869182560,32.75316600819812,-117.00734581788173,108.08055251342178,40,73,12,11
1613869182671,32.75315557380814,-117.00731952177637,108.00937427680114,40,73,12,11
1613869182785,32.7531449852031,-117.00729332331049,107.93434048770823,40,73,12,11
1613869182927,32.75311231369685,-117.00721506480096,107.70878887127769,37,70,12,11
1613869183102,32.75310108705317,-117.00718911974158,107.63558768307676,36,69,12,11
1613869183212,32.75308969085503,-117.00716322996617,107.56600430438333,36,69,12,11
1613869183370,32.753078181973954,-117.00713738177534,107.49373048749145,36,68,12,11
1613869183529,32.75306655319741,-117.0071115564705,107.4271156377585,36,68,12,11
1613869183692,32.75301863400272,-117.0070087676426,107.16781035119689,36,67,12,11
1613869183858,32.75300632632362,-117.00698323532497,107.10892774924608,36,67,12,11
1613869183971,32.752993880714186,-117.00695778715736,107.0484759966862,35,67,12,11
1613869184146,32.752981310729034,-117.00693242745474,106.98494608388305,36,67,12,11
1613869184260,32.75296860527608,-117.00690714963982,106.92088199443589,36,67,12,11
1613869184417,32.75295577354017,-117.00688198978152,106.84884112575624,35,66,12,11
1613869184636,32.75290295184586,-117.00678230825694,106.59862344259297,35,65,12,11
1613869184746,32.752889415046106,-117.00675757040806,106.53745621643978,34,64,12,11
1613869184958,32.75287573268049,-117.00673292295664,106.47302444391158,34,64,12,11
1613869185069,32.75286194504881,-117.00670840002229,106.39482465124374,34,64,12,11
1613869185219,32.75281973111754,-117.0066353012473,106.21890099270777,34,64,11,11
1613869185366,32.75280545347071,-117.00661107845676,106.1617744361317,35,65,11,11
1613869185450,32.75279106180368,-117.00658692000702,106.10639553159417,36,65,9,11
1613869185599,32.7527765024708,-117.00656280612053,106.05959071050155,36,65,8,11
1613869185725,32.75276180234443,-117.00653879469499,105.9993018979872,37,65,8,11
1613869185846,32.752747094473236,-117.00651488816095,105.9205141801633,38,67,6,11
1613869186078,32.75268668435887,-117.00641995593267,105.66961020901701,45,72,0,13
1613869186163,32.75267124729875,-117.00639642781277,105.61243217329232,47,74,0,13
1613869186310,32.7526557013225,-117.0063729765993,105.55545978495296,49,75,0,13
1613869186429,32.75264004895915,-117.00634961730802,105.50057056256769,52,77,0,13
1613869186554,32.75262428130688,-117.0063263384602,105.45704026689636,54,78,0,13
1613869186706,32.75260838181239,-117.00630313752855,105.42579869525892,56,80,0,13
1613869186800,32.752592387536005,-117.00628004060518,105.39295235245949,58,81,0,13
1613869186940,32.75254375139369,-117.00621123239827,105.31544977360883,66,86,0,13
1613869187139,32.75252736615827,-117.00618847026327,105.28503758054413,68,88,0,13
1613869187218,32.75251089855259,-117.00616577368768,105.26180588083527,71,90,0,13
1613869187352,32.75249438115332,-117.0061431477935,105.2397729239177,74,91,0,13
