1631985968172,32.84423084908082,-117.21298684077563,30.63664265557945,25,53,13,11
1631985968355,32.84421732854481,-117.21301773704002,30.620147271712764,26,54,13,11
1631985968467,32.84420382720572,-117.21304867685407,30.60954417099594,26,54,13,11
1631985968591,32.84419032154068,-117.21307961403923,30.59214186159209,26,54,13,11
1631985968702,32.84417680329371,-117.2131105714165,30.57270795608387,26,54,13,11
1631985968911,32.844122649314976,-117.21323450226521,30.494851689498034,26,55,13,11
1631985969031,32.84410909203746,-117.21326550839555,30.481354242011477,26,55,13,11
1631985969228,32.844095509187035,-117.21329653788952,30.469767036157524,26,55,13,11
1631985969393,32.84408189920671,-117.21332756024614,30.457279044695486,25,55,13,11
1631985969508,32.844068259050445,-117.21335859935317,30.438089992710182,25,55,13,11
1631985969621,32.84405464804977,-117.2133896372292,30.415104921760555,26,55,13,11
1631985969805,32.84399999519614,-117.21351392810925,30.355585190335226,25,55,13,11
1631985969977,32.843986325174136,-117.21354501629251,30.331605934363598,25,55,13,11
1631985970091,32.843972666823355,-117.21357614303272,30.3104062243091,25,55,13,11
1631985970288,32.84395900477257,-117.21360727300637,30.28998566736373,25,55,13,11
1631985970510,32.843904320326146,-117.21373177293962,30.207022809157895,25,56,12,11
1631985970622,32.84389066356455,-117.21376286953384,30.17173588019048,25,56,12,11
1631985970740,32.84387704998784,-117.21379395643734,30.140762474017862,26,56,12,11
1631985970885,32.843863372397635,-117.2138250576352,30.129855371711592,26,56,12,11
1631985971002,32.843849678992605,-117.21385613961301,30.11790404062374,25,56,12,11
1631985971115,32.84383602478113,-117.21388719949361,30.103605059325577,25,55,12,11
1631985971302,32.843795089449216,-117.21398042097127,30.070877759134977,24,54,12,11
1631985971412,32.84378144790391,-117.21401147160628,30.05247950650517,24,54,12,11
1631985971531,32.84376781020915,-117.21404253137676,30.03779035186044,24,54,12,11
1631985971613,32.843754180270075,-117.2140736140022,30.019640996325673,24,54,12,11
1631985971778,32.84374055477341,-117.21410467119763,29.99241022922684,25,55,12,11
1631985971912,32.84372693364126,-117.21413571102201,29.96199511711696,25,55,12,11
1631985972026,32.843713284879584,-117.21416674209149,29.939646388183554,25,55,12,11
1631985972225,32.84367229348914,-117.21425976632392,29.86641979284665,26,56,12,11
1631985972337,32.84365859845634,-117.21429074321337,29.853081561468322,26,56,12,11
1631985972470,32.84364488225102,-117.21432168603314,29.839553394758113,26,56,13,11
1631985972584,32.84363112849525,-117.2143526197321,29.83021874182961,26,55,13,11
1631985972704,32.84361734748947,-117.21438351250691,29.8038347624172,25,55,13,11
1631985972836,32.84360353103306,-117.214414347767,29.776183612828714,26,56,13,11
1631985972966,32.84358968014868,-117.21444527976055,29.758870660872024,25,55,13,11
1631985973081,32.84357584772411,-117.21447614365547,29.7450546481176,26,55,13,11
1631985973191,32.843534304615815,-117.21456863358273,29.671760079642368,26,56,12,11
1631985973335,32.84352044175396,-117.21459942592352,29.64141175943279,26,56,12,11
1631985973451,32.84350652826665,-117.214630332708,29.61673795877378,26,56,12,11
1631985973565,32.84349266769657,-117.21466111315324,29.58931437975697,26,56,12,11
1631985973677,32.84347877948083,-117.2146918721193,29.57099758277865,26,56,12,11
1631985973780,32.84346487479892,-117.21472263938551,29.549903089645845,26,56,12,11
1631985974120,32.843408866400935,-117.21484541806741,29.445153916607012,25,55,12,11
1631985974256,32.84339481006476,-117.21487598738267,29.41993719471953,25,55,12,11
1631985974456,32.843380766131226,-117.21490653967585,29.393152446711348,25,54,12,11
1631985974571,32.843366713201966,-117.21493708051246,29.37854134196228,24,54,12,11
1631985974689,32.84335264825834,-117.21496758727933,29.362320951946494,24,53,12,11
1631985974770,32.843338483036824,-117.21499822748508,29.348614580473384,23,52,12,11
1631985974904,32.84332437536782,-117.21502865139266,29.322387149033943,23,51,12,11
1631985975128,32.843268117290215,-117.2151501925309,29.22071007727608,21,49,12,11
1631985975319,32.84325398432921,-117.2151807601949,29.191045165784466,21,48,12,11
1631985975462,32.843239922186534,-117.21521105567615,29.164310480818152,21,48,12,11
1631985975574,32.843225879102725,-117.2152413372388,29.135523419204613,21,48,12,11
1631985975699,32.84321182096753,-117.21527158760391,29.107747183237063,21,48,12,11
1631985975810,32.84319775967308,-117.21530181707972,29.077710415256906,21,48,12,11
1631985975914,32.84315537754232,-117.21539260552248,28.97266841559909,22,49,13,11
1631985976001,32.84314126599134,-117.21542270114458,28.925077863785024,23,49,13,11
1631985976231,32.84312717990701,-117.215452781857,28.88044075062237,23,49,13,11
1631985976364,32.8431130723054,-117.21548287930193,28.84512840327484,24,50,13,11
1631985976508,32.843098986410475,-117.2155129537253,28.804596436983555,24,50,13,11
1631985976620,32.84308471690719,-117.21554326143928,28.761420487043367,24,51,13,11
1631985976808,32.84302797338882,-117.21566314800135,28.589234423619693,25,52,12,11
1631985976919,32.843013783415685,-117.21569315122213,28.556887379205172,25,52,11,11
1631985977043,32.842999577644264,-117.21572313398066,28.52602951572582,25,52,11,11
1631985977229,32.842985346609794,-117.21575311220712,28.49441486215626,25,52,11,11
1631985977409,32.842971114298265,-117.21578306675427,28.455814508225508,25,52,11,11
1631985977524,32.84295688474887,-117.21581302435412,28.417121229405197,25,52,11,11
1631985977642,32.8429426566526,-117.21584300793145,28.38186402654502,25,52,11,11
1631985977804,32.842885798907865,-117.21596303509239,28.214067823828678,24,52,12,11
1631985977974,32.84287159165072,-117.21599301915818,28.167479506144453,24,52,12,11
1631985978104,32.84285738644087,-117.21602302117866,28.12359647392606,24,52,12,11
1631985978404,32.84280067407008,-117.21614294262238,27.931565238388146,24,52,12,11
