1621186879316,32.836786617355486,-117.0256523917217,69.60493247533869,35,54,11,11
1621186879461,32.83678335637008,-117.02562813993238,69.60025035619798,35,55,11,11
1621186879625,32.83678011946066,-117.02560399238004,69.59635869629733,35,55,11,11
1621186879836,32.83676740627107,-117.02550830845044,69.52949548261988,35,54,11,11
1621186879950,32.83676437110262,-117.02548463324017,69.50496096024456,35,55,11,11
1621186880052,32.83676138720953,-117.02546105544135,69.48566963033022,35,55,11,11
1621186880259,32.83675844876034,-117.02543756936402,69.47219627944884,36,55,11,11
1621186880368,32.83675556152249,-117.0254141932571,69.46396344649813,36,55,11,11
1621186880546,32.83674729300745,-117.02534416699383,69.51951361460657,36,56,11,11
1621186880659,32.83674459400883,-117.02532093228604,69.50991751388418,36,56,11,11
1621186880819,32.836741953060084,-117.02529770246683,69.4920185552184,36,56,11,11
1621186880930,32.83673934676839,-117.02527446686145,69.46185654185248,36,56,12,11
1621186881047,32.83673670107875,-117.02525131101899,69.40505157331083,36,56,12,11
1621186881147,32.83673407275289,-117.02522806053385,69.34288029482052,35,55,12,11
1621186881432,32.83672413479314,-117.02513494908028,69.16374815233387,35,55,12,11
1621186881568,32.836721761704354,-117.02511160981119,69.10951139102458,35,54,12,11
1621186881683,32.83671939718969,-117.02508813151702,69.056352919638,34,53,12,11
1621186881807,32.83671708449914,-117.02506470638794,69.00989368355262,34,53,12,11
1621186881960,32.836714857787584,-117.02504122900103,68.96807648481652,33,53,12,11
1621186882072,32.83671271855008,-117.02501771948947,68.92856234363289,34,53,13,11
1621186882338,32.83670468463697,-117.024923336249,68.73696504362428,33,52,12,11
1621186882502,32.83670280139551,-117.02489965906038,68.69372072786534,33,52,12,11
1621186882638,32.83670096445493,-117.02487601404374,68.6409130903626,33,52,12,11
1621186882753,32.83669916119147,-117.02485229794897,68.59482433103967,33,52,12,11
1621186882910,32.836697372608725,-117.0248285791796,68.54635795435544,33,52,12,11
1621186883023,32.83669558784883,-117.02480470313252,68.50184776942575,33,52,13,11
1621186883133,32.83669384217339,-117.0247809215038,68.45394745347694,33,52,13,11
1621186883295,32.83668717015456,-117.02468540874894,68.27722490094841,34,52,12,11
1621186883415,32.83668553718033,-117.02466140534183,68.21158055666245,34,52,12,11
1621186883638,32.83668388955336,-117.02463744555946,68.16400738663626,34,52,12,11
1621186883751,32.83668223109352,-117.02461342979427,68.12351665214501,34,52,12,11
1621186883907,32.836680526670605,-117.02458937555983,68.07177224290908,34,53,12,11
1621186884169,32.836673870803395,-117.02449279166927,67.8320321460904,34,53,12,11
1621186884275,32.83667221853156,-117.02446861431234,67.76381952359189,34,52,12,11
1621186884444,32.83667057119412,-117.02444442402498,67.69567032499535,33,52,12,11
1621186884588,32.8366689048144,-117.02442016229101,67.62819975036895,33,52,12,11
1621186884723,32.8366672886588,-117.02439590078403,67.56311034240805,33,52,12,11
1621186884941,32.83666135510565,-117.02429852304901,67.30473552370316,32,51,12,11
1621186885046,32.83665994809349,-117.02427413428035,67.24967906023464,32,51,12,11
1621186885193,32.83665856488064,-117.02424975360012,67.19010341900693,32,51,12,11
1621186885304,32.836657244352175,-117.02422524780972,67.12010267853853,32,51,13,11
1621186885393,32.836655954565316,-117.02420091386294,67.05279663496408,32,52,13,11
1621186885593,32.83665462077174,-117.02417655876606,67.0007748615893,32,51,13,11
1621186885835,32.83664922690094,-117.02407903043627,66.76957200502655,31,51,13,11
1621186885949,32.83664790744998,-117.02405475432035,66.7149691175826,31,51,13,11
1621186886051,32.83664663836342,-117.02403043337284,66.67489466337261,31,51,13,11
1621186886268,32.83664542133015,-117.02400613379162,66.63201830024121,31,51,13,11
1621186886375,32.83664423632039,-117.02398187543817,66.58659002384496,31,51,13,11
1621186886467,32.836643008127886,-117.02395762328132,66.5365007292319,31,51,13,11
1621186886636,32.83663916136408,-117.02388498224191,66.40132981788923,31,51,13,11
1621186886797,32.83663784469272,-117.02386086436786,66.37010230769228,31,51,13,11
1621186886910,32.83663649379088,-117.02383680776715,66.33681384791416,31,51,13,11
1621186887023,32.836635123106895,-117.0238128121025,66.29876396849166,31,52,13,11
1621186887183,32.836633734939824,-117.02378857902363,66.27679888348327,31,52,13,11
1621186887300,32.83663237069991,-117.02376458565021,66.24652860589187,31,52,13,11
1621186887544,32.8366268138851,-117.02366908342867,66.08494647599686,30,51,13,11
1621186887662,32.836625400881296,-117.02364518974231,66.02159175905271,30,51,13,11
1621186887797,32.83662401381476,-117.02362147416065,65.98491739306,30,50,13,11
1621186887940,32.83662256283268,-117.02359771451754,65.95310738036893,30,51,13,11
1621186888051,32.836621091979346,-117.02357405600449,65.90535344874169,30,51,13,11
1621186888155,32.836619643322855,-117.0235504952924,65.8526534712014,30,51,13,11
1621186888340,32.836615199210996,-117.02347960692687,65.7711608277717,30,51,13,11
1621186888459,32.83661372142748,-117.02345611848075,65.73305159728879,30,51,13,11
1621186888598,32.83661222541866,-117.02343263421683,65.70145497504602,31,52,13,11
1621186888710,32.83661075637776,-117.02340918439113,65.66074229276232,31,52,13,11
1621186888842,32.83660923634574,-117.02338581494983,65.61791951062149,31,52,13,11
1621186888986,32.83660768299277,-117.02336223040801,65.58155537913399,31,52,13,11
1621186889099,32.8366061199414,-117.02333886102912,65.55324564346802,31,52,13,11
1621186889336,32.8365997781773,-117.02324574092736,65.3718126385886,28,49,13,11
1621186889449,32.83659826954231,-117.02322254502661,65.33740927173672,28,49,13,11
