1483234330662,32.773280413576266,-117.15812417242869,-17.66604205383953,78,120,15,11
1483234330741,32.77328041373166,-117.15812416728318,-17.666574364279594,78,120,15,11
1483234330867,32.77328040639621,-117.15812417250056,-17.666916696070512,78,120,15,11
1483234330961,32.77328040810474,-117.15812417551537,-17.666824556944846,78,120,15,11
1483234331066,32.77328040844569,-117.15812416657504,-17.667144650245678,77,120,15,11
1483234331139,32.77328040722082,-117.15812416494117,-17.667477473814042,77,120,15,11
1483234331291,32.77328041057044,-117.15812415725856,-17.667416820477957,77,120,15,11
1483234331371,32.77328040723633,-117.15812415312168,-17.66759725668328,78,120,15,11
1483234331462,32.77328040200312,-117.15812415403752,-17.667946925474432,78,120,15,11
1483234331581,32.773280407978845,-117.15812414708317,-17.668095253627463,78,120,15,11
1483234331791,32.773280409102604,-117.15812412621594,-17.668338113827502,78,120,15,11
1483234331891,32.77328041348922,-117.15812411474136,-17.66782132036267,78,120,15,11
1483234331974,32.77328041418655,-117.15812411214873,-17.668082795275602,78,120,15,11
1483234332079,32.77328041401214,-117.1581240970421,-17.66798803545661,77,120,15,11
1483234332171,32.77328042021168,-117.15812408685322,-17.66746668918809,77,120,15,11
1483234332274,32.7732804246446,-117.15812407403762,-17.66727528656,77,120,15,11
1483234332379,32.77328042336121,-117.158124071346,-17.667516926564012,78,120,15,11
1483234332526,32.773280425646426,-117.1581240566334,-17.667329337531267,78,120,15,11
1483234332607,32.77328042353954,-117.15812404981843,-17.667324582971634,78,120,15,11
1483234332743,32.773280434746326,-117.15812403791357,-17.66693815012804,77,120,15,11
1483234332833,32.77328043484687,-117.15812402994615,-17.666286902522693,77,120,15,11
1483234332938,32.77328043774914,-117.15812402070127,-17.666607261789036,77,120,15,11
1483234333031,32.77328043747195,-117.15812401484304,-17.6660049748274,78,120,15,11
1483234333110,32.77328044507153,-117.15812400136159,-17.665600554617512,78,120,15,11
1483234333206,32.773280441922054,-117.15812399932824,-17.66555313162302,78,120,15,11
1483234333297,32.77328044616768,-117.15812398600386,-17.6650812214178,77,120,15,11
1483234333390,32.77328044336246,-117.15812398341176,-17.66485890507385,77,120,15,11
1483234333539,32.77328044313628,-117.1581239754148,-17.66471139189286,77,120,15,11
1483234333609,32.77328044421249,-117.15812396644647,-17.66452931261271,78,120,15,11
1483234333823,32.773280442629364,-117.15812395689616,-17.664177749545818,78,120,15,11
1483234333958,32.77328044883806,-117.158123947748,-17.66411770050736,78,120,15,11
1483234334061,32.77328044769606,-117.15812393968287,-17.663634680762257,77,120,15,11
1483234334148,32.773280450667514,-117.15812393204808,-17.66348665729773,77,120,15,11
1483234334229,32.773280451957255,-117.1581239240107,-17.663341856663642,77,120,15,11
1483234334310,32.77328045042652,-117.15812391998776,-17.663296710550114,78,120,15,11
1483234334400,32.773280453331665,-117.15812390482522,-17.66294967813991,78,120,15,11
1483234334512,32.77328045458602,-117.15812389933326,-17.66271655549745,78,120,15,11
1483234334598,32.77328045353181,-117.15812389275136,-17.662711188583575,77,120,15,11
1483234334677,32.773280456241324,-117.15812388152638,-17.66257320074014,77,120,15,11
1483234334822,32.77328045803085,-117.1581238711307,-17.662349815475906,77,120,15,11
1483234334907,32.77328045691106,-117.15812386462188,-17.662266546644727,78,120,15,11
1483234335011,32.77328046138808,-117.15812385156812,-17.6616328395066,78,120,15,11
1483234335099,32.77328045840716,-117.15812384418147,-17.661722720953506,78,120,15,11
1483234335178,32.773280463569584,-117.15812383904037,-17.66166597192659,77,120,15,11
1483234335271,32.773280463916564,-117.15812382619431,-17.661334822119215,77,120,15,11
1483234335351,32.77328046352228,-117.15812381803399,-17.66075106129486,78,120,15,11
1483234335465,32.77328046352095,-117.1581238132961,-17.66032900780941,78,120,15,11
1483234335553,32.77328046333624,-117.15812380566015,-17.660075647411343,78,120,15,11
1483234335634,32.77328046376518,-117.15812380366077,-17.65986526088398,78,120,15,11
1483234335762,32.773280460036425,-117.15812379605312,-17.659721333035886,77,120,15,11
1483234335911,32.77328045966174,-117.15812379615856,-17.659644717598347,77,120,15,11
1483234336015,32.773280461426666,-117.15812378820979,-17.659125807878784,78,120,15,11
1483234336108,32.77328045872733,-117.15812378474823,-17.659353709178486,78,120,15,11
1483234336202,32.77328046019604,-117.15812378462167,-17.659255091796346,78,120,15,11
1483234336295,32.77328045254461,-117.15812377929653,-17.6590414097605,78,120,15,11
1483234336378,32.773280454447615,-117.15812378219836,-17.65895626920819,77,120,15,11
1483234336496,32.77328045779072,-117.15812377452885,-17.65857181168965,77,120,15,11
1483234336585,32.773280453666324,-117.15812377565034,-17.658244246418292,78,120,15,11
1483234336664,32.77328045442197,-117.15812376931338,-17.657862443264296,78,120,15,11
1483234336793,32.7732804490856,-117.15812377065137,-17.65754120519657,78,120,15,11
1483234336887,32.77328045553867,-117.1581237651766,-17.65707063267184,78,120,15,11
1483234336994,32.77328045296735,-117.15812376404837,-17.65628831508346,78,120,15,11
1483234337077,32.773280450663876,-117.15812376303583,-17.65630969865043,78,120,15,11
1483234337159,32.77328045146587,-117.15812376521558,-17.655873552970636,78,120,15,11
1483234337240,32.77328045332623,-117.15812376403402,-17.655139847874064,78,120,15,11
1483234337325,32.77328044917573,-117.15812376620353,-17.65489651224353,78,120,15,11
1483234337547,32.773280449685544,-117.15812377017689,-17.654750431475343,78,120,15,11
1483234337630,32.77328045035622,-117.15812377128736,-17.65469149548252,78,120,15,11
1483234337712,32.773280449658294,-117.1581237710203,-17.65410264363448,78,120,15,11
1483234337850,32.77328044683266,-117.15812377486044,-17.654118949456247,78,120,15,11
1483234337993,32.77328044923499,-117.15812377735969,-17.653646544340035,78,120,15,11
1483234338095,32.77328044778896,-117.1581237822708,-17.653325134121612,78,120,15,11
1483234338178,32.773280439398874,-117.1581237856595,-17.653392258827644,78,120,15,11
1483234338267,32.77328044560401,-117.15812379102837,-17.653442774408607,78,120,15,11
1483234338348,32.773280446239646,-117.15812379390576,-17.653486528244315,78,120,15,11
1483234338429,32.77328045290918,-117.15812379671526,-17.653284734129556,78,120,15,11
1483234338552,32.77328044683219,-117.15812380151598,-17.653406520042946,78,120,15,11
1483234338634,32.77328044834231,-117.15812380223419,-17.653251579191018,78,120,15,11
1483234338717,32.77328044654615,-117.1581238029651,-17.653123482348636,78,120,15,11
1483234338851,32.77328044679293,-117.15812381523929,-17.653213686197994,78,120,15,11
1483234338943,32.77328044916242,-117.1581238150491,-17.653054329524984,78,120,15,11
1483234339045,32.77328044589038,-117.15812382725622,-17.653046161856032,78,120,15,11
1483234339129,32.77328044265669,-117.15812382673825,-17.65274404530505,78,120,15,11
1483234339212,32.77328043980605,-117.15812383675811,-17.653040350271226,78,120,15,11
1483234339293,32.77328043871198,-117.15812384385107,-17.653093600120314,78,120,15,11
1483234339387,32.773280437718526,-117.15812385229943,-17.65294008914432,78,120,15,11
1483234339499,32.773280431841314,-117.15812386077339,-17.653109538194677,78,120,15,11
1483234339581,32.773280428220694,-117.15812386945434,-17.652993179326362,78,120,15,11
1483234339662,32.773280426596735,-117.158123876764,-17.652209124481224,78,120,15,11
1483234339788,32.77328042132477,-117.15812388566954,-17.652600932829063,78,120,15,11
1483234339946,32.773280415888614,-117.15812389753025,-17.652314404147404,78,120,15,11
1483234340050,32.77328041338491,-117.15812390311066,-17.652145597236366,78,120,15,11
1483234340121,32.77328040940981,-117.15812391383038,-17.65207371965637,78,120,15,11
1483234340217,32.77328040393736,-117.15812392367873,-17.65228542494049,78,120,15,11
1483234340298,32.773280392585704,-117.15812393988703,-17.65234345996074,78,120,15,11
1483234340390,32.77328039015433,-117.15812394495356,-17.65228328151131,78,120,15,11
1483234340490,32.77328038527956,-117.15812395741591,-17.65228452786223,78,120,15,11
1483234340575,32.773280375336235,-117.15812397129153,-17.65226394852234,78,120,15,11
1483234340670,32.77328036928129,-117.15812398293113,-17.652725519484537,78,120,15,11
1483234340795,32.77328035758365,-117.15812399311191,-17.652470475659772,78,120,15,11
