1483235597308,32.63610910524379,-117.02832576715362,63.08281300574754,51,66,11,11
1483235597432,32.636109420413256,-117.02832860617283,63.069032667679735,51,66,11,11
1483235597598,32.63610972717562,-117.02833136859371,63.05765512362285,51,66,11,11
1483235597711,32.63611002147616,-117.02833404076193,63.04633349652383,51,66,10,11
1483235597828,32.636110319891664,-117.02833662187041,63.033205591246514,51,66,10,11
1483235598125,32.63611134503477,-117.02834597876415,62.97267636100833,47,62,10,11
1483235598238,32.63611158944866,-117.02834808022817,62.95782502661013,46,62,10,11
1483235598318,32.63611180573732,-117.02835004986915,62.948291715031154,47,62,10,11
1483235598490,32.63611201531458,-117.0283519003177,62.94027977089092,47,62,12,11
1483235598626,32.63611221138466,-117.02835362447705,62.93131179251705,47,62,12,11
1483235598738,32.63611237726199,-117.02835522339932,62.91990696653424,46,61,12,11
1483235598895,32.63611253944749,-117.02835670557779,62.91324036416504,46,61,12,11
1483235599119,32.63611300376394,-117.02836130865064,62.876599010107725,44,58,11,11
1483235599230,32.63611309880406,-117.02836213568611,62.870680323908836,44,58,11,11
1483235599312,32.636113181880354,-117.02836282859391,62.86664825020479,44,58,12,11
1483235599462,32.63611324418102,-117.0283633973031,62.862785700514,45,59,12,11
1483235599574,32.63611329981358,-117.02836385230007,62.85919398967227,45,59,12,11
1483235599732,32.636113345407495,-117.02836420075685,62.85641636381047,46,59,12,11
1483235599852,32.63611336583535,-117.028364442651,62.8531384493458,46,59,12,11
1483235600031,32.63611338313534,-117.02836458733066,62.847590547050565,47,60,12,11
1483235600146,32.636113381668544,-117.02836457031573,62.844910599013176,47,60,12,11
1483235600260,32.63611337654058,-117.02836460112137,62.84371946249483,47,60,12,11
1483235600339,32.63611337231323,-117.02836460302262,62.84205990242885,47,60,12,11
1483235600485,32.63611338535505,-117.02836459719643,62.83871771643168,47,60,13,11
1483235600597,32.63611338319567,-117.02836460647495,62.83752009483731,48,61,13,11
1483235600741,32.636113381902355,-117.0283646112179,62.835820506170464,48,61,13,11
1483235601035,32.63611337198146,-117.02836461407516,62.829740753934566,49,62,13,11
1483235601149,32.63611338495627,-117.02836460917008,62.827143670266594,49,62,13,11
1483235601267,32.63611338688534,-117.02836463145645,62.825490078245046,49,63,13,11
1483235601348,32.63611338467182,-117.02836463421713,62.82412426858668,49,63,13,11
1483235601491,32.636113395392755,-117.02836462834625,62.82168147628836,50,63,13,11
1483235601603,32.63611339519565,-117.02836463982143,62.81954056817729,50,63,13,11
1483235601749,32.636113377981964,-117.0283646266663,62.818565551748776,49,63,13,11
1483235601906,32.636113424352864,-117.02836463157449,62.80952958562046,49,63,13,11
1483235602076,32.636113425652916,-117.02836464741442,62.807605891232136,49,63,13,11
1483235602189,32.63611342882899,-117.02836464948817,62.805682312309166,49,63,13,11
1483235602312,32.636113451369965,-117.02836463659412,62.80313564821721,49,63,13,11
1483235602433,32.63611345884191,-117.02836464043145,62.80090948699704,49,64,13,11
1483235602547,32.63611346163372,-117.02836464626672,62.797892721265285,49,64,13,11
1483235602661,32.63611346810655,-117.02836463084016,62.796334310322905,49,63,13,11
1483235602807,32.6361134733123,-117.02836463883888,62.7948895660682,49,64,14,11
1483235602930,32.63611350585938,-117.0283646374875,62.790585858086594,50,65,14,11
1483235603069,32.636113498420364,-117.02836463624926,62.7895191265059,50,65,13,11
1483235603180,32.636113502912686,-117.02836463768186,62.788909982604686,50,65,13,11
1483235603298,32.636113510742916,-117.02836463305327,62.78779430077333,50,65,13,11
1483235603377,32.636113505660205,-117.02836463423226,62.78670892866431,50,65,13,11
1483235603521,32.63611351643598,-117.02836464315607,62.78535099282343,50,65,13,11
1483235603667,32.636113534296804,-117.02836463536737,62.78434280912728,50,66,13,11
1483235603794,32.636113557362506,-117.02836462999915,62.782748978937285,50,66,13,11
1483235603930,32.636113565737276,-117.0283646631485,62.783407670809616,53,68,14,11
1483235604066,32.6361135906817,-117.02836465433118,62.78210687768237,54,69,14,11
1483235604158,32.63611356716233,-117.02836465967097,62.783343222222,54,69,14,11
1483235604330,32.63611357749203,-117.0283646670007,62.783084217821035,54,70,14,11
1483235604430,32.63611358647786,-117.02836465207947,62.78293341701426,54,70,14,11
1483235604573,32.63611357611301,-117.02836465899301,62.782875057370845,54,70,14,11
1483235604832,32.636113555010546,-117.02836465540373,62.78217210396172,55,71,14,11
1483235604943,32.6361135496111,-117.02836465071384,62.78253797425115,55,71,14,11
1483235605078,32.63611352819257,-117.02836464332474,62.78301269838167,55,72,14,11
1483235605258,32.63611352596585,-117.0283646510006,62.78404790725554,55,72,14,11
1483235605378,32.636113524890305,-117.02836463194076,62.78327246907178,55,71,14,11
1483235605458,32.63611351502642,-117.02836463247218,62.78380240953261,54,71,14,11
1483235605604,32.636113508022795,-117.02836461842732,62.783648216706304,54,71,14,11
1483235605902,32.63611344556604,-117.02836459636781,62.786671719366325,52,69,14,11
1483235606012,32.63611344540462,-117.02836457671097,62.78697265379597,51,69,14,11
1483235606154,32.636113455738645,-117.02836456488347,62.7864420992349,51,68,14,11
1483235606323,32.636113455292495,-117.02836455529552,62.78705849217158,50,68,14,11
1483235606435,32.636113422251015,-117.02836456178908,62.78839092068938,50,68,14,11
1483235606594,32.63611340871041,-117.02836451799838,62.79057886599779,49,66,14,11
1483235606753,32.63611339738856,-117.02836451604054,62.79171313413712,48,66,14,11
1483235606906,32.63611338320671,-117.02836450968591,62.7927934486455,47,65,14,11
1483235607014,32.63611337743458,-117.0283644984984,62.79389842729896,47,64,14,11
1483235607210,32.636113359568945,-117.02836449616782,62.79423784249139,46,64,14,11
1483235607321,32.63611337231544,-117.02836448865743,62.7945041108487,46,64,14,11
1483235607439,32.63611337509278,-117.02836447607791,62.79560718585938,46,63,14,11
