1616533713399,32.831796050109325,-117.26881649006977,36.21398531896364,29,46,12,11
1616533713511,32.83179962060905,-117.26883322866122,36.09996309025695,28,46,12,11
1616533713629,32.83180323762862,-117.26884998071763,35.99365474335692,28,45,12,11
1616533713759,32.83180685898798,-117.26886668872365,35.882497285089194,28,45,12,11
1616533713887,32.83181054734012,-117.26888339090027,35.775063744383175,28,45,12,11
1616533714102,32.83181426407872,-117.2689000399032,35.6647370948742,27,45,12,11
1616533714280,32.83182970458662,-117.26896619472377,35.25295528073698,27,44,12,11
1616533714480,32.83183376940599,-117.26898255268956,35.15099678247257,27,44,12,11
1616533714608,32.8318379162741,-117.26899882567959,35.04641644292255,27,44,12,11
1616533714720,32.83184211859603,-117.26901503136992,34.94395349372669,27,44,12,11
1616533714885,32.83185529020141,-117.2690631387318,34.63339809897277,27,44,12,11
1616533715001,32.83185990684152,-117.26907901380659,34.52798114640671,27,44,12,11
1616533715120,32.83186462053414,-117.26909487086711,34.43099066430699,28,44,12,11
1616533715232,32.83186948415574,-117.26911069387816,34.33789908248,28,44,12,11
1616533715356,32.83187446306257,-117.26912645830382,34.23271429114901,28,44,12,11
1616533715463,32.831879603411046,-117.26914215545838,34.12278434696756,28,44,12,11
1616533715613,32.83188486318434,-117.269157811342,34.015085509526216,28,44,12,11
1616533715730,32.83189028201327,-117.2691733849341,33.90393603185543,28,44,12,11
1616533715856,32.83189578760174,-117.2691889782758,33.79407212507893,28,44,12,11
1616533715961,32.83191304242301,-117.26923557468345,33.455207986520016,28,44,12,11
1616533716085,32.83191901118679,-117.26925103836501,33.33697947121834,28,44,12,11
1616533716199,32.83192504314358,-117.26926647750406,33.217269569358315,28,43,12,11
1616533716312,32.83193114100513,-117.26928187308157,33.09922942001366,28,43,12,11
1616533716504,32.8319372865407,-117.2692972604153,32.97540524379611,28,43,12,11
1616533716628,32.83194348868205,-117.26931257101911,32.85478847195646,28,43,12,11
1616533716741,32.831949693683356,-117.26932784023542,32.72937485303565,28,43,12,11
1616533716886,32.831968600558035,-117.26937341390376,32.37922123254681,27,42,13,11
1616533717019,32.8319749519923,-117.26938844304226,32.258003687987404,27,42,13,11
1616533717166,32.83198133574018,-117.269403365101,32.13531245050328,27,42,13,11
1616533717283,32.831987737382995,-117.26941822258503,32.01686703611845,27,42,12,11
1616533717396,32.831994152350845,-117.26943306840246,31.911560486562536,27,42,12,11
1616533717497,32.83200059484501,-117.26944792845062,31.803385102066546,27,42,12,11
1616533717643,32.83200694760848,-117.26946263641865,31.686325986158437,27,42,12,11
1616533717753,32.83201327452331,-117.26947726268148,31.566561700855708,27,42,12,11
1616533717892,32.8320322605163,-117.26952104390854,31.265077784683587,28,43,12,11
1616533718033,32.832038558540646,-117.26953558473785,31.150668944732235,28,43,12,11
1616533718155,32.83204476954802,-117.26955001570627,31.031910474476145,28,44,12,11
1616533718269,32.832050962891955,-117.26956442885763,30.91840205183206,28,44,12,11
1616533718379,32.83205713088381,-117.26957881151354,30.806621430453056,28,44,12,11
1616533718576,32.83206330805462,-117.26959311898412,30.69204264289975,29,44,12,11
1616533718747,32.83208805127171,-117.26964993126465,30.269809454564957,30,46,12,11
1616533718978,32.83209419035196,-117.26966396226376,30.142187890488778,30,46,12,11
1616533719095,32.8321003182339,-117.26967799936556,30.02616387884943,30,46,12,11
1616533719210,32.832106449123884,-117.269691992893,29.915828209191016,30,46,12,11
1616533719321,32.83211262012234,-117.26970610399759,29.81269806819352,30,47,12,11
1616533719432,32.832118709403844,-117.2697200772861,29.714306455994116,30,47,12,11
1616533719542,32.83212479072607,-117.26973400753394,29.615719200973473,30,47,12,11
1616533719788,32.83214912454702,-117.26978966811298,29.203308634152222,30,48,12,11
1616533720017,32.83215518835855,-117.26980345113355,29.09135860162848,31,48,12,11
1616533720133,32.8321612220301,-117.26981722553201,28.981508476532387,31,49,12,11
1616533720248,32.83216721213072,-117.2698309739625,28.873976912956234,31,49,12,11
1616533720488,32.8321909333375,-117.2698857527257,28.45854020028758,30,48,12,11
1616533720598,32.8321968213371,-117.26989936651424,28.355642906700602,29,47,12,11
1616533720757,32.83220268885248,-117.26991292409323,28.249688719555085,29,47,12,11
1616533720887,32.832208543580165,-117.26992640253003,28.138455827292184,30,48,12,11
1616533721077,32.832214381267555,-117.2699398396499,28.02956395753928,30,48,12,11
1616533721201,32.83222021197266,-117.26995325257897,27.927590383910626,30,48,12,11
1616533721397,32.832243367098805,-117.27000651294645,27.538282629988032,30,49,12,11
1616533721508,32.83224910850843,-117.27001971892207,27.43699521027884,30,49,12,11
1616533721620,32.83225482795332,-117.27003288235338,27.33619477320174,30,49,12,11
1616533721778,32.83226050750689,-117.27004599436468,27.23195297184144,30,49,12,11
1616533721870,32.832266167488406,-117.27005905385171,27.127715772836513,31,49,12,11
1616533722089,32.83227181573225,-117.27007208970868,27.026229563242854,31,49,12,11
1616533722244,32.832294314049015,-117.27012404461519,26.62456167479165,31,50,12,11
1616533722472,32.832299877097064,-117.27013702163633,26.525952081106805,32,50,12,11
1616533722580,32.83230545535197,-117.2701499687517,26.43108631270898,31,50,12,11
1616533722693,32.832311052331995,-117.27016290099418,26.339463130826896,31,50,12,11
1616533722818,32.83231663127584,-117.27017586563385,26.256428395440356,31,50,12,11
1616533722977,32.832333394334086,-117.27021455612642,25.977823343585477,31,50,12,11
1616533723093,32.83233902463294,-117.27022742305819,25.885398041852525,30,49,12,11
1616533723215,32.83234465376081,-117.27024028489922,25.79405637571829,30,49,12,11
1616533723328,32.83235031155319,-117.27025317880197,25.704800496386493,30,48,12,11
1616533723431,32.83235599423531,-117.27026603842639,25.6201330765362,29,48,12,11
1616533723590,32.8323617068747,-117.27027887937908,25.528299750974927,29,47,12,11
