1613870684700,32.80253131624745,-117.21260178690288,-20.154936534850883,31,63,11,11
1613870684834,32.80255709884376,-117.21261729227962,-20.115364699756327,31,63,11,11
1613870684946,32.80258289225037,-117.21263281179326,-20.07346369757733,31,63,11,11
1613870685127,32.80266014464376,-117.21267954691832,-19.964045716633805,31,62,11,11
1613870685260,32.80268594855464,-117.212695207204,-19.93043307651851,31,62,11,11
1613870685373,32.80271165125213,-117.21271080628217,-19.875647116128796,31,62,11,11
1613870685493,32.80273735768339,-117.21272641614324,-19.808186950677303,31,61,11,11
1613870685572,32.80276305183364,-117.21274209520666,-19.745524742582056,30,60,11,11
1613870685719,32.80278868671471,-117.2127577680908,-19.69151827808587,29,59,11,11
1613870685865,32.80281431239744,-117.21277348229502,-19.645017654106677,29,59,11,11
1613870685978,32.80284004120029,-117.21278925860645,-19.594989160929305,29,59,11,11
1613870686124,32.80291682816108,-117.21283647935387,-19.449861149768058,29,59,11,11
1613870686260,32.80294238624877,-117.21285227039601,-19.39450814412495,29,59,11,11
1613870686376,32.802967925924285,-117.21286812136925,-19.342407981376045,30,59,11,11
1613870686490,32.80299352196157,-117.21288409251258,-19.295709955378015,30,59,11,11
1613870686603,32.803018972247045,-117.2129000255554,-19.23953617891044,30,59,11,11
1613870686717,32.80304442715335,-117.2129160393617,-19.176975893840172,31,60,11,11
1613870686851,32.80306981337556,-117.21293208037488,-19.12810346939064,31,60,11,11
1613870687149,32.803171194508295,-117.21299676218891,-18.905376939843762,32,61,11,11
1613870687283,32.80319648782152,-117.21301304700958,-18.84153848706238,32,61,11,11
1613870687407,32.80322173728716,-117.21302935949316,-18.788881543413268,32,62,11,11
1613870687520,32.803246954411996,-117.21304571707797,-18.739841598854667,33,62,11,11
1613870687602,32.80327218747277,-117.21306211767832,-18.6860712802582,33,63,11,11
1613870687758,32.803297537906396,-117.21307862805736,-18.627245089660118,34,63,11,11
1613870687892,32.80332272308568,-117.21309511030775,-18.5644985198881,34,64,11,11
1613870688163,32.803423413273926,-117.21316149629934,-18.328780423966045,34,64,11,11
1613870688297,32.80344868952489,-117.2131782992005,-18.26950895664839,34,64,11,11
1613870688426,32.803473840881644,-117.21319503781662,-18.20897973940007,34,65,11,11
1613870688538,32.80349898162994,-117.21321182399903,-18.154562779708503,35,65,11,11
1613870688675,32.80352410969313,-117.21322861198072,-18.103901758712038,35,66,11,11
1613870688789,32.80354923453275,-117.21324542373468,-18.047435067597217,35,66,11,11
1613870689081,32.80364993285281,-117.21331290457144,-17.78923991799723,34,65,11,11
1613870689196,32.80367509729065,-117.21332975732548,-17.729899713791987,34,65,11,11
1613870689369,32.803700248257186,-117.21334667832869,-17.66889006717218,33,65,11,11
1613870689482,32.80372538674632,-117.21336361378286,-17.609063804227667,33,65,11,11
1613870689600,32.803750657767516,-117.2133806660755,-17.542496905960043,33,64,11,11
1613870689681,32.8037757961748,-117.21339769017519,-17.474506921425334,33,64,11,11
1613870689828,32.80380092778272,-117.21341474116626,-17.41077072871358,33,64,11,11
1613870690046,32.80390151186058,-117.21348333349415,-17.204534588796857,32,63,11,11
1613870690191,32.80392662621449,-117.21350052112743,-17.141294873916852,32,63,11,11
1613870690299,32.80395172196555,-117.21351777640568,-17.0867914164739,32,63,11,11
1613870690496,32.803976801847064,-117.21353504263227,-17.038183689294048,32,63,11,11
1613870690614,32.804001876899925,-117.21355232017451,-16.989094655471096,32,63,11,11
1613870690693,32.80402697869361,-117.21356962023552,-16.94046276473751,32,64,11,11
1613870690918,32.80412749328526,-117.21363916363083,-16.719096191246653,32,64,11,11
1613870691124,32.80415253334022,-117.2136566144201,-16.680063842957566,32,63,11,11
1613870691274,32.80417752017475,-117.21367407451005,-16.643725638655777,32,62,11,11
1613870691451,32.80420272240911,-117.21369167482645,-16.579128331236628,31,62,11,11
1613870691630,32.804302809331105,-117.21376219575093,-16.37438918850912,31,62,11,11
1613870691769,32.80432779101645,-117.21377991147718,-16.321601588251184,31,61,11,11
1613870691882,32.804352939938546,-117.2137977645405,-16.261272738351217,31,61,11,11
1613870691994,32.80437792923192,-117.21381554356546,-16.201996981121056,31,61,11,11
1613870692138,32.80440290498709,-117.21383333408266,-16.144662165838636,30,60,11,11
1613870692423,32.804502843866544,-117.21390511539774,-15.9517876790435,30,60,11,11
1613870692502,32.80452777323536,-117.2139231103287,-15.899932133804578,30,59,11,11
1613870692650,32.80455270228893,-117.2139411101245,-15.848231031088378,30,59,11,11
1613870692784,32.804577626469445,-117.21395917059792,-15.79104205707604,30,59,11,11
1613870692896,32.80460254859777,-117.21397727554381,-15.733349687043907,30,59,11,11
1613870693007,32.804627472055195,-117.2139954134487,-15.675806035005186,30,59,11,11
1613870693221,32.80470237248684,-117.21405005880074,-15.50300809487046,31,60,11,11
1613870693337,32.80472729000287,-117.21406830969549,-15.43891692958727,31,60,11,11
1613870693450,32.80475221226052,-117.2140865571394,-15.38103287753745,30,59,11,11
1613870693530,32.80477712944167,-117.21410482369149,-15.330075170942228,30,59,11,11
1613870693675,32.80480219831738,-117.2141232445494,-15.284264717973238,30,59,11,11
1613870693809,32.804827073009214,-117.21414157929998,-15.2318420833348,30,59,11,11
1613870693922,32.804851952067004,-117.2141600083526,-15.173547331746054,31,59,11,11
1613870694038,32.804876843957494,-117.21417844414738,-15.110131166385056,31,59,11,11
1613870694214,32.804951481263146,-117.21423418230096,-14.936131610228847,31,60,11,11
1613870694335,32.80497631515862,-117.21425282490192,-14.856389671618626,31,60,11,11
1613870694454,32.80500114894072,-117.2142714778899,-14.794250415581432,31,60,11,11
1613870694541,32.80502590112543,-117.21429016881102,-14.743706546356524,31,60,11,11
1613870694686,32.80505062732625,-117.21430892791079,-14.678229456999249,30,59,11,11
1613870694818,32.80507536930398,-117.2143277459663,-14.61504157364592,30,59,11,11
