1616972329843,32.88009963952298,-117.23541620769743,77.30777861824686,31,51,13,11
1616972329966,32.880099642901456,-117.23541621376106,77.30763133840419,31,50,13,11
1616972330079,32.88009964326488,-117.23541621185197,77.30766719611978,31,50,13,11
1616972330193,32.88009963842653,-117.23541622068134,77.30652778442955,31,50,13,11
1616972330376,32.88009964638766,-117.23541622569925,77.30693359645926,31,51,13,11
1616972330592,32.88009965520586,-117.23541623712002,77.30540309458472,31,50,13,11
1616972330726,32.88009964741333,-117.23541623825378,77.30518287752037,31,50,13,11
1616972330838,32.8800996619944,-117.2354162413072,77.30522943415157,31,50,13,11
1616972330936,32.880099656263745,-117.2354162432044,77.30458876425337,31,50,13,11
1616972331144,32.880099658346815,-117.23541624427314,77.30476888115629,30,49,13,11
1616972331229,32.88009966456354,-117.23541625237439,77.3036552474413,30,49,13,11
1616972331389,32.88009966045879,-117.23541625703676,77.30323953888131,31,50,13,11
1616972331515,32.88009965943573,-117.23541626697947,77.30338455050293,31,50,13,11
1616972331678,32.88009965895266,-117.23541626870181,77.3023012006509,31,50,13,11
1616972331779,32.88009964605963,-117.23541627486463,77.3020461545786,31,50,13,11
1616972331925,32.880099656926404,-117.23541628476873,77.30127526941985,31,50,13,11
1616972332018,32.8800996604444,-117.23541628391843,77.3007441220046,31,50,13,11
1616972332295,32.88009966541163,-117.23541630501481,77.29891984576074,31,51,13,11
1616972332405,32.880099673164914,-117.23541629852247,77.29889124652334,31,50,13,11
1616972332545,32.88009967287948,-117.23541631001274,77.29754705875466,31,50,13,11
1616972332691,32.880099686194875,-117.23541632196107,77.29720228725223,31,50,13,11
1616972332825,32.88009967372784,-117.23541632583694,77.2968889538682,31,50,13,11
1616972332937,32.88009967834252,-117.23541632342807,77.29572276637562,31,50,13,11
1616972333028,32.880099679551286,-117.2354163227846,77.29524468322205,31,50,13,11
1616972333215,32.88009968859956,-117.23541631610202,77.29339713780259,31,50,13,11
1616972333328,32.88009969476518,-117.23541633261728,77.29326093709494,31,50,13,11
1616972333457,32.880099697390975,-117.2354163195105,77.29288616222935,31,50,13,11
1616972333617,32.880099695101116,-117.23541633231183,77.2914301432667,31,50,13,11
1616972333730,32.88009969872368,-117.23541634010658,77.29127824122507,31,50,13,11
1616972333995,32.880099715373206,-117.23541635622526,77.28925633243797,31,50,13,11
1616972334106,32.88009972039632,-117.23541634762509,77.28938350190192,31,50,13,11
1616972334209,32.88009972139143,-117.23541634517163,77.2887056914018,31,50,13,11
1616972334402,32.880099722771675,-117.235416348721,77.28823541473201,31,50,13,11
1616972334523,32.88009972612848,-117.23541634935685,77.28774192229825,31,50,13,11
1616972334695,32.880099729055736,-117.23541635914182,77.28606400342962,31,50,13,11
1616972334861,32.88009974396549,-117.23541635738987,77.28453670369308,32,50,13,11
1616972335065,32.880099731625926,-117.2354163534268,77.28282136937165,32,50,13,11
1616972335183,32.88009974119172,-117.23541634972122,77.2827001639922,32,50,13,11
1616972335283,32.88009974344085,-117.23541635513611,77.28168470036385,32,51,13,11
1616972335483,32.88009974047791,-117.23541634102055,77.28076163565491,32,51,13,11
1616972335676,32.88009975660258,-117.23541633437137,77.27759825741099,32,51,13,11
1616972335825,32.8800997650989,-117.23541632805261,77.2767437689875,32,51,13,11
1616972335913,32.88009977026716,-117.23541632244263,77.27549070575556,32,51,13,11
1616972336057,32.88009977282033,-117.23541631113741,77.27531140744493,32,51,13,11
1616972336171,32.88009978031224,-117.23541630196151,77.27439767463305,32,51,13,11
1616972336272,32.88009978359049,-117.23541629505924,77.27212493715517,32,50,13,11
1616972336472,32.88009978915425,-117.2354162970322,77.27165117270972,32,50,13,11
1616972336714,32.88009980539249,-117.2354162592139,77.26958400128471,31,50,13,11
1616972336833,32.88009979993104,-117.23541625020118,77.26855662085286,31,50,13,11
1616972336926,32.88009980221866,-117.23541623958904,77.26727900772356,31,50,13,11
1616972337127,32.88009980908251,-117.23541623736787,77.26663335342725,31,50,13,11
1616972337241,32.88009981601642,-117.23541623425989,77.26631106753716,31,50,13,11
1616972337429,32.88009981908971,-117.23541622191583,77.26638706519914,31,50,13,11
1616972337493,32.88009981168208,-117.23541620659252,77.26419002668287,31,50,13,11
1616972337612,32.88009981274373,-117.2354161905485,77.26351541800356,32,51,13,11
1616972337719,32.8800998153871,-117.23541619501621,77.26277702461216,32,51,13,11
1616972337862,32.88009981109958,-117.23541619008796,77.26192091356197,32,51,13,11
1616972337956,32.880099818151436,-117.23541619236852,77.26119610478547,32,51,13,11
1616972338101,32.88009982403268,-117.23541617602268,77.26066806744784,32,51,13,11
1616972338218,32.880099820876225,-117.23541615771752,77.25994105720214,32,51,13,11
1616972338413,32.88009981355995,-117.23541614974879,77.25961681186074,32,51,13,11
1616972338597,32.88009982966553,-117.23541614980532,77.25867667111996,33,52,13,11
1616972338699,32.88009982795582,-117.23541614689313,77.25802938249662,33,53,13,11
1616972338845,32.8800998186551,-117.23541615518504,77.25775369042536,34,53,13,11
1616972338932,32.880099813521554,-117.23541613864741,77.25795648765326,34,53,13,11
1616972339139,32.88009982086885,-117.23541613830263,77.25741163583885,34,54,13,11
1616972339225,32.88009982213878,-117.23541614178498,77.25688779143867,34,54,13,11
1616972339405,32.880099820015936,-117.23541612732885,77.25732606462896,34,54,13,11
1616972339595,32.880099817371686,-117.2354161278136,77.25451936736198,35,55,13,11
1616972339706,32.880099807670206,-117.23541612063164,77.25413413452438,35,55,13,11
1616972339910,32.88009981267191,-117.23541613435452,77.2523521614576,35,55,13,11
