1613864256281,32.76183096675227,-117.12751626074757,75.20524377907488,83,161,11,11
1613864256432,32.76181851911414,-117.12751440008063,75.31264794383318,82,161,11,11
1613864256578,32.76180613865871,-117.12751265601378,75.42043197232745,82,160,11,11
1613864256708,32.761793812765994,-117.12751104545295,75.52688212302105,82,160,11,11
1613864256843,32.76178153373309,-117.12750956364049,75.63409508818903,80,158,11,11
1613864256956,32.76176931662534,-117.12750824933504,75.74077184698972,80,157,11,11
1613864257210,32.76172107012387,-117.12750425287399,76.14490933487778,73,147,11,11
1613864257330,32.76170921481267,-117.12750361863144,76.23496269832596,72,146,11,11
1613864257446,32.76169742295565,-117.12750323817112,76.34085196006902,72,146,11,11
1613864257538,32.761685691947115,-117.1275030759206,76.46240680256791,74,146,11,11
1613864257698,32.761674057637435,-117.12750304095401,76.5796781501613,74,146,11,11
1613864257834,32.76166251466692,-117.12750315986892,76.69299159726573,73,144,10,11
1613864257947,32.7616510555724,-117.12750348572222,76.80621057182024,71,142,9,11
1613864258057,32.76163968583878,-117.12750396265581,76.92397195219017,68,137,9,11
1613864258207,32.76160611754914,-117.12750664983041,77.27811495001411,62,128,9,11
1613864258327,32.76159507742236,-117.12750801148361,77.39524803626725,61,126,9,11
1613864258501,32.76158410243702,-117.12750956958993,77.51773857917007,62,126,9,11
1613864258590,32.761573188004874,-117.12751135420865,77.64225292325673,63,127,10,11
1613864258738,32.76156234598132,-117.12751337662728,77.76434350338056,65,127,11,11
1613864258874,32.76155157799439,-117.12751561249623,77.88559177966269,66,128,11,11
1613864259004,32.76154088388639,-117.12751807941873,78.00702545156729,68,129,11,11
1613864259100,32.76150927733652,-117.1275269445493,78.38013250925596,72,131,11,11
1613864259266,32.7614989075174,-117.12753035955102,78.50567571152514,73,131,10,11
1613864259379,32.7614886151752,-117.1275340459491,78.63564058362685,73,131,10,11
1613864259492,32.76147840078752,-117.12753795088759,78.76353216093786,74,131,10,11
1613864259584,32.76146826578023,-117.12754213715569,78.8863842760399,75,132,10,11
1613864259757,32.76145820510972,-117.12754657742582,79.00968570089076,76,132,10,11
1613864259892,32.761448213461655,-117.12755127547015,79.13826942532562,77,132,10,11
1613864259972,32.761438316426435,-117.1275562312334,79.26887314664452,77,132,9,11
1613864260221,32.761399549298886,-117.12757869716852,79.79084675299355,82,135,9,11
1613864260395,32.761390099682345,-117.12758494452196,79.92035420506627,83,135,9,11
1613864260507,32.761380765974245,-117.12759144358233,80.05454775086788,84,136,9,11
1613864260599,32.76137156613692,-117.1275981761703,80.19115520685595,85,136,9,11
1613864260742,32.76136250234758,-117.12760513297307,80.32093435692293,85,137,9,11
1613864260897,32.761353573162765,-117.12761232116205,80.45072671872241,86,137,9,11
1613864261011,32.7613447763152,-117.12761975836862,80.58462282248556,86,137,10,11
1613864261064,32.76131919730899,-117.12764345019492,80.99495292018565,87,138,10,11
1613864261251,32.76131097990072,-117.12765173380441,81.11343054843698,86,138,10,11
1613864261367,32.76130295742778,-117.1276602872351,81.24137994052091,85,137,10,11
1613864261482,32.761295086235535,-117.12766903104423,81.37703296045022,83,136,10,11
1613864261594,32.76128738164598,-117.12767800017193,81.51324402107043,81,135,10,11
1613864261691,32.761279839005674,-117.1276871528432,81.64682784098112,81,135,10,11
1613864261858,32.76127244868121,-117.12769648270023,81.77937175990054,80,134,10,11
1613864261988,32.76126523285465,-117.12770602960207,81.91978766674295,80,134,9,11
1613864262210,32.761237978159826,-117.12774589423262,82.48290507073449,76,132,10,11
1613864262323,32.761231599815886,-117.1277562645739,82.62389447186827,74,131,10,11
1613864262511,32.76122541983813,-117.12776680092175,82.75968346297549,73,130,10,11
1613864262623,32.76121947596863,-117.1277775669533,82.9073390604229,73,130,10,11
1613864262746,32.76121370605108,-117.12778848748214,83.06653672185892,74,130,10,11
1613864262893,32.76120810656171,-117.12779955865444,83.2237980201524,75,131,10,11
1613864263007,32.76120272982715,-117.12781080555472,83.37350115265345,76,131,10,11
1613864263258,32.76118329026224,-117.12785720693945,83.93656944511781,77,132,11,11
1613864263371,32.76117902687328,-117.12786919567303,84.07435638038405,76,132,11,11
1613864263484,32.761174926286145,-117.12788127353723,84.19970706892366,76,131,11,11
1613864263597,32.761171002528975,-117.1278934471859,84.32022774154983,74,130,11,11
1613864263705,32.76116724134264,-117.12790567700976,84.4472843380227,73,129,11,11
1613864263872,32.76116366657652,-117.12791797854966,84.57269639600383,72,129,11,11
1613864263994,32.761160286910815,-117.12793035667288,84.69509395709744,71,128,11,11
1613864264175,32.761148672162456,-117.1279805406392,85.13268878939327,64,121,11,11
1613864264375,32.761146192035625,-117.12799321834787,85.24959730371818,63,120,11,11
1613864264551,32.76114385821618,-117.12800591986394,85.36383515768891,63,119,11,11
1613864264663,32.76114166120352,-117.12801862987268,85.4675173313467,62,119,11,11
1613864264778,32.76113962170589,-117.12803139804143,85.56816909043303,62,118,11,11
1613864264983,32.761132413298306,-117.12808274194495,85.96433374382396,59,114,11,11
1613864265144,32.7611307126562,-117.12809559748105,86.05765270123419,59,113,11,11
1613864265287,32.76112903748314,-117.12810848080409,86.156705890733,59,113,11,11
1613864265448,32.76112739667589,-117.12812138551999,86.25136617808415,59,113,11,11
1613864265562,32.761125781809305,-117.12813425695362,86.34029234159658,59,113,11,11
1613864265675,32.76112423586209,-117.12814710819684,86.42018765891982,59,113,11,11
1613864265890,32.76111866560408,-117.12819766333182,86.71992606392979,59,112,11,11
1613864266000,32.76111742620804,-117.12820997491025,86.79351123606217,59,112,11,11
1613864266165,32.76111623778586,-117.12822210135408,86.86027767398566,59,112,11,11
1613864266267,32.761115090781495,-117.12823406715454,86.9238065669823,59,111,11,11
1613864266462,32.76111399227778,-117.1282458710758,86.98684895242313,59,111,11,11
