4925062829409,32.87668079755203,-117.23344226292717,70.5289860885346,134,149,15,11
4925062829508,32.87667160128419,-117.23344188769872,70.57273145275241,139,151,15,11
4925062829610,32.876662216806174,-117.23344147003121,70.61687049243459,143,153,15,11
4925062829690,32.87665360118349,-117.23344108447986,70.65820015836653,147,155,14,11
4925062829830,32.876643831024055,-117.23344063884291,70.70893890146081,152,157,14,11
4925062829915,32.87663386996434,-117.23344019040225,70.76392627707061,157,159,14,11
4925062830022,32.87662372894659,-117.23343972429272,70.81601881519629,162,161,14,11
4925062830146,32.876613390781756,-117.2334392294099,70.8677777043995,167,163,14,11
4925062830216,32.876602838826344,-117.23343867648758,70.92737277257397,172,166,13,11
4925062830367,32.87659318674442,-117.23343817699099,70.98059889344599,176,168,14,11
4925062830452,32.876582303655425,-117.23343757629743,71.03055098412122,182,170,13,11
4925062830589,32.87657121284244,-117.233436914548,71.08074196167917,187,172,13,11
4925062830679,32.876559937894086,-117.2334362879669,71.14011221469866,192,175,13,11
4925062830763,32.876548522369724,-117.23343568230882,71.19282089120307,198,177,13,11
4925062830842,32.876536958256274,-117.23343503724409,71.24512285574735,204,179,13,11
4925062830924,32.87652644030238,-117.23343449026899,71.29408272628667,209,181,13,11
4925062831032,32.876514656914246,-117.23343389573847,71.3460016354635,215,184,13,11
4925062831145,32.87650276874402,-117.23343322155135,71.39476005221731,220,186,13,11
4925062831226,32.87649077925838,-117.2334325486369,71.44430735774897,226,189,13,11
4925062831409,32.876478696855365,-117.23343187564413,71.49354300771142,233,191,13,11
4925062831491,32.876466519068074,-117.23343120817208,71.54467198142054,239,194,13,11
4925062831615,32.87645548420405,-117.2334306212818,71.59272860396867,244,196,13,11
4925062831704,32.876443170336415,-117.23342994966941,71.64453629339191,251,198,14,11
4925062831785,32.8764307749732,-117.23342922942639,71.70226890465322,257,201,14,11
4925062831933,32.87641831237686,-117.2334284900087,71.77080958459528,263,204,14,11
4925062832015,32.876405823376736,-117.2334276317874,71.83022208839053,270,206,14,11
4925062832120,32.87639330283726,-117.23342666876849,71.88228278311051,276,209,14,11
4925062832239,32.876382031219926,-117.23342571850642,71.92069246317693,282,211,14,11
4925062832384,32.87636951842678,-117.23342458463044,71.9527159464588,289,214,14,11
4925062832471,32.87635699266293,-117.23342340800966,71.98883657692798,296,216,14,11
4925062832552,32.87634445645145,-117.23342211992536,72.03341485839611,303,219,14,11
4925062832675,32.876331895141384,-117.2334207626411,72.08502435601868,310,222,14,11
4925062832759,32.87631932341798,-117.2334193267683,72.14018771473984,317,224,14,11
4925062832840,32.8763080065425,-117.23341791378543,72.18340130575206,323,227,15,11
4925062832926,32.87629543117947,-117.2334162534159,72.22895048681967,330,230,15,11
4925062833005,32.876282857951864,-117.23341450797858,72.27256330441712,337,232,15,11
4925062833120,32.8762702793209,-117.2334126755238,72.31888537450007,345,235,15,11
4925062833243,32.87625769222276,-117.23341071978238,72.37055739997356,352,238,15,11
4925062833386,32.87624508526776,-117.23340858651385,72.42949521300417,359,241,15,11
4925062833475,32.876213320210766,-117.23344060919568,72.03129614739608,252,230,15,11
4925062833561,32.8761945933083,-117.23344844279757,71.84220152648194,208,222,15,11
4925062833684,32.876178631309294,-117.23345136562132,71.70466353537866,182,215,15,11
4925062833768,32.87616370007605,-117.23345247184592,71.6117985387719,165,209,15,11
4925062833849,32.87614923491441,-117.23345259050285,71.54621273208629,152,203,15,11
4925062833988,32.87613504711121,-117.23345210493626,71.4912718414071,142,198,15,11
4925062834127,32.876079738216994,-117.233446997653,71.27660089724613,118,182,14,11
4925062834224,32.876066057025504,-117.23344527480954,71.25255915219819,114,179,14,11
4925062834328,32.87605244551991,-117.23344346472818,71.2184750378277,111,176,14,11
4925062834452,32.87603888838816,-117.23344154318526,71.18383706898996,108,173,14,11
4925062834534,32.87602536026316,-117.23343956321946,71.1612078697476,105,170,14,11
4925062834628,32.87601188007576,-117.23343752578751,71.14366609196284,103,168,14,11
4925062834725,32.87599849239185,-117.23343539770008,71.12082338526898,101,165,14,11
4925062834833,32.87598520069525,-117.23343337850775,71.09603408142486,99,163,13,11
4925062834959,32.87597200306203,-117.23343140243529,71.08923539375786,97,161,13,11
4925062835112,32.87595891773269,-117.2334294875505,71.08790229722833,96,159,13,11
4925062835201,32.87594595098989,-117.23342754970022,71.06525430615507,94,157,13,11
4925062835284,32.87593325341424,-117.23342566780943,71.0378595732349,93,155,13,11
4925062835378,32.87592065833206,-117.23342383723795,71.0241166936426,92,154,13,11
4925062835493,32.87590819056861,-117.23342204523784,71.00665503459635,91,152,13,11
4925062835577,32.875895825210016,-117.23342031328256,70.98473446786855,91,151,12,11
4925062835665,32.87588352749011,-117.23341864350482,70.96906051844547,90,149,12,11
4925062835812,32.87587120806828,-117.23341702042937,70.95988261738052,89,148,12,11
4925062835895,32.87585904490255,-117.23341552646473,70.95881437892142,89,147,12,11
4925062836025,32.87584690930246,-117.23341415065995,70.9705833584872,88,146,13,11
4925062836120,32.87583482808776,-117.23341290076898,70.98094280156545,88,144,13,11
4925062836203,32.875822873959386,-117.23341178626424,70.96714958676766,88,143,12,11
4925062836299,32.8758110074456,-117.23341085278959,70.9400484351542,87,142,12,11
4925062836445,32.87579904304086,-117.23341001010876,70.94237666594509,87,141,12,11
4925062836547,32.87578717630171,-117.23340929304753,70.95019935513314,87,140,12,11
4925062836643,32.87577535856052,-117.23340868625371,70.94776133773242,87,139,12,11
4925062836725,32.8757635853223,-117.23340823024834,70.94045322852206,87,139,12,11
4925062836809,32.87575181963589,-117.23340787995414,70.93554727121348,87,138,10,11
4925062836892,32.87574008507877,-117.23340761034383,70.93178028775938,87,137,11,11
4925062837037,32.87572830780105,-117.23340738745875,70.92476710734168,87,136,10,11
4925062837122,32.87571663254375,-117.23340724782696,70.915153238577,87,135,10,11
4925062837204,32.875704988229096,-117.23340720854128,70.90721067616741,87,135,9,11
4925062837310,32.87569336039943,-117.2334071568673,70.89947679383629,87,134,8,11
4925062837470,32.875681761755324,-117.23340711743299,70.89252678166237,87,134,8,11
4925062837548,32.875670163211204,-117.23340712455006,70.88769098270633,87,133,8,11
4925062837663,32.87565850386389,-117.2334071339101,70.88603475175323,87,132,8,11
4925062837747,32.87564693815311,-117.23340721373289,70.8796758844439,87,132,8,11
4925062837890,32.87563539238195,-117.2334072951214,70.86880907822763,88,131,7,11
4925062837971,32.875623898713435,-117.23340730369313,70.8581656227785,88,131,7,11
4925062838068,32.87561240353982,-117.23340731765482,70.85829832966333,88,131,7,11
4925062838181,32.87560088382995,-117.23340736570107,70.86302513413591,89,130,7,11
4925062838272,32.87558929713069,-117.23340744086727,70.86949338566961,89,130,8,11
4925062838427,32.875577802000805,-117.2334074485888,70.86726438586444,89,129,8,11
4925062838528,32.87556628393316,-117.2334075170574,70.86197563133139,90,129,8,11
4925062838635,32.875554830462406,-117.23340750969574,70.86131579326418,90,129,6,11
4925062838734,32.87554381368759,-117.23340662783622,70.857611116208,94,130,0,13
4925062838823,32.875532833154914,-117.23340578767439,70.84858725340737,97,132,0,13
4925062838905,32.87552187835432,-117.23340491871356,70.83942018078555,100,133,0,13
4925062838998,32.875510935275926,-117.23340412017028,70.83569621807028,103,135,0,13
4925062839089,32.87550000976802,-117.23340337559029,70.83724282960006,107,137,0,13
4925062839195,32.87548912490161,-117.23340261388194,70.83210381490446,110,138,0,13
4925062839298,32.87547827083981,-117.23340184742266,70.82418906672471,114,140,0,13
4925062839462,32.8754674227765,-117.23340115927088,70.82672834062622,118,142,0,13
4925062839535,32.8754565917049,-117.23340055492989,70.83108747820799,121,143,0,13
