1616368958739,32.861417146110085,-117.22914955543091,51.459270541251,94,160,6,11
1616368958906,32.86143295835584,-117.2291433556407,51.369007996519365,96,161,6,11
1616368958995,32.86144846844335,-117.22913730961062,51.26447013403538,98,163,6,11
1616368959146,32.86146295512042,-117.22913171229531,51.16856569117824,100,165,8,11
1616368959258,32.86147932838057,-117.22912534439465,51.070500250996865,103,167,8,11
1616368959396,32.86149470728736,-117.2291193746265,50.9824219563757,104,169,8,11
1616368959509,32.8615099739913,-117.22911347165154,50.89882681862598,106,171,8,11
1616368959717,32.86157018692661,-117.22909029747659,50.539348244039225,111,177,9,11
1616368959889,32.86158502575651,-117.2290845384264,50.45617692724824,112,179,9,11
1616368960003,32.8615998366505,-117.2290790076211,50.37491435809424,112,180,9,11
1616368960093,32.86161454973322,-117.22907350148766,50.288081060233836,112,181,9,11
1616368960241,32.861629188105994,-117.22906792082698,50.20060152173281,112,183,9,11
1616368960351,32.861643753033704,-117.22906241476849,50.12006939067567,112,184,9,11
1616368960545,32.861658333039834,-117.22905712483535,50.036245392358595,112,186,9,11
1616368960723,32.86171632323101,-117.22903553115172,49.7186659542725,108,190,10,11
1616368960888,32.86173088346699,-117.22903039692541,49.64775504493833,105,190,10,11
1616368961005,32.86174526759032,-117.22902483833823,49.580229542482506,104,191,10,11
1616368961134,32.86175971880702,-117.22901943048846,49.50484715725874,102,191,10,11
1616368961244,32.86177408813525,-117.22901420004028,49.42226937400927,101,192,10,11
1616368961381,32.86178852307175,-117.22900904183822,49.34649601518141,99,192,10,11
1616368961497,32.86180305652206,-117.22900388907293,49.27562954112398,97,192,10,11
1616368961613,32.86181750938711,-117.22899873283241,49.2110083318966,97,193,10,11
1616368961729,32.861831902940686,-117.22899329506876,49.143669877836125,97,194,10,11
1616368961973,32.8618902837344,-117.22897343591562,48.85260979046229,92,195,11,11
1616368962056,32.8619049482627,-117.22896877090353,48.76718003933572,92,195,11,11
1616368962217,32.86191969336783,-117.22896416641305,48.68092063177848,90,195,11,11
1616368962348,32.86193451016032,-117.22895971009068,48.60314769322298,90,195,11,11
1616368962584,32.861949367056425,-117.22895529431034,48.523711354040465,88,195,11,11
1616368962751,32.8620094869085,-117.22893921139077,48.23597972577667,84,192,10,11
1616368962916,32.86202467189693,-117.2289357494082,48.16712731911362,83,192,10,11
1616368963037,32.86203993157779,-117.22893252367354,48.10515781789607,83,192,10,11
1616368963159,32.86205525934685,-117.22892951583991,48.046871119385294,80,189,10,11
1616368963248,32.86207064112534,-117.22892676827358,47.98965567526289,79,188,10,11
1616368963384,32.86208608454948,-117.22892425741011,47.93338943583001,80,189,10,11
1616368963529,32.86210159404692,-117.22892198667208,47.87884093129082,81,190,10,11
1616368963728,32.86216411396256,-117.22891435417912,47.65645117638918,83,192,10,11
1616368963872,32.86217988139504,-117.22891273163171,47.61221318900134,84,192,10,11
1616368963995,32.86219570725625,-117.228911261576,47.57092774252369,85,193,10,11
1616368964116,32.86221160642437,-117.22890987679293,47.535116176875064,86,194,10,11
1616368964207,32.86222754958556,-117.22890861195681,47.49917079504284,87,194,9,11
1616368964373,32.862243548026946,-117.22890745540458,47.465805688868144,88,195,9,11
1616368964559,32.86225962809953,-117.22890638626092,47.441619783367486,88,195,9,11
1616368964650,32.86230814367048,-117.2289039147904,47.389866311263134,84,190,9,11
1616368964738,32.862324394626825,-117.2289034585382,47.38820919287804,83,189,9,11
1616368964918,32.862340707500124,-117.22890318536425,47.402129895189226,83,189,9,11
1616368965032,32.86235704361178,-117.22890312042841,47.40883234374032,85,190,9,11
1616368965151,32.86237345655306,-117.22890319346757,47.42954787392094,83,188,9,11
1616368965239,32.862389887318734,-117.22890352630075,47.44185289162409,83,188,9,11
1616368965406,32.86240636689292,-117.22890408957493,47.45899232353567,82,186,10,11
1616368965522,32.86242285529365,-117.22890495135508,47.46395459010473,83,186,10,11
1616368965716,32.86248906993036,-117.22891030841699,47.51298154768486,82,183,10,11
1616368965887,32.86250571130168,-117.22891202642741,47.555489477180686,82,182,10,11
1616368966005,32.862522382959746,-117.22891388990163,47.60112569240371,80,180,10,11
1616368966127,32.862539036554125,-117.22891609887205,47.62417388423656,82,181,10,11
1616368966218,32.8625556923929,-117.22891848621998,47.64362289516499,83,181,10,11
1616368966386,32.8625723600664,-117.2289210996755,47.666149566558346,85,182,10,11
1616368966558,32.86258905165901,-117.2289238877147,47.69590993420028,86,183,10,11
1616368966716,32.86265588083112,-117.22893652826446,47.859292477034224,84,179,10,11
1616368966914,32.8626725979977,-117.22894012827246,47.918899577550924,82,177,10,11
1616368967033,32.862689295796564,-117.22894399017049,47.97680328395969,81,176,9,11
1616368967148,32.862705965940485,-117.22894802265257,48.031365336560555,80,175,8,11
1616368967244,32.8627226242268,-117.22895218742921,48.09672555608752,78,172,8,11
1616368967360,32.86273928063207,-117.22895657558757,48.16180245359891,79,173,7,11
1616368967540,32.86275594171697,-117.2289610999843,48.23547331781864,79,173,7,11
1616368967654,32.86277258967364,-117.22896572984882,48.32062790178804,78,171,8,11
1616368967889,32.86283904344581,-117.22898561488951,48.64835716840812,78,170,6,11
1616368968003,32.862855633233586,-117.22899086783413,48.720136230645636,80,171,6,11
1616368968095,32.86287223628223,-117.22899618355646,48.797860913407455,83,173,5,11
1616368968215,32.8628888346323,-117.22900156041985,48.87490151728783,86,174,5,11
1616368968360,32.86290543231539,-117.22900699933437,48.9524440687609,89,176,5,11
1616368968606,32.86297176121937,-117.2290294607593,49.28531005965345,100,183,5,11
1616368968719,32.86298834385453,-117.22903524663737,49.381849158411214,103,185,5,11
1616368968888,32.86300490555675,-117.22904108474161,49.47066266835106,107,186,8,11
1616368969006,32.86302148161396,-117.22904693368992,49.56204715857168,110,188,9,11
