1611352111338,32.96306804868688,-117.24692313098564,1.931491487430374,77,121,14,11
1611352111421,32.96303891417002,-117.24691205123104,2.037095725178641,77,121,14,11
1611352111515,32.96300960388584,-117.2469009464567,2.144078572845636,77,120,14,11
1611352111619,32.962980505943136,-117.24688991590914,2.25356718284783,77,121,14,11
1611352111761,32.962951429714195,-117.24687888797584,2.3608450850082834,77,121,14,11
1611352111840,32.96292236207637,-117.24686786400088,2.4691511201450123,77,121,14,11
1611352111923,32.96289332247184,-117.24685688379586,2.5717164048189862,77,121,14,11
1611352112004,32.962864282118765,-117.24684591817285,2.6763942444634856,77,121,14,11
1611352112186,32.962835071000264,-117.2468348928597,2.781585659228597,77,120,14,11
1611352112271,32.96280606906926,-117.24682397603246,2.882583970791238,77,121,14,11
1611352112357,32.96277706930816,-117.24681311407917,2.984189360657444,77,121,14,11
1611352112516,32.96274806950177,-117.246802307176,3.0844565287599224,77,121,14,11
1611352112598,32.962719080666226,-117.24679152176459,3.185548707383718,77,121,14,11
1611352112704,32.962690090843964,-117.2467807477634,3.2876081755313113,77,121,14,11
1611352112789,32.96266089859305,-117.24676989180006,3.391308464978445,77,121,14,11
1611352112879,32.96263193884266,-117.24675911525917,3.4909205407930806,77,121,14,11
1611352112959,32.96260298562791,-117.24674832274088,3.5928545972972543,77,121,14,11
1611352113040,32.962574043839226,-117.24673753491393,3.6943108312248207,77,121,14,11
1611352113199,32.96254508684117,-117.24672676756437,3.794800022470572,77,121,14,11
1611352113291,32.96251612095306,-117.24671600442271,3.8987596395006694,77,121,14,11
1611352113427,32.96248693374772,-117.24670516407322,4.003674573597661,77,121,14,11
1611352113528,32.96245797391529,-117.24669439560019,4.108032656127742,77,121,14,11
1611352113605,32.962429011176845,-117.2466836105906,4.208682002706741,77,121,14,11
1611352113709,32.96240005272102,-117.2466728276546,4.308410616246999,77,121,14,11
1611352113853,32.96237108388392,-117.24666204772778,4.410915952264396,77,121,14,11
1611352113934,32.96234210544193,-117.24665126414985,4.5141863124765305,77,121,14,11
1611352114031,32.9623128988817,-117.24664040781656,4.6161882878960245,77,121,14,11
1611352114111,32.962283916896624,-117.24662963446576,4.717091453938963,77,121,14,11
1611352114268,32.9622549302457,-117.24661887299365,4.816252063408745,77,121,14,11
1611352114363,32.962225936022165,-117.2466081249172,4.917091501233986,77,121,14,11
1611352114444,32.962196938137396,-117.24659737795868,5.016853365008858,77,121,14,11
1611352114707,32.96208062787748,-117.24655424355359,5.412103112368058,77,121,14,11
1611352114804,32.96205159877427,-117.24654349418154,5.507190569000041,77,121,14,11
1611352114896,32.96202256038661,-117.24653274367168,5.606150418193655,77,121,14,11
1611352114999,32.961993511883975,-117.24652199714923,5.705097028121153,77,121,14,11
1611352115157,32.961964208286105,-117.24651116974628,5.8030225769962325,77,121,14,11
1611352115251,32.96193515768556,-117.2465004324723,5.900636202385635,77,121,14,11
1611352115333,32.961906107557986,-117.24648967718899,5.998637202039661,77,121,14,11
1611352115425,32.96187705056416,-117.24647892172351,6.095646555920633,77,121,14,11
1611352115526,32.961847985747255,-117.24646818888023,6.195177743805887,77,121,14,11
1611352115629,32.96181891589256,-117.2464574585067,6.299516459337226,77,121,14,11
1611352115718,32.961789560117396,-117.24644662294556,6.410676779498038,77,121,14,11
1611352115800,32.96176049538416,-117.24643586602622,6.514745109805741,77,121,14,11
1611352115907,32.96173141680733,-117.24642509665097,6.613957500580175,77,121,14,11
1611352116013,32.96170233617655,-117.2464143588024,6.715806768713953,77,121,14,11
1611352116174,32.9616732138689,-117.24640366403317,6.823176512417899,77,121,14,11
1611352116318,32.96164407955477,-117.24639300351016,6.926234472511206,77,121,14,11
1611352116400,32.96161466217435,-117.24638226314134,7.028738400683542,77,121,14,11
1611352116554,32.96158552308826,-117.24637166399876,7.128326718383244,77,121,14,11
1611352116636,32.96155636318927,-117.24636108770922,7.229051243580401,77,121,14,11
1611352116738,32.96152718399356,-117.24635053000891,7.332001832346284,77,121,14,11
1611352116827,32.96149800994263,-117.24633996307546,7.435824454835566,77,121,14,11
1611352116964,32.96146882298621,-117.24632942530161,7.540582125172183,77,121,14,11
1611352117058,32.96143961374072,-117.2463189320797,7.647301865328162,77,121,14,11
1611352117142,32.96141038431544,-117.24630848287742,7.752556316037654,77,121,14,11
1611352117305,32.96138113962225,-117.24629809489488,7.852902298157115,77,121,14,11
1611352117404,32.961351863244474,-117.24628778454105,7.952563329410201,77,121,14,11
1611352117486,32.96132255887174,-117.24627755314911,8.049608843051546,77,121,14,11
1611352117575,32.96129323044059,-117.24626738431213,8.143943109786177,77,121,14,11
1611352117666,32.96126387822059,-117.24625727430325,8.23823680957836,77,121,14,11
1611352117768,32.961234499511484,-117.2462472433839,8.33844140437654,77,121,14,11
1611352117862,32.96120512037585,-117.24623726282785,8.435757199758728,77,121,14,11
1611352117997,32.961175722693106,-117.246227355503,8.53702895072924,77,121,14,11
1611352118077,32.96114627584978,-117.24621751553354,8.648894781853828,77,121,14,11
1611352118158,32.961116819053494,-117.24620769753177,8.755000302818772,76,121,14,11
1611352118335,32.96108739611287,-117.24619789725634,8.854795405599754,77,121,14,11
1611352118415,32.961057957369086,-117.2461881181998,8.963437644817997,77,121,14,11
1611352118498,32.961028520356194,-117.24617835801133,9.077748016447533,77,121,14,11
1611352118704,32.96091080422588,-117.24613978068685,9.5065435352221,76,121,14,11
1611352118794,32.96088138513832,-117.24613032204371,9.608913888230608,76,121,14,11
1611352118903,32.960851979467606,-117.24612090867555,9.704963415336515,77,121,14,11
1611352119001,32.96082258453926,-117.24611155136519,9.801753390184741,77,121,14,11
1611352119158,32.96079320098057,-117.24610224751801,9.903688769854249,77,121,14,11
1611352119252,32.96076382942546,-117.24609298444412,10.007171057393695,76,121,14,11
1611352119332,32.960734465256756,-117.24608375308127,10.109558296280275,76,121,14,11
1611352119430,32.96070511995129,-117.24607456288656,10.208513277052784,76,121,14,11
1611352119510,32.96067577738188,-117.24606543071603,10.308901730096059,76,121,14,11
1611352119610,32.9606464589053,-117.24605634496427,10.411672617050822,77,121,14,11
1611352119698,32.960617152175686,-117.24604728725907,10.513831214131763,77,121,14,11
1611352119803,32.960587862512405,-117.24603824416619,10.61642055755472,76,121,14,11
1611352119904,32.96055859185961,-117.24602921389994,10.71482169012232,76,121,14,11
1611352120006,32.960529357966145,-117.24602020356774,10.810769473751874,76,121,14,11
1611352120169,32.960500117219894,-117.24601122908737,10.9122611826492,76,121,14,11
1611352120266,32.96047089010643,-117.24600226640659,11.01333151799793,77,121,14,11
1611352120350,32.96044169648498,-117.24599332275912,11.107320995650424,77,121,14,11
1611352120523,32.96041251471242,-117.24598441376862,11.202712873574098,76,121,14,11
1611352120602,32.96038333897263,-117.24597551323218,11.297870807964232,76,121,14,11
1611352120693,32.960354204408056,-117.24596666819691,11.387419063074757,76,121,14,11
1611352120830,32.9603250748774,-117.24595783855645,11.481641102602605,76,121,14,11
1611352120984,32.96029595190675,-117.24594906004951,11.574657827833274,77,121,14,11
1611352121065,32.96026683449996,-117.24594031063133,11.667055701945099,77,121,14,11
1611352121146,32.9602377336945,-117.24593157596507,11.757352464721789,76,121,14,11
1611352121306,32.9602086379873,-117.245922883741,11.85104055593302,76,121,14,11
1611352121398,32.960179547055425,-117.24591419195735,11.947904690448388,76,121,14,11
