1613160565254,32.724214626490415,-117.24507606251271,46.19087475749359,33,79,13,11
1613160565422,32.724262885392385,-117.24506376635387,46.2238396313175,33,79,15,11
1613160565532,32.72427892584185,-117.24505968716659,46.23563421004067,32,78,15,11
1613160565646,32.72429495294031,-117.24505558334108,46.237742070663785,32,77,15,11
1613160565801,32.724310892083174,-117.24505151059068,46.227540695918236,31,76,15,11
1613160565921,32.72432683264811,-117.24504746291746,46.225849339601474,31,75,15,11
1613160566035,32.7243427921908,-117.2450434116468,46.23565668351641,30,75,15,11
1613160566160,32.72435878017523,-117.24503931061903,46.24599769458437,30,74,15,11
1613160566325,32.7244064152027,-117.24502695077655,46.276956590917386,29,72,15,11
1613160566470,32.724422275128106,-117.24502287601305,46.284885437249514,29,71,15,11
1613160566582,32.72443812182703,-117.24501879913605,46.29183666228665,28,70,15,11
1613160566683,32.72445400067188,-117.24501470367323,46.29869274888706,28,69,15,11
1613160566830,32.724469835561,-117.24501060457294,46.305780172764564,28,70,15,11
1613160567002,32.72448562964315,-117.24500654478663,46.31347023438901,28,69,15,11
1613160567216,32.724548861851005,-117.24499023648332,46.343032644410115,28,68,15,11
1613160567351,32.72456464749174,-117.24498613461212,46.34779103163133,29,69,15,11
1613160567500,32.72458042231984,-117.2449820460677,46.349095179958326,29,70,14,11
1613160567616,32.7245961809588,-117.24497794061917,46.34306386373632,30,71,14,11
1613160567723,32.72461193320206,-117.24497383759804,46.33500690182969,31,71,14,11
1613160567871,32.72462767845465,-117.2449697372188,46.3282453323879,32,72,14,11
1613160567985,32.724643535165804,-117.24496559739173,46.32551516753447,32,73,14,11
1613160568220,32.724706492333034,-117.24494914989688,46.28919713295217,34,76,14,11
1613160568353,32.724722235745695,-117.24494498500043,46.28410232841478,34,76,14,11
1613160568501,32.72473806549902,-117.24494078295727,46.266787625411766,34,77,14,11
1613160568615,32.72475374238838,-117.24493662041743,46.24722144930661,35,77,15,11
1613160568713,32.72476947006195,-117.24493242435805,46.23650983389712,35,78,15,11
1613160568862,32.72478520268777,-117.24492825692411,46.231197546182536,35,78,15,11
1613160569038,32.7248009162902,-117.24492407079448,46.215841493712986,34,77,15,11
1613160569106,32.724848120757066,-117.24491139889828,46.15067500889853,33,76,14,11
1613160569222,32.72486382703692,-117.24490716540915,46.128456308320644,33,76,14,11
1613160569358,32.724879549154764,-117.24490292718777,46.112914614830515,33,76,14,11
1613160569504,32.72489527785655,-117.24489869462626,46.09262184701128,33,76,14,11
1613160569616,32.7249109762216,-117.24489438644956,46.070606570800805,33,76,14,11
1613160569716,32.72492678897459,-117.24489006140543,46.04278881588965,32,75,14,11
1613160569875,32.72494247615228,-117.2448857350629,46.01220689035917,32,75,14,11
1613160569991,32.7249581698932,-117.24488143001007,45.98613299169377,32,75,14,11
1613160570219,32.7250211970917,-117.24486408923084,45.906432179493564,30,73,14,11
1613160570347,32.725036939174046,-117.24485974187324,45.88670672150424,30,72,14,11
1613160570495,32.72505265634023,-117.24485538028543,45.854616972522734,30,72,14,11
1613160570607,32.725068357017115,-117.24485099047332,45.82059607424052,30,73,14,11
1613160570751,32.72508409288589,-117.2448465746664,45.792686210636475,31,73,14,11
1613160570862,32.72509982324342,-117.24484213060337,45.76927235757171,30,72,14,11
1613160571132,32.725162934177085,-117.24482441250603,45.67463232261192,30,71,14,11
1613160571304,32.725178676849296,-117.24481995348313,45.6540475168666,29,70,14,11
1613160571435,32.725194463910064,-117.24481546368025,45.63370362395218,30,71,14,11
1613160571608,32.72524179669283,-117.24480194846844,45.56031748834724,32,73,14,11
1613160571720,32.72525760030598,-117.2447974112064,45.531603313046375,32,74,14,11
1613160571840,32.72527339460685,-117.24479285042003,45.49667339434222,32,74,14,11
1613160571954,32.725289183096734,-117.24478830345525,45.45531851116175,33,75,14,11
1613160572079,32.7253049642035,-117.2447837749042,45.414345462633214,33,75,14,11
1613160572227,32.725320790058,-117.24477927290154,45.3817080163314,33,75,14,11
1613160572319,32.72533664744597,-117.24477473983194,45.35313427781896,33,75,14,11
1613160572515,32.7253841992523,-117.24476116521247,45.23064623438241,33,75,14,11
1613160572619,32.72540005455372,-117.24475668409094,45.18486294628639,32,74,14,11
1613160572766,32.72541593707072,-117.24475221097774,45.149126674045185,32,74,14,11
1613160572938,32.72543184255785,-117.24474770808885,45.11841670700224,32,74,14,11
1613160573050,32.72544774660347,-117.24474322013594,45.08452699783247,31,73,15,11
1613160573218,32.7254954588642,-117.2447297853456,44.98244954774551,31,72,15,11
1613160573350,32.72551140034986,-117.24472533596479,44.95592105333279,30,71,15,11
1613160573497,32.72552733528771,-117.2447208961654,44.92787358803903,30,71,14,11
1613160573615,32.72554327486546,-117.2447164475784,44.8957811069246,30,71,14,11
1613160573750,32.72555921042528,-117.24471199640759,44.86440580567584,29,70,14,11
1613160573866,32.72557514203486,-117.24470753167684,44.83368906350795,29,69,14,11
1613160573983,32.72559107906272,-117.24470307393533,44.80123683546584,29,68,14,11
1613160574223,32.72565488675621,-117.24468503144915,44.693543433185894,28,67,14,11
1613160574356,32.72567078992403,-117.24468051158463,44.64470667139766,28,66,14,11
1613160574504,32.72568670057436,-117.24467599466955,44.602757396549336,28,66,14,11
1613160574628,32.725702665837616,-117.24467144732803,44.573450829180274,27,65,14,11
1613160574733,32.72571865863903,-117.2446669770558,44.540238085892064,27,65,14,11
1613160574880,32.72573461164983,-117.24466252790495,44.49874423750812,27,65,14,11
1613160575143,32.7257985571981,-117.24464479492924,44.33741629487278,28,65,15,11
1613160575260,32.72581455540568,-117.2446403448684,44.294352149102906,27,64,15,11
1613160575390,32.72583056867429,-117.24463594282429,44.25403024452265,27,64,15,11
