1611352482300,32.882086749163186,-117.22041634414688,75.46674291526828,82,129,14,11
1611352482399,32.88208597438366,-117.22041544857362,75.47008070015313,82,129,14,11
1611352482528,32.88208507182167,-117.2204144264479,75.47306219644122,81,128,14,11
1611352482647,32.88208400732536,-117.22041324140015,75.47656615486432,81,128,14,11
1611352482784,32.88208281173445,-117.22041190634522,75.48052072358664,81,128,14,11
1611352482874,32.882081443206005,-117.22041040416245,75.4856380970695,81,128,14,11
1611352482998,32.882079898678775,-117.22040872731955,75.48971632307689,81,127,14,11
1611352483091,32.88207818386836,-117.22040687508272,75.49396787051043,81,127,14,11
1611352483247,32.88207628364063,-117.22040487660904,75.499041176205,81,127,14,11
1611352483340,32.88207420020329,-117.22040271651348,75.5071964103103,81,127,14,11
1611352483423,32.88207194379358,-117.22040041199678,75.51548424447778,81,126,14,11
1611352483505,32.88206953157945,-117.22039795653775,75.52355212028722,81,126,14,11
1611352483579,32.88206694528994,-117.22039537110953,75.52861459772724,81,126,14,11
1611352483691,32.88206418833742,-117.22039267262336,75.53486255641651,81,126,14,11
1611352483776,32.8820612666388,-117.22038985792696,75.54350219969557,81,126,14,11
1611352483874,32.882058182049164,-117.22038693447048,75.55334526159162,82,125,14,11
1611352483955,32.882054936102065,-117.22038391607875,75.566348534638,82,125,14,11
1611352484053,32.88205154884777,-117.22038081115063,75.57684412203817,82,125,14,11
1611352484221,32.882048002015104,-117.2203776451517,75.59292373194474,82,125,14,11
1611352484301,32.88204434417751,-117.2203744059466,75.60602004659171,83,125,14,11
1611352484387,32.88204057602913,-117.22037114384219,75.61890902684941,83,125,14,11
1611352484466,32.88203668503352,-117.22036788860296,75.63397565581346,83,125,14,11
1611352484618,32.88203268113009,-117.2203646786047,75.64398487132202,83,125,14,11
1611352484721,32.88202858042588,-117.22036153462334,75.64934137979421,83,124,14,11
1611352484804,32.88202439589935,-117.22035844126512,75.65278415981086,84,124,14,11
1611352484901,32.882020149288635,-117.22035542644042,75.66101975382256,84,124,14,11
1611352484985,32.882015837378795,-117.22035256471864,75.67537319391505,84,124,14,11
1611352485075,32.882011493586006,-117.220349865711,75.69064043645967,84,124,14,11
1611352485235,32.88200712163807,-117.2203473861481,75.7061643582036,85,124,14,11
1611352485331,32.882002767818925,-117.22034510900743,75.71875749962757,85,124,14,11
1611352485416,32.881998432217415,-117.220343074771,75.72940163377027,85,124,13,11
1611352485497,32.88199409015631,-117.22034128818656,75.74309069396877,85,124,13,11
1611352485567,32.88198973900924,-117.22033975806605,75.75074010980936,85,124,13,11
1611352485684,32.88198537126838,-117.22033843030447,75.75923706557258,85,123,13,11
1611352485763,32.88198097199946,-117.22033724102792,75.77400863423482,86,123,13,11
1611352485846,32.88197654319182,-117.22033624433878,75.78904873764506,86,123,13,11
1611352485929,32.88197212123567,-117.22033551811187,75.79627432889359,86,123,13,11
1611352486019,32.88196766923498,-117.22033508048108,75.80294504602918,86,123,13,11
1611352486181,32.88196317786716,-117.22033489478052,75.81137693491159,86,123,13,11
1611352486270,32.88195865623105,-117.22033488056206,75.81263636688438,86,123,13,11
1611352486366,32.88195407951076,-117.22033510885203,75.81235869731292,86,123,13,11
1611352486474,32.88194946076644,-117.22033566538643,75.8164418705953,86,123,13,11
1611352486608,32.881944799886796,-117.22033650847776,75.8256623062948,86,123,13,11
1611352486719,32.881940113476084,-117.2203376954066,75.83611211966617,86,123,13,11
1611352486800,32.8819353954595,-117.22033920885976,75.85083447084328,86,123,13,11
1611352486882,32.88193066977474,-117.2203410710491,75.86181899070105,86,123,13,11
1611352486964,32.88192592737614,-117.22034330053536,75.87626563640359,86,123,13,11
1611352487054,32.8819211687149,-117.22034589343217,75.89577074552551,86,123,13,11
1611352487220,32.88191640900648,-117.2203488534717,75.91883287672702,86,123,13,11
1611352487300,32.88191166513931,-117.22035219633186,75.94210118613043,86,123,13,11
1611352487384,32.88190693855231,-117.22035592396026,75.96478024100263,86,123,13,11
1611352487467,32.88190220660099,-117.22036001940926,75.990177937084,86,123,13,11
1611352487568,32.88189748290958,-117.22036449074763,76.01750773165888,86,123,13,11
1611352487676,32.88189276235814,-117.22036932695381,76.04778338669122,86,123,13,11
1611352487762,32.88188803726703,-117.22037451705549,76.08216590826184,86,123,13,11
1611352487906,32.881883309927034,-117.22038005328922,76.11541564248576,86,123,13,11
1611352488002,32.881878546457806,-117.22038590522689,76.14665361602789,86,123,13,11
1611352488082,32.88187374978059,-117.22039207309527,76.17658118551942,86,123,13,11
1611352488246,32.88186890422697,-117.22039854013987,76.20864138925006,86,123,13,11
1611352488337,32.881864229513575,-117.22040498549956,76.24326940408487,89,125,13,11
1611352488581,32.88184925765697,-117.22042630155332,76.36935550395519,97,130,13,11
1611352488693,32.88184386034062,-117.22043409865958,76.41723792048838,100,132,13,11
1611352488778,32.881838328541185,-117.22044210346533,76.46687752900158,103,133,13,11
1611352488865,32.88183269420565,-117.22045033350285,76.51246572727811,106,135,13,11
1611352488947,32.881826932330526,-117.22045875366166,76.55291960435251,110,137,13,11
1611352489031,32.8818210461154,-117.22046737286546,76.5938357531137,113,139,13,11
1611352489194,32.88181565539078,-117.22047531983571,76.63360327258798,116,141,13,11
1611352489286,32.88180955137334,-117.22048432142122,76.68130567524774,120,143,13,11
1611352489368,32.88180335514986,-117.2204934990525,76.72897079061433,123,145,13,11
1611352489447,32.881797082572014,-117.22050279978379,76.77246382582335,127,147,13,11
1611352489530,32.88179075506321,-117.22051215885466,76.81579792133002,131,149,13,11
1611352489694,32.881784452630995,-117.22052154286375,76.8566985047348,135,151,13,11
1611352489781,32.88177879250858,-117.22052993734047,76.89013654596735,138,153,13,11
1611352489865,32.881772528218,-117.22053913016161,76.9252571345205,142,155,13,11
1611352489944,32.88176590135825,-117.2205488864086,76.95179973605279,135,154,13,11
1611352490026,32.881759856440894,-117.22055777029117,76.97471431313238,129,152,13,11
1611352490198,32.881753900280195,-117.22056646789052,76.99874648647531,124,151,13,11
1611352490289,32.88174809550357,-117.22057502514753,77.02279109481817,120,150,13,11
1611352490363,32.881742436716074,-117.22058342847026,77.0481224551756,116,149,13,11
1611352490510,32.88173687224684,-117.22059161269168,77.07316819510764,113,148,13,11
1611352490644,32.88173145566287,-117.22059957218231,77.09970542255037,110,147,13,11
1611352490758,32.88172622052642,-117.22060729685457,77.12554500522721,108,146,13,11
1611352490895,32.88172115428598,-117.22061481598315,77.14505140390592,105,145,13,11
1611352490975,32.88171624341412,-117.22062209830227,77.16010935838156,103,144,13,11
1611352491056,32.881711479335685,-117.2206291628653,77.17584974834044,100,143,14,11
1611352491137,32.88170685273266,-117.22063603967223,77.19065932882239,98,142,14,11
1611352491303,32.88170235652873,-117.22064273839804,77.20482354403867,97,142,14,11
1611352491407,32.881697947554706,-117.22064924406975,77.2168381593834,95,141,14,11
1611352491489,32.88169364412995,-117.22065558965737,77.22613599641251,94,140,14,11
1611352491574,32.881689422456525,-117.2206618326768,77.23413780923539,93,139,14,11
1611352491658,32.88168526850751,-117.2206679946222,77.24272165821434,92,139,14,11
1611352491769,32.881681165244494,-117.22067409719618,77.2517661102329,91,138,13,11
1611352491855,32.881677089141306,-117.22068015956971,77.26073150493605,90,137,13,11
1611352491938,32.88167304473145,-117.22068621272929,77.26947001717426,90,137,13,11
1611352492016,32.88166901639436,-117.22069226600964,77.27672538550922,89,136,13,11
1611352492099,32.881665026140034,-117.22069835311551,77.2840430724635,88,136,13,11
1611352492276,32.88166107787499,-117.2207044500445,77.29058321790558,87,135,13,11
1611352492355,32.88165715000245,-117.22071057570655,77.29614681120484,86,135,13,11
