1611883261099,32.87030050877583,-117.19446103668648,83.39646867530584,206,182,15,11
1611883261206,32.87028655169163,-117.19447495919091,83.41169446870778,212,185,15,11
1611883261311,32.87027240709377,-117.19448906884843,83.42656998864742,217,187,15,11
1611883261447,32.87025808382764,-117.1945033462546,83.43407477948769,223,190,15,11
1611883261548,32.87024503283983,-117.19451635494019,83.44324336740178,228,192,15,11
1611883261638,32.87023036424798,-117.194530966797,83.4519134865917,234,194,15,11
1611883261787,32.87021552535099,-117.19454572664563,83.45991321886123,240,197,15,11
1611883261887,32.87020050439842,-117.19456063740573,83.47298322723532,246,200,15,11
1611883261970,32.87018531585873,-117.1945756840684,83.48435856560954,253,202,15,11
1611883262050,32.87017000259064,-117.19459086308431,83.48214326268196,259,205,15,11
1611883262135,32.87015611520936,-117.1946046669304,83.47673849296086,264,207,15,11
1611883262218,32.87014054943544,-117.19462014994969,83.47240577015911,271,210,15,11
1611883262307,32.870124870540884,-117.19463573284828,83.45954910388554,277,213,15,11
1611883262468,32.87010904592224,-117.19465141489601,83.45623367409284,284,215,15,11
1611883262549,32.87009307092635,-117.19466725962397,83.4796796041912,291,218,15,11
1611883262640,32.87007695180122,-117.19468322670781,83.50459648627309,298,221,15,11
1611883262728,32.87006232733043,-117.19469769730125,83.51989513431968,304,223,15,11
1611883262830,32.870045973091855,-117.194713864206,83.52179133875975,311,226,15,11
1611883262958,32.87002949218944,-117.1947301662573,83.52692889101746,318,229,15,11
1611883263109,32.87001287141099,-117.19474662192309,83.54354163854875,325,232,15,11
1611883263191,32.86999612999234,-117.19476320562613,83.55563617700501,332,235,15,11
1611883263310,32.869979276353206,-117.1947799055843,83.55750656026085,339,238,15,11
1611883263402,32.86995704087929,-117.19479547255159,83.43029898179046,246,227,15,11
1611883263555,32.86993815075108,-117.19481201979207,83.3501163573516,204,219,15,11
1611883263655,32.869920019553184,-117.19482877781176,83.28683220182633,180,212,15,11
1611883263736,32.869902154148065,-117.19484565512249,83.23699534714208,163,206,15,11
1611883263834,32.869884368623325,-117.19486264993675,83.20409096410397,151,201,15,11
1611883263935,32.86986660061447,-117.19487974309118,83.17354414425405,141,196,15,11
1611883264018,32.86984881687766,-117.19489690792243,83.1392682189085,133,191,15,11
1611883264158,32.869830992182216,-117.19491415973023,83.10428906575486,127,187,15,11
1611883264240,32.869813121147274,-117.19493151957634,83.07028457567289,122,184,15,11
1611883264322,32.869795204660875,-117.19494895123297,83.03272833890905,117,180,15,11
1611883264424,32.86977723347725,-117.19496646056781,82.99601956803474,113,177,15,11
1611883264568,32.86975921253678,-117.19498406095872,82.96462295681403,110,174,15,11
1611883264657,32.8697411775802,-117.19500172025059,82.92469511147637,107,171,15,11
1611883264750,32.86972313156569,-117.19501942127265,82.87924523173922,104,169,15,11
1611883264838,32.869705095613334,-117.19503714465937,82.82741478360511,102,167,15,11
1611883264939,32.86968706352064,-117.19505489323247,82.78212794904714,100,164,15,11
1611883265068,32.8696690201129,-117.1950726755036,82.75347042223709,98,162,15,11
1611883265216,32.86965097083104,-117.1950904623862,82.7294794435048,97,160,15,11
1611883265306,32.86963290810857,-117.19510825282833,82.70712099858419,95,158,15,11
1611883265391,32.869614844322705,-117.19512599837583,82.67303163961135,94,157,15,11
1611883265479,32.869596772180415,-117.19514371088259,82.6389977025101,93,155,15,11
1611883265639,32.86957869037559,-117.19516140754948,82.60757147176784,92,153,15,11
1611883265729,32.869560653276494,-117.19517904570402,82.56284410970187,91,152,15,11
1611883265822,32.86954263436281,-117.1951966513805,82.52439833149947,90,151,15,11
1611883265907,32.86952463546931,-117.19521422824309,82.49470700826457,89,149,15,11
1611883266012,32.86950666361376,-117.19523175857485,82.46450782927455,88,148,15,11
1611883266151,32.86948877727593,-117.19524924203843,82.42423494378637,87,146,15,11
1611883266238,32.86947095426304,-117.1952667037754,82.39023655567219,87,145,15,11
1611883266318,32.86945317316516,-117.19528415458777,82.36862509255745,86,144,15,11
1611883266401,32.86943542984901,-117.19530151708123,82.33945436153027,85,143,15,11
1611883266497,32.869417770736355,-117.19531876797164,82.29191070517989,85,142,15,11
1611883266636,32.86940022795274,-117.1953359615709,82.23629737780715,84,141,15,11
1611883266740,32.86938277342825,-117.1953531387746,82.18978549715534,84,140,15,11
1611883266882,32.86931387617215,-117.19542092574446,81.98839892727418,82,137,15,11
1611883267020,32.86929688012504,-117.19543768273098,81.94729438461161,82,136,15,11
1611883267103,32.86928000224427,-117.19545438448166,81.90342015983097,82,135,15,11
1611883267186,32.86926324219077,-117.19547097828884,81.85168589741956,81,134,15,11
1611883267298,32.86924656105127,-117.19548746581297,81.80247470742631,81,134,15,11
1611883267444,32.86922996530115,-117.19550386792967,81.75339395490542,81,133,15,11
1611883267535,32.869213482040685,-117.1955201709035,81.6997306890001,81,132,15,11
1611883267626,32.8691970869773,-117.19553639766309,81.6500433414361,81,132,15,11
1611883267718,32.86918077602875,-117.19555254677257,81.59769628680169,80,131,15,11
1611883267845,32.869164575303536,-117.19556859015556,81.53507396449538,80,131,15,11
1611883267957,32.86914849443889,-117.19558453804136,81.47128353702576,80,130,15,11
1611883268041,32.86913251626488,-117.19560042087546,81.40868465303727,80,130,15,11
1611883268124,32.86911662564192,-117.19561620837652,81.35058406373278,80,129,15,11
1611883268207,32.86910082169465,-117.19563189406185,81.29336758124863,81,129,15,11
1611883268309,32.86908510395504,-117.19564749021035,81.23914349643393,81,129,15,11
1611883268459,32.86906949639808,-117.1956629759168,81.1809073537462,81,128,15,11
1611883268632,32.869053983793535,-117.1956783559778,81.12613055904492,82,128,15,11
1611883268717,32.86903853748594,-117.1956936610323,81.08305235636851,82,127,15,11
1611883268836,32.86902318821196,-117.1957088550845,81.03342757521722,82,127,15,11
1611883268974,32.869007920466544,-117.19572394228604,80.97849720960963,82,127,15,11
1611883269055,32.868992748478455,-117.19573889620456,80.91432618210033,83,126,15,11
1611883269196,32.86897767879359,-117.19575374328018,80.84709408810568,83,126,15,11
1611883269276,32.86896269210152,-117.1957684892163,80.78671687649832,83,126,15,11
1611883269365,32.86894777972105,-117.19578314494805,80.73411698720743,84,126,15,11
1611883269458,32.868932958973495,-117.19579768870796,80.67857322531755,84,125,15,11
1611883269600,32.86891826576245,-117.19581212523222,80.61594108640031,84,125,15,11
1611883269690,32.868903674655144,-117.19582646853593,80.55628037812426,84,125,15,11
1611883269784,32.868889157916705,-117.1958407354387,80.50800601401191,85,125,15,11
1611883269934,32.868874725556296,-117.19585489011713,80.45885919611041,85,125,15,11
1611883270034,32.868860412014705,-117.19586892070029,80.39744650039661,85,124,15,11
1611883270113,32.86884621500711,-117.19588286766971,80.33778379504051,85,124,15,11
1611883270195,32.86883211741939,-117.19589673957277,80.28290903900607,86,124,15,11
1611883270276,32.86881811098672,-117.19591051668466,80.2320668508344,86,124,15,11
1611883270359,32.868804198040166,-117.19592418925731,80.17631522846222,86,124,15,11
1611883270457,32.86879038831054,-117.19593774728723,80.11447183965358,86,124,15,11
1611883270601,32.86877670886914,-117.19595120673051,80.04435554618529,87,124,15,11
1611883270691,32.86876312050767,-117.1959645796901,79.9809536035797,87,123,15,11
1611883270783,32.86874962896912,-117.19597784804814,79.92071440012728,87,123,15,11
1611883270860,32.86873623351217,-117.19599101149706,79.85923570383035,87,123,15,11
1611883271024,32.8687229405141,-117.19600403997002,79.79378296146788,87,123,15,11
1611883271116,32.86870974785144,-117.19601694373053,79.72898465544986,87,123,15,11
1611883271258,32.86869665065193,-117.19602974244836,79.6767743955236,88,123,15,11
