1632265141069,33.11498380967569,-117.05026165701793,174.87962842982517,22,48,15,11
1632265141148,33.11496654302633,-117.05026110039915,174.8594563598348,22,48,15,11
1632265141300,33.11494923496027,-117.05026060195956,174.83385247272312,22,48,15,11
1632265141442,33.114896997827834,-117.05025946832254,174.78869022945807,22,47,15,11
1632265141534,33.114879554547606,-117.05025921871865,174.77437952076798,22,47,15,11
1632265141713,33.1148621204313,-117.0502590334626,174.75914253745876,22,46,15,11
1632265141812,33.11484464853834,-117.05025890890093,174.74880722877396,21,46,15,11
1632265141956,33.11482718523314,-117.05025881625093,174.73868698900975,21,45,15,11
1632265142067,33.11480972084726,-117.05025876505744,174.72830770748587,21,45,15,11
1632265142148,33.11479225975179,-117.05025877414006,174.7185698570778,21,45,15,11
1632265142350,33.114739849242376,-117.05025889673253,174.67948787125957,22,47,15,11
1632265142529,33.11472233820889,-117.0502589580753,174.66862262228216,23,47,15,11
1632265142617,33.11470480507452,-117.05025903385953,174.65362015648836,23,47,15,11
1632265142782,33.11468727073293,-117.0502590990196,174.63540028137348,23,48,15,11
1632265142888,33.11466969383319,-117.05025915341871,174.6156611569395,24,48,15,11
1632265143051,33.114652123776814,-117.05025919772275,174.5896690539867,24,48,15,11
1632265143163,33.11463453507518,-117.05025921808692,174.55965054367064,24,48,15,11
1632265143276,33.11461695096631,-117.05025924269762,174.53338803603657,24,48,15,11
1632265143525,33.1145466115067,-117.05025902001542,174.46351226266188,24,48,15,11
1632265143617,33.11452900963239,-117.05025887435777,174.45019631555613,24,49,15,11
1632265143765,33.11451146240287,-117.05025866651488,174.44088236173434,24,49,15,11
1632265143869,33.11449387136487,-117.05025844818708,174.436965227386,24,49,14,11
1632265144013,33.11447629103525,-117.0502582095428,174.42707493437436,24,48,14,11
1632265144094,33.1144587620727,-117.05025794261556,174.40490137164255,24,49,14,11
1632265144204,33.11444124266685,-117.05025765640323,174.37716936962798,24,49,14,11
1632265144381,33.11438865979272,-117.05025648323851,174.31283021901987,23,48,14,11
1632265144506,33.11437115813303,-117.05025604009589,174.2926710332033,22,47,14,11
1632265144597,33.11435371446613,-117.05025554370637,174.26123687264487,22,47,14,11
1632265144805,33.11433625929086,-117.05025500136156,174.23337410417702,21,46,14,11
1632265144905,33.11431873330941,-117.05025443757354,174.2066422080624,21,45,14,11
1632265145049,33.114301320925144,-117.05025383120876,174.18631515234023,20,45,14,11
1632265145162,33.11428390044739,-117.0502531614109,174.17231717244266,20,44,14,11
1632265145388,33.11421423069113,-117.05025015067258,174.07257880842624,20,43,15,11
1632265145503,33.11419690449334,-117.0502493328832,174.04030440566575,20,43,15,11
1632265145613,33.114179557404555,-117.05024847796484,174.01595808380156,20,43,15,11
1632265145765,33.1141622149678,-117.05024762353261,173.9883674965758,20,43,15,11
1632265145933,33.11414486634608,-117.05024673919043,173.9616007248725,20,43,15,11
1632265146046,33.11412751426965,-117.05024584657215,173.92755541206253,20,42,15,11
1632265146171,33.11411017101138,-117.05024492727163,173.89190169532475,20,42,15,11
1632265146407,33.114040460851406,-117.05024111186572,173.7902012449799,19,41,15,11
1632265146551,33.114022963344674,-117.05024014532067,173.7593569717516,19,41,15,11
1632265146632,33.11400546879775,-117.05023915782297,173.72013033378548,19,41,15,11
1632265146815,33.11398794968734,-117.05023818145163,173.68131676284818,19,41,15,11
1632265146983,33.11397036653263,-117.0502372081498,173.65698651512054,20,41,15,11
1632265147096,33.113952760450985,-117.05023624758803,173.62925931736652,20,41,15,11
1632265147223,33.113935142764504,-117.05023528820529,173.5963271634628,20,41,15,11
1632265147370,33.1138643599816,-117.05023144921756,173.48910948295344,20,41,15,11
1632265147514,33.11384662489441,-117.05023048793085,173.45237162967297,20,41,15,11
1632265147687,33.113828883932335,-117.05022953119696,173.4157074044343,19,40,15,11
1632265147802,33.11381109682515,-117.05022858331075,173.38592944837845,19,40,15,11
1632265147982,33.11379329087818,-117.05022761363612,173.36151380782283,19,40,15,11
1632265148159,33.11372191860613,-117.05022352837045,173.25022378039873,21,42,15,11
1632265148294,33.11370397393369,-117.05022250374586,173.22041999629025,21,42,15,11
1632265148516,33.11368604830031,-117.05022151397904,173.1894278353832,21,42,15,11
1632265148600,33.11366809947521,-117.05022050362084,173.15187829764912,21,42,15,11
1632265148762,33.1136140980485,-117.0502174501903,173.03996505837776,22,43,15,11
1632265148877,33.11359595211044,-117.05021642201105,173.00716641851844,21,43,15,11
1632265148988,33.11357786656364,-117.05021543298393,172.96906359690414,22,43,15,11
1632265149084,33.11355975179586,-117.05021446571402,172.92853974571383,22,43,15,11
1632265149229,33.1135416027911,-117.0502135077294,172.88644845551383,22,43,15,11
1632265149366,33.11352343129216,-117.05021257020253,172.85061050402646,22,44,15,11
1632265149637,33.11345029207933,-117.05020864269072,172.70601914161978,23,45,15,11
1632265149807,33.11343194587125,-117.05020764161925,172.664759750771,23,46,15,11
1632265149920,33.11341357528325,-117.05020664513083,172.62015461109436,24,46,15,11
1632265150045,33.11339518849307,-117.05020565810626,172.57473542891427,24,47,15,11
1632265150123,33.11337662812027,-117.05020466109413,172.52907152747818,24,47,15,11
1632265150268,33.113358195525386,-117.05020367690288,172.48848412899133,23,47,15,11
1632265150405,33.113339716692124,-117.05020267828002,172.45284462066022,23,47,15,11
1632265150434,33.11330268261663,-117.05020060928948,172.38747064824514,22,45,15,11
1632265150562,33.11328410234795,-117.05019954989699,172.35513804482503,22,45,15,11
1632265150657,33.11326547738072,-117.05019849101735,172.3245525880228,21,45,15,11
1632265150824,33.11324680696798,-117.05019741161335,172.295409123636,21,45,15,11
1632265150946,33.113228088932686,-117.0501963443735,172.26615620927603,21,44,15,11
1632265151070,33.11320931343835,-117.05019525459096,172.23620548041262,21,44,15,11
