1483233632868,32.737868545722165,-117.11486148328981,32.17670564235548,42,59,6,11
1483233632984,32.73784152639797,-117.11484997765837,32.12299637215783,44,60,6,11
1483233633151,32.73781449499951,-117.11483850828614,32.06966589338608,45,61,0,13
1483233633342,32.73770631103215,-117.11479290521541,31.834959078256727,53,66,0,13
1483233633498,32.737679258409976,-117.11478159044027,31.769177078118272,55,68,0,13
1483233633644,32.73765217821869,-117.11477031612299,31.711524316651932,56,69,0,13
1483233633769,32.73762507904915,-117.11475907403805,31.65532928483147,58,71,0,13
1483233633920,32.737597994648034,-117.11474786460067,31.591469360031695,61,72,0,13
1483233634177,32.737489556566445,-117.11470312766926,31.369878382493525,70,78,0,13
1483233634328,32.7374624550499,-117.11469193177183,31.313229064301886,72,80,0,13
1483233634447,32.73743535919343,-117.11468073371681,31.25609107868877,75,82,0,13
1483233634575,32.737408251756726,-117.1146695367841,31.201855481169662,77,83,0,13
1483233634662,32.73738115361214,-117.11465833572488,31.14472535730813,80,85,0,13
1483233634854,32.73735405607119,-117.11464710504919,31.088465053284814,83,87,0,13
1483233634951,32.73732696805407,-117.11463585220928,31.029093025480744,85,88,0,13
1483233635098,32.7372456755042,-117.11460218746574,30.852619636132243,94,94,0,13
1483233635213,32.73721856121831,-117.11459101281758,30.79015724692874,97,95,10,11
1483233635357,32.7371914359079,-117.11457983138604,30.73129556350923,99,97,10,11
1483233635469,32.737164321106036,-117.11456862611396,30.67493569565167,102,99,10,11
1483233635597,32.73713719095718,-117.11455743804565,30.6201077540948,105,100,10,11
1483233635746,32.737110063731414,-117.11454627314177,30.560828558080477,108,102,10,11
1483233636014,32.73700146688076,-117.11450121218259,30.335502120419896,117,109,10,11
1483233636185,32.736974315123234,-117.11449000012341,30.274994690846416,120,111,13,11
1483233636286,32.736947154440685,-117.11447881037006,30.211206171077578,123,113,13,11
1483233636438,32.73692000131534,-117.11446764573066,30.144214588215686,126,114,13,11
1483233636552,32.73689279637289,-117.11445651582692,30.07675672497922,128,116,12,11
1483233636677,32.73686559547886,-117.1144453852604,30.009511061546107,130,118,12,11
1483233636761,32.73683829207666,-117.11443425623803,29.93630556717304,132,119,12,11
1483233636876,32.73675648869581,-117.1144010300287,29.72880616682625,135,124,12,11
1483233637081,32.73672912382162,-117.11439001094482,29.668119355805857,135,125,12,11
1483233637196,32.736701753137986,-117.11437900930514,29.608578059645623,136,126,12,11
1483233637297,32.73667431957378,-117.11436797714501,29.53654110604171,134,127,14,11
1483233637441,32.73664693037415,-117.11435697127618,29.46424749608595,133,128,14,11
1483233637551,32.73661957165128,-117.11434590021183,29.40217501078831,131,129,14,11
1483233637667,32.73659214471606,-117.11433488396162,29.335406115032466,127,129,14,11
1483233637787,32.73650996514809,-117.11430162684235,29.13847496923464,119,130,14,11
1483233637935,32.7364826446236,-117.1142904953613,29.066422288158915,114,129,13,11
1483233638115,32.73645533537795,-117.11427939777528,29.002779905192725,111,129,13,11
1483233638226,32.73642804146745,-117.11426833976664,28.93981343438055,108,128,13,11
1483233638336,32.736400738510376,-117.11425728877799,28.884227581481422,106,128,13,11
1483233638480,32.73637346703124,-117.11424622408803,28.83299851205058,104,128,14,11
1483233638592,32.73634608772164,-117.11423510747132,28.779180601642253,102,127,14,11
1483233638838,32.73623727965984,-117.11419072269398,28.58194177269004,95,126,14,11
1483233638977,32.73621001999452,-117.11417976657556,28.530016116607225,93,125,14,11
1483233639130,32.73618274108851,-117.11416865096024,28.48509007962826,91,124,14,11
1483233639245,32.736155577029216,-117.11415763044705,28.44047716251667,90,123,14,11
1483233639346,32.73612839635469,-117.11414663684236,28.40078602743792,88,122,14,11
1483233639492,32.736101260029066,-117.11413557810177,28.361448755221936,87,121,14,11
1483233639716,32.73599259195898,-117.11409145748995,28.221376745287944,79,115,14,11
1483233639875,32.735965499763104,-117.11408040839999,28.197345700870503,77,113,14,11
1483233640041,32.735938463503636,-117.11406937866799,28.169840256381022,76,112,14,11
1483233640155,32.73591137569672,-117.11405837576824,28.143885624199733,75,111,14,11
1483233640283,32.73588427598319,-117.11404738245358,28.12312693389694,75,111,14,11
1483233640419,32.7358570181296,-117.11403636545339,28.099448452077716,74,110,14,11
1483233640532,32.73582995221511,-117.11402538848917,28.075865220504106,73,110,14,11
1483233640646,32.735802879940806,-117.11401440180286,28.05900644977731,73,110,14,11
1483233640716,32.735721700204074,-117.11398140450115,28.02047824272328,72,109,14,11
1483233640810,32.73569443782731,-117.11397028991011,28.014403203134748,71,108,14,11
1483233641002,32.73566738369881,-117.11395928827153,28.00641416332832,71,107,14,11
1483233641097,32.73564030931197,-117.11394829404888,27.99458444380854,69,106,13,11
1483233641251,32.73561325288525,-117.1139372654659,27.981806006277054,70,106,13,11
1483233641397,32.735586197469694,-117.11392622117933,27.972491838219042,70,106,14,11
1483233641511,32.735559129558006,-117.11391518440477,27.96419701482362,70,107,14,11
1483233641752,32.73545072804411,-117.11387081596988,27.93683791110419,70,106,14,11
1483233641840,32.73542364327739,-117.11385978666108,27.93597687298794,71,106,13,11
1483233641984,32.73539658669185,-117.11384879936786,27.92806734568154,70,106,13,11
1483233642064,32.735369298640826,-117.11383772760051,27.92435954315721,70,105,13,11
1483233642269,32.73534220668216,-117.11382674611978,27.919922374108076,71,106,13,11
1483233642403,32.735315131909694,-117.11381574176623,27.91927937995909,72,106,13,11
1483233642516,32.73528807920487,-117.1138047241622,27.918357982350965,73,107,12,11
1483233642643,32.735261022996006,-117.11379371556417,27.927775375620808,74,108,12,11
1483233642808,32.73515285893645,-117.11374965297692,27.984455209511776,75,109,12,11
1483233642954,32.73512587465343,-117.11373861334444,27.993720198522553,75,109,12,11
