1616698754485,32.86033265428546,-117.2085395311944,32.70499817184544,36,76,7,11
1616698754802,32.86028081939717,-117.20845898167771,32.94657659366387,39,78,7,11
1616698754951,32.86026788944161,-117.20843885539944,33.01117020228019,40,78,7,11
1616698755066,32.860254999725825,-117.20841870887975,33.064343970191565,40,78,7,11
1616698755180,32.860242071995835,-117.20839858063434,33.12294088491708,41,78,7,11
1616698755306,32.86022912475422,-117.20837849512836,33.179961048186854,40,77,7,11
1616698755445,32.86021605652188,-117.20835819660574,33.24579911549103,40,76,7,11
1616698755616,32.86020316475845,-117.20833809754421,33.306541088143625,40,75,7,11
1616698755776,32.86015179628697,-117.20825841787335,33.52530495038177,39,73,7,11
1616698755907,32.86013897577888,-117.20823864983663,33.59815573352658,39,72,7,11
1616698756055,32.860126192911906,-117.2082189797893,33.6624918749168,40,73,6,11
1616698756177,32.86011343546435,-117.20819939248524,33.73721950127309,41,74,6,11
1616698756266,32.86010070277301,-117.20817985841842,33.8234574095368,43,76,12,14
1616698756497,32.86006381530907,-117.2081232969692,34.07030261447568,48,79,6,11
1616698756613,32.86005021030378,-117.20810245705522,34.169253888668074,50,81,0,13
1616698756698,32.86003768802526,-117.20808329796412,34.26043787632346,52,82,10,14
1616698756874,32.86002520242718,-117.20806421759966,34.35394904982949,54,84,9,14
1616698756996,32.86001276870309,-117.20804521789923,34.44937742707807,56,85,9,14
1616698757142,32.86000038139767,-117.20802627432347,34.55292517951121,57,87,8,14
1616698757224,32.85998805561516,-117.20800739086454,34.66153703386525,59,88,9,14
1616698757484,32.85993915540038,-117.20793271308533,35.10202109502159,68,94,10,14
1616698757606,32.859927035113444,-117.20791422639041,35.21246015878544,70,96,10,14
1616698757719,32.859914936026875,-117.20789585545968,35.316811864379986,73,97,10,14
1616698757863,32.859902939907165,-117.20787753314531,35.421179102028574,75,99,10,14
1616698757987,32.859890983188016,-117.20785926712193,35.538263893889635,77,101,10,14
1616698758100,32.85987911363914,-117.20784101817972,35.659273299747724,80,102,10,14
1616698758251,32.8598672822646,-117.20782283321067,35.77775272764675,82,104,10,14
1616698758406,32.859832181901076,-117.20776852579972,36.14729640164477,90,109,10,11
1616698758520,32.859820571596835,-117.20775053654718,36.2739481332722,93,111,10,11
1616698758640,32.859808973548596,-117.20773260418581,36.40630038832819,96,113,9,11
1616698758774,32.85979731306114,-117.20771473976674,36.538596016428926,97,114,9,11
1616698758947,32.859785693644,-117.20769692177157,36.66735114706917,97,116,8,11
1616698759080,32.85977408975852,-117.20767911973282,36.79581593153183,98,117,8,11
1616698759311,32.8597281737428,-117.20760834845139,37.34039233788448,104,124,6,11
1616698759460,32.85971681602143,-117.20759072383018,37.478691706887815,106,126,13,14
1616698759605,32.85970545108775,-117.20757317870797,37.61228104406739,108,127,13,14
1616698759718,32.85969408985735,-117.20755568564232,37.74348822253903,110,129,13,14
1616698759799,32.85968271148331,-117.2075382613734,37.8821131345591,112,130,13,14
1616698760090,32.8596380508998,-117.20746851592095,38.41023717602053,120,137,12,14
1616698760232,32.8596269355825,-117.20745120203362,38.54433703000292,122,138,13,14
1616698760346,32.859615847824784,-117.20743388209671,38.68872511185441,125,140,12,14
1616698760485,32.8596048035723,-117.20741659282746,38.828675151873796,127,141,12,14
1616698760689,32.85959375918119,-117.207399357291,38.97041928308979,130,143,6,11
1616698760890,32.859549669509754,-117.20733061610707,39.5481327814903,140,150,6,11
1616698761004,32.859538683038785,-117.20731347156382,39.69311369495672,143,152,6,11
1616698761104,32.85952768602566,-117.20729626896919,39.85960347193646,145,154,6,11
1616698761289,32.85951659121943,-117.20727927164157,40.006693952306,147,155,6,11
1616698761405,32.85950564358967,-117.20726219121373,40.13672341371983,149,157,6,11
1616698761521,32.85949473430877,-117.20724511760848,40.276555381486915,153,159,0,13
1616698761658,32.859483740198925,-117.20722804777819,40.426717798348335,155,160,9,14
1616698761887,32.85943996318935,-117.20715996786328,41.048796997734,168,168,0,13
1616698762000,32.859428911236556,-117.20714303006817,41.216745973854174,171,170,0,13
1616698762091,32.85941793353107,-117.20712607350266,41.37568591047397,174,172,0,13
1616698762206,32.85940696132812,-117.20710906068327,41.51731176957814,177,174,0,13
1616698762382,32.85939597975196,-117.20709211101074,41.64251558452935,180,176,0,13
1616698762557,32.85938504669511,-117.20707506545192,41.78227986922956,183,178,0,13
1616698762724,32.85937406949379,-117.20705804174285,41.91866018350407,187,180,0,13
1616698762902,32.85933039297468,-117.20698969112284,42.470181952724836,201,188,10,11
1616698763017,32.859319468259464,-117.20697261815135,42.6025304039464,202,190,10,11
1616698763112,32.85930849427929,-117.20695553595772,42.74161702064214,204,191,10,11
1616698763278,32.859297085348466,-117.20693856791877,42.888635490503745,200,193,9,11
1616698763404,32.859286313248234,-117.20692164782014,43.03952818263595,196,194,9,11
1616698763573,32.85927557892265,-117.20690487477677,43.18402285881749,188,194,9,11
1616698763688,32.8592641069189,-117.20688781384219,43.324859319366794,183,195,9,11
1616698763900,32.85921938877861,-117.20682008593936,43.909667544136845,169,199,9,11
1616698764010,32.859208093303245,-117.20680318818835,44.06018576456201,167,200,8,11
1616698764102,32.85919693662217,-117.20678634391714,44.20774961031565,165,201,8,11
1616698764273,32.85918593213998,-117.20676942545029,44.34758953095449,160,201,8,11
1616698764389,32.85917485896355,-117.20675258312039,44.48428100798454,159,201,8,11
1616698764615,32.85916363879617,-117.20673600991273,44.627046345274294,157,202,8,11
