3600049479641,32.68052792461003,-117.08619100781566,-5.257623151743419,80,128,15,11
3600049479798,32.680555011582314,-117.08620498951002,-5.3017974087985635,80,128,15,11
3600049479877,32.68058215089071,-117.08621899747543,-5.322965429205754,80,128,15,11
3600049479959,32.680609304358754,-117.08623299701402,-5.345301501487157,80,128,15,11
3600049480054,32.680636450773974,-117.08624699508357,-5.37287306489631,80,128,15,11
3600049480145,32.68066362161359,-117.08626099033434,-5.400921668221979,80,128,15,11
3600049480332,32.680690811271944,-117.08627496979959,-5.432512676333529,80,128,15,11
3600049480422,32.68071801750741,-117.0862889396343,-5.465665084164848,80,128,15,11
3600049480512,32.68074524467535,-117.08630291742807,-5.504382110990263,80,128,15,11
3600049480616,32.68077248082655,-117.0863169132475,-5.553113630548076,80,128,15,11
3600049480729,32.680799681499366,-117.0863309097728,-5.613999089448764,80,127,15,11
3600049480811,32.68082686884371,-117.08634490866777,-5.666840749447866,80,127,15,11
3600049480893,32.680854077059344,-117.08635887749985,-5.700124500545602,80,127,15,11
3600049480976,32.68088133743572,-117.0863728266549,-5.709136426079842,80,127,15,11
3600049481081,32.68090861584933,-117.08638677951836,-5.71427139535868,80,127,15,11
3600049481223,32.68093587861164,-117.0864007218912,-5.7342292299874185,80,127,15,11
3600049481355,32.68096311338345,-117.08641466395744,-5.758278739000105,80,127,15,11
3600049481439,32.680990389427855,-117.08642864720478,-5.774117903142935,80,127,15,11
3600049481529,32.68101768433577,-117.08644260888785,-5.7951781090674155,80,127,15,11
3600049481636,32.68104497060147,-117.08645657933845,-5.829087302995426,80,127,15,11
3600049481725,32.68107224270754,-117.08647055413235,-5.868408599451461,80,127,15,11
3600049481877,32.68109954661642,-117.08648452541772,-5.907532567720058,80,127,15,11
3600049481963,32.68112682390393,-117.0864984879939,-5.951676034796885,80,127,14,11
3600049482061,32.68115412042828,-117.08651241298833,-5.997653501710808,80,127,14,11
3600049482154,32.68118140753789,-117.08652635040458,-6.041927103188246,80,127,13,11
3600049482325,32.68120871820592,-117.08654028370528,-6.081724847186154,80,127,14,11
3600049482445,32.68123600037069,-117.0865541893298,-6.113687276667894,80,127,13,11
3600049482537,32.68126329959611,-117.08656810763534,-6.13817755422326,81,127,13,11
3600049482623,32.68129057438518,-117.0865819822041,-6.171339924622804,80,127,13,11
3600049482744,32.681317835498284,-117.086595824115,-6.205166942810198,81,127,12,11
3600049482834,32.68134508620395,-117.08660965402221,-6.239165532859456,81,127,13,11
3600049482916,32.68137230673076,-117.08662346473066,-6.2783306628223725,81,127,13,11
3600049482997,32.68139944829625,-117.08663723790801,-6.325932570092191,81,127,13,11
3600049483079,32.68142655604412,-117.08665093997114,-6.353269157939036,81,127,13,11
3600049483174,32.681453678471506,-117.08666460834104,-6.3465245498503045,81,127,13,11
3600049483281,32.68148075228116,-117.08667827741502,-6.341160689323896,81,127,13,11
3600049483464,32.68150770571952,-117.08669198741808,-6.355370977930375,81,127,13,11
3600049483568,32.68153456347851,-117.08670568001062,-6.375914071294124,81,127,13,11
3600049483652,32.68156137353384,-117.08671935804468,-6.383891697878858,81,127,13,11
3600049483769,32.68158815768356,-117.08673302806463,-6.380254049433217,81,127,13,11
3600049483848,32.68161488851018,-117.08674666643562,-6.3813939242047715,81,127,13,11
3600049483986,32.68164155501324,-117.0867602943607,-6.387280470711287,81,126,13,11
3600049484070,32.68166818284669,-117.08677392465574,-6.388582883487561,81,126,13,11
3600049484186,32.68169475574547,-117.08678749395618,-6.392153565311713,82,127,15,11
3600049484344,32.68180054140573,-117.08684199608545,-6.304437293042284,82,126,15,11
3600049484440,32.68182686990269,-117.08685563591489,-6.320327109945449,82,126,15,11
3600049484548,32.68185314188811,-117.08686933819398,-6.338350546754827,82,126,15,11
3600049484645,32.681879367647426,-117.08688308500025,-6.360078663689501,82,126,15,11
3600049484740,32.681905521462824,-117.08689688376644,-6.382417625438237,82,126,15,11
3600049484832,32.68193162297184,-117.08691075725731,-6.40503421783335,82,126,15,11
3600049484941,32.681957645009916,-117.08692468829022,-6.429955977264824,82,126,15,11
3600049485034,32.681983619399986,-117.08693868874711,-6.451864902328863,82,126,15,11
3600049485138,32.68200953720504,-117.08695274263512,-6.481923022108067,82,126,15,11
3600049485264,32.68203540340073,-117.08696684926856,-6.520389902908079,82,126,15,11
3600049485422,32.68206120912785,-117.08698102077814,-6.566311917286242,82,126,15,11
3600049485503,32.682086967052506,-117.08699529929213,-6.612675390813635,82,126,15,11
3600049485609,32.682112656253324,-117.08700965199704,-6.661927670625676,82,126,15,11
3600049485705,32.682138295766535,-117.08702409496561,-6.704463328030253,82,126,15,11
3600049485845,32.68216390521115,-117.08703865447899,-6.743745229627319,82,126,15,11
3600049485924,32.6821894623263,-117.08705331128246,-6.789039647601871,82,126,15,11
3600049486008,32.68221494951308,-117.08706806706175,-6.843539754390779,82,126,15,11
3600049486098,32.682240374956685,-117.08708293053438,-6.898602801722691,82,126,15,11
3600049486193,32.682265746389554,-117.08709791811084,-6.950348298615078,82,126,15,11
3600049486339,32.68229105802957,-117.08711301420006,-6.999478858035192,82,126,15,11
3600049486496,32.68231630748213,-117.08712820445416,-7.042608004301683,82,126,15,11
3600049486581,32.68234152237085,-117.08714350250906,-7.074286460460356,82,126,15,11
3600049486689,32.682366688841235,-117.08715888198962,-7.105865900951837,82,126,15,11
3600049486783,32.682391817476095,-117.08717434726628,-7.135536911613922,82,126,15,11
3600049486864,32.68241689927648,-117.08718986752488,-7.171731157290131,82,126,15,11
3600049486947,32.68244192748225,-117.08720547597538,-7.209521832351118,82,126,15,11
3600049487031,32.68246690531219,-117.08722118474697,-7.244744041063669,82,126,15,11
3600049487124,32.682491832816325,-117.08723698875222,-7.276784778753177,82,126,15,11
3600049487215,32.68251670200223,-117.08725289344572,-7.309850079639141,82,126,15,11
3600049487397,32.682541513696776,-117.08726893821502,-7.343831944336631,82,126,15,11
3600049487532,32.6825662486995,-117.08728508365444,-7.383117495792624,82,126,15,11
3600049487612,32.682590913243494,-117.08730133975999,-7.42581939105244,82,126,15,11
3600049487718,32.68261550776285,-117.0873177073744,-7.467215129196658,82,126,15,11
3600049487814,32.682640059041574,-117.08733419982016,-7.5001513897752465,82,126,15,11
3600049487956,32.68266452828903,-117.08735080873164,-7.54320432304401,82,126,15,11
3600049488034,32.68268894443923,-117.08736754435996,-7.579996524467956,82,126,15,11
3600049488120,32.68271329564185,-117.08738440400907,-7.62190814745461,82,126,15,11
3600049488210,32.68273757132999,-117.08740137360266,-7.670243107091527,82,126,15,11
3600049488374,32.68276176125826,-117.08741845357027,-7.718036805995326,83,126,15,11
3600049488503,32.682785899312165,-117.08743566879836,-7.751778278041108,83,126,15,11
3600049488608,32.682809969657534,-117.08745296867976,-7.786878028658612,83,126,15,11
3600049488690,32.68283397930792,-117.08747035439302,-7.819710598782963,83,125,15,11
3600049488794,32.68285795822513,-117.08748782824861,-7.847186432013839,83,126,15,11
3600049488892,32.682881891938834,-117.08750534243256,-7.882615206507242,83,126,15,11
3600049488972,32.682905769376525,-117.08752290836954,-7.920173612495327,84,126,15,11
3600049489060,32.68292960497828,-117.08754052554215,-7.953670023974377,84,126,15,11
3600049489142,32.682953404749746,-117.0875581920823,-7.978967499294486,84,126,15,11
3600049489232,32.68297717583831,-117.08757592776443,-7.995833780960652,84,125,15,11
3600049489336,32.68300092230957,-117.08759370444403,-8.015927910476243,84,125,15,11
3600049489464,32.68302460300857,-117.08761155251658,-8.051477010646906,84,126,15,11
3600049489554,32.683048200038954,-117.08762944281807,-8.090385338454501,84,126,15,11
3600049489637,32.68307173758248,-117.08764741637293,-8.115617798198043,84,126,15,11
3600049489744,32.68309523995098,-117.08766547374408,-8.115570221713442,84,126,15,11
