1616374696315,32.87511678181468,-117.19753764598573,76.41847527112871,26,58,13,11
1616374696464,32.87511677577725,-117.19753764409992,76.41825049194098,26,58,13,11
1616374696554,32.875116781663905,-117.19753763835628,76.41651529091966,26,57,13,11
1616374696719,32.87511678303575,-117.19753763974877,76.41609581905291,25,57,13,11
1616374696968,32.875116794368395,-117.1975376147258,76.41287689212695,25,56,13,11
1616374697133,32.87511679815549,-117.1975376064747,76.41146787948202,25,56,13,11
1616374697214,32.87511679655856,-117.1975376018783,76.41048397376936,25,56,13,11
1616374697382,32.87511679538017,-117.19753760100257,76.40961831223645,25,55,13,11
1616374697531,32.875116794336414,-117.19753757931535,76.4078771443999,24,54,13,11
1616374697707,32.87511679440191,-117.19753757594307,76.40737539169162,24,54,13,11
1616374697819,32.87511679150743,-117.19753757957999,76.40785900187257,24,54,13,11
1616374697933,32.875116790912585,-117.19753757235104,76.4078506960157,24,55,13,11
1616374698065,32.87511680059795,-117.19753756591449,76.40723427058666,24,55,13,11
1616374698201,32.87511679039293,-117.197537561144,76.40730997439951,25,55,13,11
1616374698345,32.875116793811394,-117.19753755779853,76.40642174320475,25,55,13,11
1616374698439,32.87511679345028,-117.19753754837606,76.40641354263758,25,55,13,11
1616374698604,32.875116795561276,-117.1975375510205,76.40658744202574,25,55,13,11
1616374698686,32.875116799553034,-117.19753755861939,76.40716822524544,25,56,13,11
1616374698831,32.8751167949907,-117.19753755375515,76.40789516054835,26,56,13,11
1616374698944,32.87511679574363,-117.19753754935535,76.4080702432634,26,56,13,11
1616374699089,32.87511679703357,-117.19753755313799,76.40860489730383,27,57,13,11
1616374699257,32.87511679226674,-117.19753755715281,76.40943204085158,27,58,13,11
1616374699408,32.87511679654582,-117.19753755875834,76.40945782710403,27,58,13,11
1616374699498,32.87511680131226,-117.19753755826626,76.40946910271157,27,58,13,11
1616374699665,32.87511680224847,-117.19753755809708,76.4091476746331,27,59,13,11
1616374699785,32.875116794397634,-117.19753757546299,76.40963681946819,27,59,13,11
1616374700041,32.87511679688181,-117.19753759739521,76.41061085240946,28,60,13,11
1616374700222,32.87511678758753,-117.19753759882543,76.41012348941769,28,60,13,11
1616374700305,32.875116793804075,-117.19753759287865,76.40863108511805,28,60,13,11
1616374700452,32.875116796008534,-117.1975375996045,76.40830056226548,27,60,13,11
1616374700544,32.875116798855295,-117.19753760461845,76.40732021920705,27,60,13,11
1616374700714,32.87511679759533,-117.1975376240452,76.40754047496698,27,60,13,11
1616374700955,32.87511679484367,-117.19753763567132,76.40354827180778,26,58,13,11
1616374701244,32.875116792608395,-117.19753763335433,76.40196007929539,26,58,13,11
1616374701395,32.87511679563805,-117.19753765567613,76.39937318268515,26,58,13,11
1616374701564,32.87511679904836,-117.19753765271663,76.3991136315108,26,58,13,11
1616374701677,32.875116806582405,-117.19753764741844,76.39846505133755,26,58,13,11
1616374701791,32.875116809412944,-117.19753765792295,76.39800257131932,26,58,13,11
1616374701905,32.875116809246116,-117.19753765366296,76.39750421317541,26,58,13,11
1616374702073,32.87511681254779,-117.19753765139383,76.39716355834697,26,58,13,11
1616374702227,32.87511682070298,-117.19753767244136,76.39404438955535,26,57,13,11
1616374702344,32.8751168273325,-117.19753766520796,76.39316898452363,25,57,13,11
1616374702485,32.875116835648555,-117.19753766621086,76.39243069018727,26,57,13,11
1616374702659,32.875116833507484,-117.19753766416653,76.39219223688649,26,57,13,11
1616374702771,32.875116837187065,-117.19753767196873,76.39190266969169,26,57,13,11
1616374703022,32.87511685793976,-117.19753766705242,76.39119743049018,26,58,13,11
1616374703155,32.87511686528715,-117.19753767139707,76.39123955324075,27,58,13,11
1616374703269,32.87511686788953,-117.19753766226084,76.39216200017117,27,59,13,11
1616374703381,32.87511686601348,-117.19753766208053,76.39313395180505,27,59,13,11
1616374703525,32.87511687172801,-117.19753765339169,76.39385117408683,28,60,13,11
1616374703689,32.87511687447886,-117.19753766027021,76.39391735499645,28,60,13,11
1616374703804,32.87511687674912,-117.19753766328932,76.39347672029307,28,60,13,11
1616374704035,32.875116889425115,-117.19753768206427,76.39037289458363,27,59,13,11
1616374704115,32.87511688270416,-117.19753768793028,76.39001474362492,26,58,13,11
1616374704283,32.87511688844738,-117.19753769687418,76.38860047629979,26,57,13,11
1616374704446,32.875116879862844,-117.19753769077471,76.38901201158629,26,57,13,11
1616374704534,32.87511687912902,-117.19753770283785,76.38969242597165,26,57,13,11
1616374704698,32.87511688333428,-117.19753770085828,76.38945835786525,26,57,13,11
1616374704813,32.875116878199115,-117.19753770143298,76.3902473872323,26,57,13,11
1616374705070,32.87511686154906,-117.1975377110195,76.39093345456047,26,57,13,11
1616374705149,32.875116860436,-117.19753772073534,76.39133545078828,26,57,13,11
1616374705355,32.87511685214387,-117.19753771831603,76.39241012587809,26,57,13,11
1616374705467,32.87511685579538,-117.1975377173696,76.39162256719663,26,57,13,11
1616374705563,32.87511685364814,-117.19753772641187,76.3918166145493,26,57,13,11
1616374705737,32.875116853275195,-117.1975377362657,76.39193539053166,26,57,13,11
1616374705851,32.87511685259662,-117.19753773424239,76.39143324607244,26,57,13,11
1616374706098,32.87511684218986,-117.19753774969156,76.39257456676518,26,58,13,11
1616374706210,32.87511683578224,-117.19753775068077,76.39323767008328,27,58,13,11
1616374706291,32.87511683247844,-117.1975377501579,76.39351416919058,27,58,13,11
1616374706442,32.8751168328801,-117.19753775004692,76.39323523434,27,59,13,11
