1616972710719,32.86406703112964,-117.23019679756187,61.384820428217694,63,101,0,13
1616972710843,32.86404002995106,-117.23019991557527,61.41097063158194,65,102,0,13
1616972710974,32.86401304977794,-117.2302030129429,61.435264150184025,67,104,0,13
1616972711168,32.86393432197744,-117.23021212618318,61.50172687231654,73,108,8,11
1616972711250,32.86390537954293,-117.23021545431892,61.526005955232115,76,110,7,11
1616972711363,32.86387852432377,-117.23021850424485,61.55554890414807,78,111,7,11
1616972711532,32.863851684154426,-117.23022148099703,61.58439496152156,81,113,7,11
1616972711646,32.863824881414196,-117.23022438311827,61.60404839918983,83,115,7,11
1616972711792,32.86379809682592,-117.23022723367646,61.62533777591873,85,116,7,11
1616972711912,32.86377133652773,-117.23023001949204,61.638637619155034,88,118,7,11
1616972712007,32.86374461609859,-117.23023277056795,61.645126278795225,91,119,7,11
1616972712117,32.86371793347457,-117.23023547468753,61.65295851564465,93,121,7,11
1616972712293,32.86363805581585,-117.2302432416155,61.69459690695278,101,126,11,11
1616972712403,32.86361150991618,-117.23024572700504,61.712138731909064,104,128,11,11
1616972712562,32.86358498732034,-117.2302482428199,61.73811957172447,105,129,11,11
1616972712674,32.86355851433447,-117.23025082655482,61.76368529631486,106,131,11,11
1616972712825,32.86353208102221,-117.2302534467148,61.78685504379296,107,133,11,11
1616972712938,32.86350567863133,-117.23025613277478,61.810616214943565,107,134,11,11
1616972713169,32.86340043259619,-117.2302669159095,61.902573816678284,108,140,11,11
1616972713340,32.86337426091826,-117.23026966163341,61.91658316547774,108,141,11,11
1616972713428,32.86334812428353,-117.23027239821565,61.93522516491517,108,142,13,11
1616972713583,32.86332192662378,-117.23027509502398,61.95708562919024,107,143,13,11
1616972713728,32.863295830837046,-117.23027778862196,61.978173878806665,106,144,13,11
1616972713877,32.863269788104034,-117.23028048251673,62.00505355934016,105,145,13,11
1616972713993,32.863243741270246,-117.2302832016028,62.023112593135636,104,146,13,11
1616972714182,32.8631399920789,-117.2302937938185,62.144503610035926,99,148,13,11
1616972714304,32.86311416520188,-117.23029640502543,62.171931774339555,98,148,13,11
1616972714417,32.863088395514744,-117.23029902645679,62.19428375868453,97,148,13,11
1616972714590,32.863062636239306,-117.23030160461035,62.21675806570023,96,149,13,11
1616972714704,32.86303691678665,-117.23030423425817,62.238173564673886,96,149,13,11
1616972714883,32.8630111694678,-117.23030683053702,62.250704630126705,95,150,13,11
1616972715090,32.862908946758964,-117.23031733164025,62.38816822107809,91,150,13,11
1616972715224,32.86288348580977,-117.23031997717418,62.42725045102128,91,150,13,11
1616972715383,32.86285792992982,-117.23032259326165,62.45207918094404,90,150,13,11
1616972715464,32.862832518608016,-117.23032522974843,62.48945586863712,89,150,13,11
1616972715620,32.862807158354514,-117.23032787861943,62.50967870858896,89,151,13,11
1616972715768,32.862781802693625,-117.23033047240706,62.53061817898796,89,151,13,11
1616972715988,32.86268063320865,-117.23034076413771,62.70082204537735,84,149,13,11
1616972716108,32.862655438709766,-117.2303432637693,62.719880973986605,84,149,13,11
1616972716211,32.86263027969115,-117.23034580102426,62.73716669990894,84,149,13,11
1616972716402,32.86260512407131,-117.23034835708458,62.751204773172645,83,149,13,11
1616972716522,32.86258003907776,-117.23035094797174,62.75544149497016,83,149,13,11
1616972716679,32.86255481293441,-117.23035356526417,62.765368550121536,83,149,13,11
1616972716887,32.86245477993122,-117.23036366118721,62.75501550520478,85,153,13,11
1616972716974,32.86242981729255,-117.23036606395536,62.753573346573454,86,154,13,11
1616972717179,32.862404714116614,-117.23036837046362,62.7543263873706,86,154,13,11
1616972717366,32.862379786841096,-117.23037057336963,62.76371593888102,87,155,13,11
1616972717479,32.86235489902915,-117.23037267656503,62.76821013337784,87,156,13,11
1616972717687,32.86225538973967,-117.23038091735368,62.712362695854885,88,159,13,11
1616972717807,32.86223066646402,-117.23038299974704,62.70245188923747,88,159,13,11
1616972717928,32.86220591515764,-117.23038517479321,62.6884017967671,88,160,13,11
1616972718016,32.862181143163326,-117.23038720731925,62.70058782959698,88,160,13,11
1616972718166,32.86215649348058,-117.23038929042734,62.731171363052255,86,158,13,11
1616972718341,32.86213188112725,-117.23039142871475,62.753377546666044,85,156,13,11
1616972718458,32.86210703263154,-117.23039353547489,62.75547859898782,85,156,13,11
1616972718695,32.86200870679622,-117.23040226088703,62.70298144718064,84,157,13,11
1616972718813,32.86198409869468,-117.23040446424685,62.68340448652901,84,157,12,11
1616972718925,32.86195947586868,-117.23040669805907,62.66434198303389,85,158,12,11
1616972719016,32.86193501410202,-117.23040905593331,62.655728679976356,84,158,12,11
1616972719222,32.861910476473575,-117.2304112404058,62.6530136419414,84,157,12,11
1616972719401,32.86188594559576,-117.23041349328932,62.65925855567333,84,157,12,11
1616972719515,32.861861402754094,-117.23041561347236,62.663017591736136,84,157,12,11
1616972719594,32.86183693135099,-117.23041781286935,62.69099418308174,82,155,12,11
1616972719753,32.861812425829115,-117.23041998405208,62.691410056132,82,155,12,11
1616972719797,32.861738975177325,-117.23042655594342,62.749630179348515,80,152,12,11
1616972719916,32.86171448982239,-117.2304287562308,62.76105896834291,80,151,12,11
1616972720006,32.86168999486654,-117.23043097245457,62.77198266873368,79,150,12,11
1616972720164,32.86166547756961,-117.23043323431456,62.777119033427184,78,149,12,11
1616972720344,32.861640967860424,-117.2304355357996,62.77301522103247,78,148,12,11
1616972720455,32.86161644454697,-117.23043787921638,62.784759474946206,77,147,12,11
1616972720688,32.86151800819189,-117.23044727897093,62.7811719914354,75,143,12,11
1616972720802,32.86149330938797,-117.23044964772701,62.778230421575145,74,142,12,11
