1612485288979,32.82468422332703,-117.25535195435342,130.10311097276838,87,131,15,11
1612485289064,32.82469620119504,-117.25535179832785,130.15432634783994,87,131,15,11
1612485289156,32.82470824803931,-117.25535163370877,130.20127503606403,87,131,15,11
1612485289312,32.824720331817836,-117.25535147832812,130.24362136698738,87,130,15,11
1612485289429,32.82473243749259,-117.2553512963243,130.28170109852425,87,130,15,11
1612485289515,32.82474454657946,-117.25535107291856,130.32102997665254,86,130,15,11
1612485289593,32.82475662184298,-117.25535079347047,130.3594322699637,86,129,15,11
1612485289729,32.82476863764495,-117.25535047766812,130.3940162610859,86,129,15,11
1612485289879,32.82478058014472,-117.25535007471333,130.42565910115394,86,129,15,11
1612485289987,32.82479244675798,-117.25534959218545,130.45517414621787,86,129,15,11
1612485290062,32.82480422214078,-117.2553490217937,130.48295377454755,86,128,15,11
1612485290156,32.82481589553354,-117.25534837434951,130.5071615914762,86,128,15,11
1612485290239,32.82482747702837,-117.255347676954,130.5244199585852,86,128,15,11
1612485290320,32.82483895678545,-117.25534687114676,130.53816494060615,85,127,15,11
1612485290493,32.82485032190477,-117.25534593244731,130.5544428379735,85,127,15,11
1612485290576,32.8248615734079,-117.25534488546435,130.56721068876215,85,127,15,11
1612485290657,32.82487272543753,-117.25534372314642,130.58006808853833,84,127,15,11
1612485290780,32.82488381086193,-117.25534242060003,130.58900928362957,84,126,15,11
1612485290875,32.824894735741964,-117.25534099246522,130.59311932631377,84,126,15,11
1612485290978,32.82490560494136,-117.25533937933646,130.5967976101982,83,126,15,11
1612485291064,32.82491642516171,-117.25533756708981,130.60550843542666,83,126,15,11
1612485291159,32.824927155684456,-117.25533555714578,130.6064897303985,83,126,15,11
1612485291242,32.824937839441844,-117.25533334140553,130.60041832522907,83,125,15,11
1612485291343,32.82494845515416,-117.25533093837336,130.59463209398015,83,125,15,11
1612485291444,32.82495903519696,-117.25532838703319,130.58693213960268,83,125,15,11
1612485291590,32.824969572191286,-117.25532565646671,130.58136994062522,83,125,15,11
1612485291669,32.82498006868483,-117.2553227047747,130.57793230866372,83,125,15,11
1612485291797,32.82499052687321,-117.25531951892592,130.57618532255003,83,125,15,11
1612485291944,32.825000937978295,-117.25531612558676,130.57446634100606,83,125,15,11
1612485292045,32.82501129462471,-117.25531248908892,130.56832980807513,83,124,15,11
1612485292133,32.82502160437686,-117.25530860040412,130.56429827912672,83,124,15,11
1612485292212,32.82503187885337,-117.25530446310778,130.5671669202604,83,124,15,11
1612485292302,32.82504211537856,-117.25530008224884,130.57428962087607,84,124,15,11
1612485292392,32.825052295211954,-117.25529546432567,130.5816063267869,84,124,15,11
1612485292493,32.82506240093384,-117.25529057326855,130.58681584289073,84,124,15,11
1612485292647,32.82507241417798,-117.25528539255079,130.59424963680766,84,124,15,11
1612485292735,32.82508229582482,-117.25527990376769,130.5999984333428,84,124,15,11
1612485292859,32.82509202807311,-117.25527410877896,130.60657991192056,84,124,15,11
1612485292952,32.82510157342903,-117.25526799783017,130.61424564979293,84,123,15,11
1612485293057,32.82511090439229,-117.25526163135893,130.61767559358285,84,123,15,11
1612485293150,32.82512000771212,-117.25525500449379,130.61998663420093,84,123,15,11
1612485293229,32.82512888800092,-117.255248133011,130.6297401303254,84,123,15,11
1612485293312,32.82513751285258,-117.25524101195522,130.64922391016967,85,123,15,11
1612485293402,32.825145821373546,-117.25523364108113,130.65842449648292,85,123,15,11
1612485293566,32.82515383592099,-117.25522604584754,130.66044840495684,85,123,15,11
1612485293650,32.82516159856589,-117.25521822231012,130.67128599953247,85,123,15,11
1612485293731,32.825169065337214,-117.2552101525377,130.68920899255517,85,123,15,11
1612485293843,32.82518989647622,-117.25518463153608,130.7092538912281,85,123,15,11
1612485293967,32.82519640564165,-117.25517563487733,130.71960926792897,86,123,15,11
1612485294059,32.825202734748274,-117.25516639844572,130.7316643525845,86,123,15,11
1612485294198,32.825208719616434,-117.2551568358217,130.74322658264956,89,125,15,11
1612485294294,32.82521406565801,-117.25514784633135,130.7510561951272,91,126,15,11
1612485294394,32.82521983852492,-117.25513758448709,130.76736305073854,94,128,15,11
1612485294483,32.825225389654626,-117.25512701404755,130.79033189694542,97,130,15,11
1612485294564,32.82523077132414,-117.25511615646771,130.81711372624903,100,131,15,11
1612485294683,32.82523596192158,-117.2551049985652,130.848622599858,104,133,15,11
1612485294775,32.8252409818609,-117.25509356393657,130.87986016049007,107,135,15,11
1612485294878,32.82524535843232,-117.25508304072287,130.90428398345415,110,137,15,11
1612485295011,32.825250065769175,-117.25507109449418,130.9291410965428,114,138,15,11
1612485295104,32.82525462414062,-117.25505889849816,130.95050597647324,117,140,15,11
1612485295197,32.825259032128535,-117.25504643635621,130.97150790385618,121,142,15,11
1612485295350,32.82526332005022,-117.25503368050913,131.00235229337025,125,144,15,11
1612485295452,32.82526752707135,-117.25502071048008,131.03201243311662,129,146,15,11
1612485295533,32.82527123307044,-117.25500884197896,131.05294891634958,133,148,15,11
1612485295614,32.82527522554201,-117.25499540155496,131.07430335754387,137,150,15,11
1612485295733,32.82527920742535,-117.25498174603987,131.10584619704903,141,152,15,11
1612485295881,32.82528312854404,-117.25496787485888,131.13295934743712,145,154,15,11
1612485295985,32.82528702362536,-117.254953764613,131.1699664543128,149,156,15,11
1612485296077,32.82529094712586,-117.25493946570099,131.20881877748587,154,158,14,11
1612485296162,32.825294467619045,-117.25492644122059,131.23766212972924,158,160,15,11
1612485296262,32.82529837960261,-117.254911775842,131.27233246993273,162,162,14,11
1612485296407,32.82530233029166,-117.25489694020601,131.31502176700593,167,165,14,11
1612485296514,32.825306270357125,-117.25488196646421,131.35103667086432,172,167,14,11
1612485296602,32.825310217956016,-117.2548668643802,131.38358447276488,177,169,14,11
1612485296680,32.825314201793546,-117.25485165287596,131.41796944163758,182,171,14,11
1612485296792,32.82531781571397,-117.25483789892745,131.44769326823126,186,173,14,11
1612485296912,32.82532187599116,-117.25482256814657,131.47733514434032,191,175,14,11
1612485297016,32.825326005310956,-117.25480718748683,131.51070155486607,196,178,14,11
1612485297102,32.82533021022736,-117.25479176214367,131.54777205356726,201,180,14,11
1612485297181,32.82533450173178,-117.25477630308504,131.584979055176,207,182,14,11
1612485297273,32.82533886060933,-117.25476081160616,131.61829767295444,212,185,14,11
1612485297417,32.825344388973946,-117.25474672888186,131.65592033047375,184,181,13,11
1612485297535,32.82534960099878,-117.25473231957294,131.68344748198624,167,178,13,11
1612485297619,32.825354671528146,-117.2547177064153,131.70749301888418,154,175,13,11
1612485297700,32.82535970002358,-117.25470297838514,131.72874767554885,144,173,13,11
1612485297823,32.82536474863657,-117.25468821676434,131.74705114933263,136,170,13,11
1612485297968,32.82536985943873,-117.25467345310183,131.76457377289307,130,168,13,11
1612485298071,32.825375027557754,-117.25465868864524,131.7826183407481,124,166,15,11
1612485298144,32.82538026180917,-117.25464395328544,131.7955448520693,120,164,15,11
1612485298235,32.82538551495766,-117.25462927157288,131.79807689444382,116,162,15,11
1612485298315,32.82539085696737,-117.25461467733709,131.7990331171037,113,160,15,11
1612485298410,32.82539630423241,-117.25460017192387,131.80300472217664,110,158,15,11
1612485298571,32.825401889610106,-117.25458578880186,131.81360245496253,107,157,15,11
1612485298654,32.825407588933444,-117.25457148472456,131.8230206518737,104,155,15,11
1612485298735,32.82541333133247,-117.25455749381365,131.82483442317857,102,153,15,11
1612485298862,32.82541915650637,-117.2545437048746,131.82491580307828,100,152,15,11
1612485298955,32.825425060705165,-117.2545301178228,131.8269065814481,98,151,15,11
1612485299065,32.82543101903373,-117.2545167217919,131.83271005845364,96,149,15,11
