1612483965538,32.80657424124327,-117.22310053889986,-26.3540031752841,83,123,10,11
1612483965722,32.806567333231264,-117.22309863526802,-26.35907418510385,83,123,9,11
1612483965833,32.8065606641456,-117.22309676674737,-26.365345144000965,83,123,9,11
1612483965905,32.806554214538,-117.2230949486178,-26.371435034273162,83,123,11,11
1612483965996,32.80654797308894,-117.22309319981478,-26.37869145736816,83,123,11,11
1612483966079,32.806541931598545,-117.22309151193473,-26.38614281944448,83,123,11,11
1612483966174,32.80653608220284,-117.2230898847882,-26.39347722952532,83,124,11,11
1612483966276,32.8065304117533,-117.22308829306927,-26.40165719738214,83,123,11,11
1612483966431,32.80652490943366,-117.22308674290636,-26.40721075767448,83,123,11,11
1612483966514,32.80651966365376,-117.22308526490363,-26.42186221182411,83,123,11,11
1612483966588,32.8065146143674,-117.22308383081253,-26.435878347170746,84,124,11,11
1612483966719,32.80650965339603,-117.22308243123882,-26.439758802218606,84,124,11,11
1612483966836,32.806504756838294,-117.22308103591924,-26.43937651381509,84,124,11,11
1612483966920,32.8064999073607,-117.22307968731899,-26.435955883148658,84,124,10,11
1612483967006,32.80649506010373,-117.223078380377,-26.397258819852276,84,124,13,11
1612483967091,32.80649025699887,-117.22307704857273,-26.33534946916365,84,124,13,11
1612483967196,32.80648569139932,-117.22307576487283,-26.300547624395854,84,124,12,11
1612483967338,32.80648140821208,-117.22307450023477,-26.299571595377163,85,124,12,11
1612483967417,32.80647721973486,-117.22307332274012,-26.315051424535245,85,124,12,11
1612483967511,32.80647310672244,-117.22307222024448,-26.355050893677202,85,124,12,11
1612483967597,32.806469083270315,-117.22307112924257,-26.417286455207293,85,124,11,11
1612483967795,32.8064651348184,-117.22307001159433,-26.48631515292293,85,124,12,11
1612483967914,32.806461180508535,-117.2230688874717,-26.514043243891212,85,124,12,11
1612483967985,32.80645719961917,-117.2230677495771,-26.49757526681849,85,124,12,11
1612483968083,32.806453224765924,-117.22306665883289,-26.482137081845956,85,124,12,11
1612483968163,32.80644927512075,-117.22306556476404,-26.485451743394478,85,124,13,11
1612483968266,32.806445324128596,-117.22306445566308,-26.50150666503166,85,124,13,11
1612483968422,32.80644132751114,-117.22306334134434,-26.51542136512926,85,124,13,11
1612483968501,32.80643727882431,-117.22306220373041,-26.52265382901778,85,124,13,11
1612483968583,32.806433169977424,-117.22306105164074,-26.526725963550195,86,124,13,11
1612483968653,32.806428994596146,-117.22305988034229,-26.53119192889713,86,124,13,11
1612483968823,32.80642474373118,-117.22305867669674,-26.53776688841267,85,124,13,11
1612483968904,32.806420424639924,-117.22305745985484,-26.544477160760824,85,124,13,11
1612483968985,32.806416022084484,-117.22305621197084,-26.551110369739366,85,124,13,11
1612483969101,32.80641153880904,-117.22305494839327,-26.554709696070468,85,124,13,11
1612483969194,32.806406964754686,-117.22305363928169,-26.55741470831813,85,124,13,11
1612483969376,32.80640230347909,-117.22305231158664,-26.56029933470262,85,124,15,11
1612483969453,32.80639752681458,-117.22305096158327,-26.56334951121349,84,124,15,11
1612483969534,32.80639265088061,-117.22304958835828,-26.564874230195763,84,124,15,11
1612483969616,32.80638767827197,-117.22304817216923,-26.565022446211803,84,124,15,11
1612483969689,32.8063826010208,-117.22304671172806,-26.564268176946253,84,124,15,11
1612483969910,32.80637742934599,-117.22304527800704,-26.564663321519376,84,124,15,11
1612483970000,32.806372163695634,-117.22304382107465,-26.565249135392357,84,124,15,11
1612483970070,32.806366816303594,-117.22304232095466,-26.567399638406272,84,124,15,11
1612483970164,32.806361387472855,-117.2230408136116,-26.56987604231437,84,124,15,11
1612483970259,32.806355895024005,-117.22303930925008,-26.571797726199097,84,124,15,11
1612483970357,32.806350392721654,-117.22303786532154,-26.57667929215193,84,124,15,11
1612483970507,32.806344874611135,-117.22303640669868,-26.580625786129385,84,124,15,11
1612483970588,32.80633939594152,-117.22303496330065,-26.580541480282164,84,124,15,11
1612483970670,32.80633398522165,-117.22303364196478,-26.584052576470445,83,124,15,11
1612483970759,32.8063286835809,-117.22303238030075,-26.588362762394283,83,124,15,11
1612483970915,32.806323521687816,-117.22303120940713,-26.588558353845357,83,124,15,11
1612483971007,32.806318490577446,-117.22303008375943,-26.586333996614233,83,124,15,11
1612483971080,32.80631363894329,-117.22302909511289,-26.586618734648017,83,124,15,11
1612483971177,32.806308988342884,-117.22302820021223,-26.590279373781716,83,124,15,11
1612483971261,32.80630454885938,-117.2230273647056,-26.591644366805948,83,123,15,11
1612483971378,32.80630032750143,-117.22302657530534,-26.589159292480772,83,123,15,11
1612483971463,32.80629631729608,-117.2230258701184,-26.584996830536795,83,123,15,11
1612483971611,32.80629253772093,-117.2230252833282,-26.58853009987588,83,123,15,11
1612483971635,32.80628256072576,-117.22302375342547,-26.588096545085104,83,123,15,11
1612483971743,32.8062797293143,-117.2230233666712,-26.586725877533954,83,123,15,11
1612483971847,32.806277156807155,-117.22302301799247,-26.585858445689546,83,124,15,11
1612483971936,32.8062748503809,-117.22302268623292,-26.587089071842698,83,124,15,11
1612483972041,32.80627278666948,-117.22302239439952,-26.58705511688716,83,124,15,11
1612483972158,32.80627095807657,-117.22302215179695,-26.586405065157845,84,124,15,11
1612483972256,32.8062693478308,-117.22302193125593,-26.586539074293068,83,123,14,11
1612483972341,32.80626793270384,-117.22302173628492,-26.586439193774616,84,124,14,11
1612483972490,32.80626666871214,-117.22302156998191,-26.586304802832093,84,124,14,11
1612483972562,32.806265450671894,-117.223021392953,-26.588612112984,84,124,14,11
1612483972719,32.80626422773931,-117.22302122311693,-26.590128549426083,84,124,14,11
1612483972809,32.806262987317716,-117.22302103646756,-26.590613839847517,84,124,14,11
1612483972892,32.80626171426944,-117.2230208480466,-26.591623565851616,84,124,14,11
1612483972976,32.80626037614297,-117.22302065212565,-26.593916201958663,84,124,14,11
1612483973071,32.8062589365001,-117.2230204351867,-26.596985085986578,84,124,14,11
1612483973176,32.80625734952238,-117.22302020916192,-26.599276728577564,84,124,14,11
1612483973267,32.806255584417826,-117.22301995820649,-26.601590883580183,84,124,14,11
1612483973422,32.80625361444133,-117.22301967512331,-26.605590446547343,84,124,14,11
1612483973505,32.80625141592411,-117.22301934650176,-26.60890597721399,84,124,14,11
1612483973647,32.80624899015033,-117.22301899144603,-26.61228898487938,84,124,15,11
1612483973805,32.806246327227456,-117.2230185854196,-26.616000774460822,84,124,15,11
1612483973895,32.806243429632914,-117.22301813049165,-26.62154491092915,84,124,15,11
1612483973969,32.80624028543696,-117.22301762087912,-26.62761616520368,84,124,15,11
1612483974065,32.806236908833725,-117.2230170738766,-26.634199061491273,84,124,15,11
1612483974146,32.80623328127489,-117.2230164552815,-26.63891870502439,84,123,15,11
1612483974265,32.80622941678656,-117.2230157650953,-26.644220703052287,84,124,15,11
1612483974346,32.80622530676573,-117.22301501469562,-26.650249930920058,84,124,15,11
1612483974492,32.80622094685277,-117.22301421397891,-26.652553125506977,84,124,15,11
1612483974576,32.806216377565804,-117.22301335717158,-26.657740062673255,83,124,15,11
1612483974646,32.80621158432068,-117.22301241538997,-26.663290037799612,84,124,15,11
1612483974797,32.80620653930739,-117.22301139959607,-26.663268642313593,83,123,15,11
1612483974887,32.80620129596846,-117.22301031278973,-26.666848437120642,83,123,15,11
1612483974984,32.80619585457853,-117.22300916891363,-26.679012825151908,83,123,15,11
1612483975077,32.80619019946154,-117.22300798111345,-26.692516013386822,83,123,15,11
1612483975158,32.80618432766247,-117.2230067565836,-26.702942573585034,84,123,15,11
1612483975290,32.80617824955313,-117.2230055041725,-26.714658154532216,84,123,15,11
1612483975411,32.806171988596745,-117.22300417032272,-26.728245639332766,84,123,15,11
1612483975506,32.806165505790126,-117.22300279601627,-26.73614106825325,84,123,15,11
1612483975587,32.806158849995676,-117.22300139057012,-26.747957999452694,84,123,15,11
1612483975660,32.80615203350133,-117.2229999613726,-26.763168289756447,84,123,15,11
1612483975864,32.80614505912217,-117.22299846413782,-26.772555672620822,84,123,15,11
