1616280953655,32.87740788043146,-117.22958452943175,61.63057673610035,60,106,9,11
1616280953769,32.87739497562808,-117.22958839891567,61.642799542295286,60,106,9,11
1616280953881,32.87738218555893,-117.22959230131043,61.6603740711819,60,106,9,11
1616280954017,32.87736942049724,-117.22959627698702,61.68263941602202,59,105,9,11
1616280954132,32.87735669000531,-117.22960029904588,61.70543914724979,59,105,9,11
1616280954251,32.87734400501029,-117.22960432562677,61.72478416478701,58,104,9,11
1616280954400,32.87733134179751,-117.2296084046615,61.747900478370745,57,103,9,11
1616280954544,32.877293578062336,-117.22962110067175,61.78772893810297,58,103,10,11
1616280954661,32.87728113804731,-117.2296254228967,61.79201504601278,58,104,10,11
1616280954774,32.87726868158884,-117.22962980492437,61.81315047672384,59,105,9,11
1616280954884,32.877256283978724,-117.22963421497778,61.837109221444415,59,105,10,11
1616280955020,32.87724389676054,-117.22963877358151,61.850753961140434,59,105,10,11
1616280955135,32.87723164718605,-117.2296433463606,61.86862105744848,60,106,10,11
1616280955259,32.87721942680314,-117.22964798594313,61.88933043004684,60,106,10,11
1616280955406,32.87720733205779,-117.22965274735228,61.903693690450794,60,107,10,11
1616280955491,32.87719528674113,-117.22965745837332,61.92925361069495,60,107,10,11
1616280955670,32.87715937120326,-117.22967242232404,62.03106955416744,60,107,10,11
1616280955791,32.87714757083956,-117.22967749329699,62.06202772869846,60,107,10,11
1616280955904,32.87713591268691,-117.22968275288017,62.076502512501754,60,107,10,11
1616280956040,32.87712431731344,-117.22968809730696,62.09565675368618,60,107,10,11
1616280956155,32.87711278050576,-117.22969351694982,62.11910266975512,59,107,10,11
1616280956279,32.877101242058345,-117.22969901965969,62.14207671471898,58,106,10,11
1616280956549,32.877056039841705,-117.22972135008676,62.28489955313828,54,101,10,11
1616280956667,32.87704483170148,-117.2297270151437,62.329856041466165,53,100,10,11
1616280956780,32.87703363741158,-117.22973270505673,62.353329886510515,53,100,10,11
1616280956896,32.87702259171793,-117.2297383202177,62.36162252498153,54,101,10,11
1616280957032,32.8770116044974,-117.22974394555693,62.371053211140946,54,101,10,11
1616280957146,32.87700063425612,-117.22974955535796,62.39132804749898,55,102,10,11
1616280957274,32.87698967230465,-117.22975516330696,62.417420336091254,55,102,10,11
1616280957548,32.87694628035192,-117.22977729400662,62.51877345091819,54,102,10,11
1616280957718,32.8769355535569,-117.22978267596294,62.54609430238546,54,102,10,11
1616280957831,32.87692488638651,-117.22978800909736,62.56972981446699,54,102,10,11
1616280957944,32.87691423769407,-117.22979327019398,62.59662813124355,54,102,10,11
1616280958077,32.87690358244101,-117.22979846997644,62.62048194933224,54,102,10,11
1616280958192,32.876893063546845,-117.22980353042904,62.64206012390471,54,103,10,11
1616280958323,32.87688260587344,-117.2298085152268,62.66006874397375,55,103,10,11
1616280958543,32.876841105562306,-117.22982752589074,62.780477485229675,53,102,10,11
1616280958663,32.87683088766799,-117.22983206726656,62.812532553189534,52,100,10,11
1616280958813,32.87682072501336,-117.22983643295356,62.84520277953855,51,99,10,11
1616280958934,32.87681062699335,-117.22984068584336,62.87332935365101,50,98,10,11
1616280959069,32.87680056361659,-117.22984485356406,62.91047742644158,49,97,11,11
1616280959182,32.876790543319736,-117.22984893246097,62.955252309145,48,96,11,11
1616280959311,32.87678056761428,-117.22985276816532,62.9878196848622,48,95,11,11
1616280959549,32.87674135571882,-117.22986700662038,63.13766405474558,45,90,11,11
1616280959758,32.87673172872729,-117.2298702585062,63.166515998616354,44,89,11,11
1616280959872,32.876722184056106,-117.22987341757812,63.18750294220025,44,88,11,11
1616280959982,32.87671271205578,-117.22987644922024,63.21217448940577,44,87,11,11
1616280960117,32.87670330823934,-117.22987935088275,63.238042751966915,44,87,11,11
1616280960232,32.87669401285436,-117.22988218851667,63.26702184387577,44,85,11,11
1616280960436,32.87665755010065,-117.22989225220851,63.37832503975763,43,82,11,11
1616280960580,32.87664865315878,-117.22989449006295,63.40339133905078,43,82,11,11
1616280960693,32.87663983198716,-117.22989663861966,63.42125033247664,43,82,11,11
1616280960809,32.87663109587292,-117.22989868910342,63.44449691782763,44,82,11,11
1616280960926,32.87662251864917,-117.22990067892779,63.47629442443374,43,81,11,11
1616280961061,32.876613986022136,-117.22990257041668,63.5043299982732,43,81,11,11
1616280961172,32.87660551986326,-117.22990437082694,63.53449263966961,44,81,11,11
1616280961337,32.876597160697955,-117.22990605474729,63.56613014689144,44,81,11,11
1616280961549,32.876564676885934,-117.22991190842373,63.64085683499493,47,81,11,11
1616280961725,32.876556782338426,-117.22991316394378,63.66014240737789,47,82,11,11
1616280961836,32.876548992190166,-117.22991434742838,63.678794197530024,48,82,11,11
1616280961951,32.87654131987265,-117.22991545539992,63.697457930403154,49,83,11,11
1616280962085,32.87653382187258,-117.2299164950482,63.716785027531195,50,83,11,11
1616280962198,32.87652644369331,-117.22991742962928,63.73473195875185,50,83,11,11
1616280962453,32.87649850942366,-117.22992064166147,63.82222776462053,53,85,11,11
1616280962608,32.876491917272794,-117.22992124532193,63.83630301798567,55,86,11,11
1616280962724,32.87648567820961,-117.22992194946995,63.85201057969069,54,86,10,11
1616280962838,32.87647955820624,-117.22992256798314,63.86734839298017,54,86,10,11
1616280962950,32.876473586526274,-117.22992313598905,63.88267800093316,54,86,10,11
1616280963085,32.8764677730982,-117.22992363388349,63.901620275782825,55,87,10,11
1616280963199,32.87646220916334,-117.22992413874756,63.92115376428056,55,87,10,11
1616280963415,32.876441583879114,-117.22992573358101,63.981255293353364,58,89,9,11
1616280963599,32.87643680893135,-117.22992609487615,63.9949064991798,58,90,10,11
1616280963776,32.87643215711983,-117.22992641754028,64.00916377732469,60,91,10,11
