1631736067048,32.87686472402935,-117.22979675793707,63.88719105101785,88,208,12,11
1631736067172,32.87685530258628,-117.22980061961124,63.90302021156202,87,206,12,11
1631736067309,32.87684590585127,-117.229804307546,63.92267620005549,85,205,12,11
1631736067422,32.8768366255492,-117.22980800329441,63.932795148544194,84,204,12,11
1631736067677,32.876799945448774,-117.22982150279414,64.00243044564715,84,204,12,11
1631736067782,32.876790789050936,-117.22982469278689,64.01891393298173,84,204,12,11
1631736067927,32.87678178586959,-117.22982771254011,64.03714453909907,83,203,12,11
1631736068046,32.87677287183689,-117.22983076232806,64.05169909105595,82,203,12,11
1631736068158,32.87676397670231,-117.22983369976723,64.06697315192369,81,202,12,11
1631736068308,32.87675514211345,-117.2298366019557,64.08007989071201,79,200,12,11
1631736068422,32.87674633179316,-117.22983942322372,64.09718233266025,78,198,13,11
1631736068588,32.87672029610335,-117.22984753636018,64.1364758547589,75,195,13,11
1631736068721,32.87671169111138,-117.22985015788905,64.13990966394377,73,193,13,11
1631736068808,32.876703153014915,-117.22985285489273,64.14667385763939,71,190,13,11
1631736068954,32.87669468842705,-117.22985537928263,64.16031440996419,70,188,13,11
1631736069067,32.87668629453161,-117.22985787144817,64.17352976979127,69,185,13,11
1631736069179,32.8766779486577,-117.22986040752986,64.17465632453334,66,181,13,11
1631736069324,32.876669739656535,-117.22986294392642,64.17396673028584,63,175,13,11
1631736069445,32.87666158963075,-117.22986542589163,64.16879096438481,62,172,13,11
1631736069585,32.87663774249782,-117.22987260247389,64.1600710153684,57,161,13,11
1631736069718,32.876629911338355,-117.22987490055912,64.16713516814292,56,159,13,11
1631736069839,32.87662216080415,-117.22987718930942,64.17585098789398,55,158,13,11
1631736069951,32.87661454772465,-117.22987946947747,64.18821885434815,54,155,13,11
1631736070065,32.876606998980456,-117.2298817464687,64.19131282163868,53,153,13,11
1631736070178,32.876599511704214,-117.22988398197529,64.19665134360012,52,150,13,11
1631736070310,32.876592107324875,-117.22988617616623,64.19925675013296,51,148,13,11
1631736070469,32.87657044430871,-117.22989262820569,64.20878323846108,50,144,13,11
1631736070672,32.87656340326139,-117.22989471397148,64.21556671450902,50,144,13,11
1631736070815,32.87655638648998,-117.22989678258935,64.22046268864362,50,143,12,11
1631736070901,32.876549446683754,-117.22989878368858,64.22608141619486,50,142,12,11
1631736071045,32.87654259479764,-117.22990074731379,64.22714738371825,50,142,12,11
1631736071159,32.87653581601625,-117.2299026779759,64.22850619244646,49,140,12,11
1631736071380,32.876509408016936,-117.22990989638652,64.24926418100554,49,137,12,11
1631736071548,32.87650306945165,-117.22991156411291,64.25852104236428,49,137,12,11
1631736071664,32.87649690119408,-117.22991314061754,64.26377243246193,50,138,12,11
1631736071799,32.876490887008515,-117.22991466024193,64.26409536547145,51,138,12,11
1631736071916,32.87648502090966,-117.22991609359553,64.26428874517856,52,139,12,11
1631736072035,32.87647931311456,-117.22991746043701,64.26746131711343,53,140,12,11
1631736072160,32.8764737713216,-117.2299187673598,64.2709399248257,54,141,12,11
1631736072271,32.87646839056147,-117.22991997802491,64.27606944228414,55,142,11,11
1631736072462,32.87644838492802,-117.22992429891724,64.29213924349128,60,145,9,11
1631736072680,32.87644373365643,-117.22992525363323,64.29589476154862,61,146,8,11
1631736072818,32.876439212170595,-117.229926160174,64.30010172244157,62,147,8,11
1631736072935,32.87643482449593,-117.2299270442734,64.3042532856713,64,147,7,11
1631736073026,32.87643056041574,-117.22992786717903,64.31140193659758,64,147,7,11
1631736073171,32.87642642630107,-117.22992866037755,64.31853057307809,64,146,7,11
1631736073320,32.87641102527846,-117.22993157864866,64.34105123728025,62,140,5,11
1631736073450,32.876407415305714,-117.22993223842865,64.34724777091172,62,139,5,11
1631736073660,32.87640391033515,-117.22993286983701,64.35211153989422,63,140,5,11
1631736073796,32.876400485340675,-117.22993347049503,64.35906013374546,64,140,5,11
1631736073921,32.8763971491926,-117.22993405963751,64.36208162326719,66,141,5,11
1631736074043,32.87639391582342,-117.22993461764754,64.36223421556575,68,142,6,9
1631736074156,32.876390791910936,-117.229935160604,64.36255745563506,71,144,6,9
1631736074355,32.87637950798468,-117.22993713908733,64.3670867589333,80,150,0,13
1631736074460,32.87637690769471,-117.22993759881895,64.36845728838675,83,152,0,13
1631736074649,32.87637442020182,-117.22993804594323,64.36731289450863,86,154,0,13
1631736074823,32.876372046533575,-117.22993848671972,64.3688288423424,89,156,0,13
1631736074913,32.87636979515524,-117.22993889573594,64.37053302845874,92,157,0,13
1631736075041,32.87636766116016,-117.22993928667083,64.37109757818708,94,159,0,13
1631736075107,32.876361948465586,-117.22994035892832,64.37093095681412,104,165,0,13
1631736075220,32.876360281866745,-117.22994071462695,64.36898619126237,107,167,0,13
1631736075376,32.87635872486481,-117.22994104688051,64.36491051988742,110,169,0,13
1631736075553,32.8763572484823,-117.22994134606881,64.3606125688124,113,170,0,13
1631736075696,32.8763558152622,-117.22994163566145,64.35616426100138,117,172,0,13
1631736075839,32.87635441196068,-117.22994194438094,64.35182120179388,120,174,0,13
1631736075927,32.876353031882374,-117.22994226726472,64.34897332285128,124,177,0,13
1631736076162,32.8763477092312,-117.22994352664666,64.34154320138408,138,184,6,11
1631736076243,32.87634640380142,-117.22994381409383,64.33976671757249,142,186,6,11
1631736076367,32.876345094158474,-117.22994414050234,64.33754605335368,145,188,6,11
1631736076553,32.87634381240128,-117.22994446821738,64.33725108929501,149,190,6,11
1631736076753,32.8763425642663,-117.22994479234049,64.33704225706903,153,192,6,11
1631736076921,32.87633737962071,-117.22994624586566,64.33960574858554,167,199,6,11
1631736077074,32.8763360247453,-117.22994671287994,64.33945787502901,171,201,6,11
