1611352492276,32.88166107787499,-117.2207044500445,77.29058321790558,87,135,13,11
1611352492355,32.88165715000245,-117.22071057570655,77.29614681120484,86,135,13,11
1611352492438,32.88165327568321,-117.2207167194869,77.2991295398301,85,134,13,11
1611352492532,32.88164939301932,-117.22072286933299,77.29984765370581,85,134,13,11
1611352492723,32.88164550236347,-117.22072902926077,77.29944925955722,84,133,13,11
1611352492834,32.88164161491805,-117.22073522203173,77.29916713039677,84,133,13,11
1611352492920,32.8816377312008,-117.22074147040502,77.29840894656624,83,132,13,11
1611352493003,32.881633842054626,-117.22074776767113,77.29744209513622,83,132,13,11
1611352493097,32.88162995813176,-117.22075412340045,77.29446787354462,82,131,13,11
1611352493181,32.881626063178324,-117.22076054731721,77.29087112134006,82,131,13,11
1611352493350,32.881622119076674,-117.22076703272454,77.28794953708628,81,130,13,11
1611352493445,32.881618159631024,-117.22077362229312,77.28579775829645,81,130,13,11
1611352493529,32.88161419559673,-117.22078033022142,77.28386212529017,81,130,13,11
1611352493614,32.88161017973871,-117.22078714017543,77.28203137348746,80,129,13,11
1611352493688,32.88160612492129,-117.2207940491726,77.28239855016795,80,129,13,11
1611352493802,32.88160203177281,-117.22080107678451,77.27917824152168,80,129,13,11
1611352493871,32.88159791137061,-117.22080822198785,77.27389866159038,80,128,13,11
1611352494010,32.88159372682281,-117.22081548125053,77.27206542602308,79,128,13,11
1611352494199,32.8815766277089,-117.22084570845006,77.26935888760103,79,127,12,11
1611352494290,32.8815722617353,-117.22085354374981,77.2698758939432,79,127,12,11
1611352494393,32.88156787760822,-117.22086148848435,77.26948647893704,79,127,12,11
1611352494534,32.881563484594174,-117.22086951296198,77.2678121609935,78,126,12,11
1611352494655,32.8815590893286,-117.22087756874618,77.2676118761799,78,126,12,11
1611352494738,32.8815547269853,-117.22088564770591,77.2654936157888,78,126,12,11
1611352494821,32.88155039906206,-117.22089374724787,77.26463642368192,78,126,12,11
1611352494911,32.88154609821003,-117.2209018719474,77.2658225215478,78,125,12,11
1611352494992,32.88154181857652,-117.22091000429822,77.267693230637,78,125,12,11
1611352495170,32.88153758612383,-117.22091817817612,77.27010595260383,78,125,12,11
1611352495303,32.88153337328171,-117.22092635169817,77.27254156980042,78,125,12,11
1611352495383,32.8815291440358,-117.22093453839497,77.27504630786855,78,125,12,11
1611352495465,32.88152493483572,-117.22094275932554,77.2780263305676,78,125,12,11
1611352495540,32.88152073377821,-117.22095104261527,77.2835252050473,78,124,12,11
1611352495658,32.88151654677584,-117.22095934800916,77.28199336689188,78,124,12,11
1611352495737,32.88151233595024,-117.22096767745896,77.27839594095023,78,124,12,11
1611352495820,32.881508133938055,-117.22097602185146,77.2681798686212,78,124,12,11
1611352495901,32.8815039267714,-117.22098441033337,77.25886824708502,78,124,12,11
1611352495990,32.881499716444544,-117.22099285067415,77.25320546531113,78,124,12,11
1611352496160,32.881495502103434,-117.22100129269612,77.25086481438578,78,124,12,11
1611352496250,32.88149130455467,-117.2210097791917,77.25027469052198,78,123,12,11
1611352496338,32.8814871219661,-117.22101831128398,77.247671571736,78,123,12,11
1611352496424,32.88148294156796,-117.22102684092614,77.24683619402377,78,123,12,11
1611352496554,32.88147879429413,-117.2210353754165,77.24356261234225,78,123,12,11
1611352496666,32.88147467359354,-117.22104391848421,77.2387325402288,78,123,12,11
1611352496738,32.88147060646559,-117.22105247940165,77.22770947049769,78,123,12,11
1611352496942,32.881466585950264,-117.2210610480121,77.2165355844528,78,123,12,11
1611352497023,32.88146260592649,-117.22106966030891,77.2058970486647,78,123,12,11
1611352497104,32.88145865209556,-117.22107824711976,77.19795843805011,78,123,12,11
1611352497267,32.881454747724895,-117.22108685417544,77.1905643599526,78,123,12,11
1611352497358,32.881450901088506,-117.22109550217401,77.18459853264025,78,123,12,11
1611352497441,32.88144712229933,-117.22110416228516,77.17673707841179,78,122,12,11
1611352497526,32.88144340992816,-117.22111285055374,77.16714822829701,78,122,12,11
1611352497610,32.881439741334894,-117.22112158802824,77.15720725259217,78,122,13,11
1611352497722,32.88143616288394,-117.2211303336711,77.14911420484947,78,122,13,11
1611352497812,32.88143266990587,-117.22113913761348,77.14331090228053,78,122,13,11
1611352497901,32.881429232242745,-117.22114798139049,77.14129230054388,78,122,13,11
1611352497993,32.881425847556585,-117.22115686269309,77.13843911988042,78,122,13,11
1611352498069,32.881422544439616,-117.22116581337451,77.13928938693435,78,122,13,11
1611352498254,32.881419291459075,-117.22117483974458,77.1368798654529,78,122,13,11
1611352498335,32.88141611445892,-117.22118389032178,77.13362538836157,78,122,13,11
1611352498418,32.88141300658804,-117.2211930056145,77.12929606078931,78,122,13,11
1611352498543,32.881409979726335,-117.22120221653385,77.12099848679925,78,122,13,11
1611352498671,32.88140704646612,-117.22121148113644,77.11074366867655,78,122,13,11
1611352498837,32.88140419249135,-117.22122081799498,77.09943025644999,78,122,13,11
1611352498973,32.881401420399335,-117.22123026435217,77.08219717734687,78,122,13,11
1611352499055,32.88139875914886,-117.22123974399761,77.06252912111881,78,122,13,11
1611352499195,32.88138945620183,-117.2212783744664,76.97800941554296,78,122,13,11
1611352499294,32.881387507619955,-117.2212882135464,76.9560725928195,78,122,13,11
1611352499392,32.881385691332966,-117.22129809242232,76.92852495428907,78,122,13,11
1611352499479,32.88138401720029,-117.22130803997379,76.90226196789436,78,122,13,11
1611352499593,32.88138248001456,-117.22131805776326,76.87938180533838,79,122,13,11
1611352499703,32.881381087004414,-117.22132814364677,76.8619690757439,79,122,13,11
1611352499860,32.88137986203679,-117.22133828412944,76.84530696805746,79,122,13,11
1611352499941,32.88137874404553,-117.22134848474202,76.82942095673243,79,122,13,11
1611352500022,32.88137776009779,-117.2213587379061,76.81027016795568,80,122,13,11
1611352500189,32.88137691134998,-117.22136906331399,76.79553073328805,80,122,13,11
1611352500277,32.88137615255198,-117.22137944527807,76.77728098631859,80,122,13,11
1611352500359,32.88137551825604,-117.22138990406422,76.76070317120006,80,122,13,11
1611352500446,32.88137499752967,-117.22140044638505,76.74414562534767,80,122,12,11
1611352500578,32.88137457710607,-117.22141106734458,76.72757203763038,80,122,12,11
1611352500689,32.8813742355696,-117.22142176742068,76.71047865395147,81,122,12,11
1611352500770,32.88137400199164,-117.22143254398414,76.69068555081519,81,122,12,11
1611352500862,32.88137387903756,-117.22144340727058,76.67218355466282,81,122,12,11
1611352500995,32.88137387386222,-117.22145435986845,76.65447771452888,81,122,12,11
1611352501073,32.881373985024325,-117.2214653867212,76.63607935623158,82,122,12,11
1611352501254,32.881374228557114,-117.22147649231582,76.6166141484854,81,122,12,11
1611352501338,32.881374600141285,-117.22148767064442,76.59423264638905,82,122,12,11
1611352501418,32.881375085170234,-117.22149893201113,76.576020220033,82,122,12,11
1611352501506,32.88137569435381,-117.22151026696568,76.55679369573782,82,122,12,11
1611352501577,32.88137644316252,-117.22152167660329,76.53681839685812,82,122,12,11
1611352501692,32.881377322279796,-117.22153314839187,76.51443500023252,82,122,12,11
1611352501773,32.881378324404984,-117.22154468186696,76.49163129205125,82,122,12,11
1611352501855,32.88137945734828,-117.22155626387304,76.46604758897553,83,122,12,11
1611352501993,32.88138071898104,-117.22156788351796,76.44037875489805,83,122,12,11
1611352502071,32.88138209599697,-117.22157953169628,76.41576368475992,83,122,12,11
1611352502234,32.88138355782398,-117.22159120892069,76.39444346068574,83,122,12,11
1611352502324,32.88138513199104,-117.22160287672563,76.37312226421962,83,122,12,11
1611352502407,32.881386808597405,-117.22161449061596,76.35006734629975,83,122,12,11
