4925062698981,32.88065593198846,-117.22894121721063,69.02602301661967,108,161,14,11
4925062699195,32.88064528425688,-117.22893956954553,69.00457731540978,107,160,14,11
4925062699286,32.88063466725859,-117.2289380762252,68.98690234280053,106,159,14,11
4925062699382,32.88062400538361,-117.22893680335562,68.96916626108255,105,158,14,11
4925062699472,32.880613272847185,-117.22893571760369,68.95124486063004,105,158,14,11
4925062699560,32.88060246386804,-117.2289348256891,68.9405312537306,104,157,14,11
4925062699652,32.88059156136786,-117.2289340778916,68.93294915761139,103,156,15,11
4925062699745,32.88058057515712,-117.22893346743813,68.9248236349387,102,155,15,11
4925062699893,32.880569522170966,-117.2289330162899,68.90635454751168,101,154,15,11
4925062699971,32.88055838192888,-117.22893275011516,68.8835891571954,101,154,15,11
4925062700096,32.88054716275834,-117.22893267861512,68.86225075584709,100,153,15,11
4925062700185,32.88053584058937,-117.22893273397676,68.84508039747678,100,152,15,11
4925062700278,32.8805244094496,-117.2289329230906,68.83358486539504,99,152,15,11
4925062700377,32.88051289602085,-117.22893328343817,68.81924610074662,98,151,15,11
4925062700462,32.88050126418182,-117.228933747579,68.80475553242425,98,150,15,11
4925062700534,32.880489520735146,-117.22893429428929,68.78784069219334,97,149,15,11
4925062700625,32.88047767863979,-117.22893491768477,68.76494570453247,97,149,15,11
4925062700728,32.88046572250508,-117.2289355728495,68.73530763040173,97,148,15,11
4925062700828,32.880453639656885,-117.2289362691165,68.70901578717044,96,148,15,11
4925062700909,32.88044146388436,-117.22893703834065,68.67994248277184,96,147,15,11
4925062701026,32.88042917997081,-117.22893784547986,68.64860979384764,96,146,15,11
4925062701180,32.880416795753206,-117.22893872389574,68.61827663745616,95,146,15,11
4925062701333,32.880404302591344,-117.22893959471293,68.59198299673173,95,145,15,11
4925062701426,32.88039172062795,-117.22894057943752,68.56524297356015,95,145,15,11
4925062701510,32.88037906853727,-117.22894161057482,68.53136012011258,95,144,15,11
4925062701589,32.88036636553196,-117.2289426706356,68.49036003597266,94,143,15,11
4925062701680,32.88035358476304,-117.22894385384011,68.45564057128416,94,143,15,11
4925062701780,32.88034070073618,-117.22894509899587,68.4350708685415,94,142,15,11
4925062701930,32.88032775008652,-117.22894632221718,68.41510204312173,94,142,15,11
4925062702013,32.88031471490082,-117.22894759445393,68.39408738825507,94,142,15,11
4925062702134,32.8803015416712,-117.22894882305697,68.38491030913687,94,141,15,11
4925062702226,32.88028832391295,-117.22895014265472,68.36162851275915,93,141,15,11
4925062702324,32.88027509236467,-117.22895149455866,68.32148654020263,93,140,15,11
4925062702417,32.88026181430301,-117.2289528730723,68.278399970432,93,140,15,11
4925062702505,32.880248414470906,-117.22895423575149,68.25655439494291,93,139,15,11
4925062702575,32.88023488274114,-117.22895563317849,68.25639141164092,93,139,15,11
4925062702674,32.880221246252724,-117.22895719721521,68.25503802922336,93,138,15,11
4925062702777,32.880207550749425,-117.22895868076415,68.23681967875613,92,138,15,11
4925062702866,32.88019380307133,-117.22896013574213,68.21220037670358,92,138,15,11
4925062702954,32.88017999632757,-117.2289615761463,68.18157744741757,92,137,15,11
4925062703083,32.880166106462305,-117.22896312178723,68.1499300781353,92,137,14,11
4925062703171,32.880152115752544,-117.22896471133993,68.12271538955068,91,137,14,11
4925062703383,32.88013808050152,-117.22896622871987,68.08752754168847,91,136,14,11
4925062703475,32.88012396671173,-117.22896780111127,68.04501394054073,91,136,13,11
4925062703558,32.880109798373226,-117.22896937576232,68.00027560603574,91,135,13,11
4925062703639,32.88009554944113,-117.22897099035242,67.95525207704287,91,135,13,11
4925062703731,32.880081216774535,-117.22897268008393,67.91475753667548,91,135,13,11
4925062703830,32.880066831271975,-117.22897439397526,67.86885984427245,91,135,13,11
4925062703983,32.88005240687699,-117.22897612716413,67.816120185356,91,134,13,11
4925062704062,32.88003789241026,-117.2289778933534,67.76713462376092,90,134,13,11
4925062704179,32.88002334136212,-117.22897969548265,67.7192224137796,90,134,15,11
4925062704273,32.88000873510691,-117.22898150293592,67.67111694358377,90,134,15,11
4925062704369,32.87999407426621,-117.2289833445839,67.6264417441049,90,133,15,11
4925062704470,32.87997936214243,-117.22898518556572,67.57923355167894,90,133,15,11
4925062704552,32.87996459420492,-117.22898709230901,67.53394133394572,90,133,15,11
4925062704622,32.87994975490696,-117.22898901614188,67.49226940488693,90,133,15,11
4925062704714,32.87993492272157,-117.22899096362903,67.4362609203237,90,132,15,11
4925062704815,32.879920084698036,-117.228992922133,67.37080918015957,90,132,15,11
4925062704912,32.87990516503556,-117.22899493319032,67.32455624077862,90,132,15,11
4925062704993,32.87989020817012,-117.22899696148193,67.2800169885626,90,132,15,11
4925062705103,32.87987523877149,-117.22899901894056,67.22540605685148,90,132,15,11
4925062705199,32.879860231209584,-117.22900108726269,67.16853688090737,89,131,15,11
4925062705297,32.87984519306017,-117.22900318084464,67.1077725711474,89,131,15,11
4925062705509,32.87983017250979,-117.22900539099423,67.03685202919534,89,131,15,11
4925062705593,32.879815119353566,-117.22900764808927,66.969963624056,89,131,15,11
4925062705665,32.87980004546842,-117.22900999949374,66.90782587644668,89,131,15,11
4925062705757,32.87978491803362,-117.2290123341764,66.8515475298018,89,131,15,11
4925062705857,32.87976977658242,-117.22901469821,66.79097063181594,89,130,15,11
4925062706032,32.87970906186515,-117.2290244242526,66.5034874427049,88,130,14,11
4925062706148,32.879693845855684,-117.22902696540127,66.43008381067195,88,130,15,11
4925062706238,32.87967861196652,-117.22902959065028,66.36075163145793,88,129,15,11
4925062706340,32.879663368408174,-117.22903223613491,66.28630912776994,88,129,14,11
4925062706417,32.879648084637736,-117.22903496216324,66.2164631289494,88,129,14,11
4925062706532,32.879632755643975,-117.22903772137371,66.14972788198173,88,129,14,11
4925062706639,32.87961741392284,-117.22904051712656,66.07618384494383,88,129,14,11
4925062706737,32.87960202690933,-117.2290433484037,66.00406241326903,88,129,14,11
4925062706829,32.8795866086261,-117.22904619378807,65.9313392144963,88,129,14,11
4925062706949,32.87957113804036,-117.22904908122288,65.86253151990806,88,129,14,11
4925062707036,32.87955559870711,-117.22905196054957,65.79692571843647,87,129,14,11
4925062707134,32.879539967512486,-117.22905490764141,65.73791400648236,87,129,14,11
4925062707232,32.87952431336399,-117.22905789006599,65.66222777415456,87,129,14,11
4925062707334,32.87950864392059,-117.22906083527003,65.5692003751941,87,128,14,11
4925062707420,32.879492939311326,-117.22906379848305,65.47650932346743,87,128,14,11
4925062707534,32.879477097294156,-117.2290667601493,65.41587399948625,87,128,14,11
4925062707635,32.87946113528395,-117.22906976781952,65.369873286389,87,128,14,11
4925062707781,32.87944515097192,-117.22907279079648,65.30428662776715,87,128,14,11
4925062707867,32.87942921386299,-117.22907584134721,65.2023783387409,87,128,14,11
4925062707974,32.87941322096831,-117.2290789142661,65.10704991428204,87,128,14,11
4925062708117,32.87939716702862,-117.22908206015725,65.02819692231662,87,128,14,11
4925062708291,32.87938106713204,-117.22908523924687,64.9574352652475,87,128,14,11
4925062708382,32.879364997667366,-117.22908844857932,64.87284511010736,87,128,14,11
4925062708467,32.87934890932743,-117.22909169130389,64.78737178167775,87,128,15,11
4925062708540,32.879332827590375,-117.22909496111076,64.70162195938678,87,128,15,11
4925062708639,32.87931677020169,-117.22909828717621,64.61649874088654,87,128,15,11
4925062708741,32.87930068485186,-117.22910164096695,64.54080669393555,87,127,15,11
4925062708832,32.879284589132574,-117.22910502508692,64.46738397571026,87,127,15,11
4925062708913,32.8792685046713,-117.22910844516859,64.38779945124436,86,127,15,11
4925062709026,32.8792524271455,-117.22911189277828,64.30592959972395,86,127,15,11
4925062709120,32.8792363749861,-117.22911536468061,64.22019831076929,86,127,15,11
4925062709221,32.87922034079508,-117.22911883177679,64.13330075600518,86,127,15,11
