1631985106026,32.835212332611995,-116.98297633902145,76.35824793105427,26,59,15,11
1631985106204,32.83521234713963,-116.98297634406426,76.35264520364406,27,59,15,11
1631985106378,32.83521234916201,-116.98297634521401,76.34690834373535,27,59,15,11
1631985106491,32.83521234900621,-116.98297633871857,76.34172044817109,27,59,15,11
1631985106602,32.835212340254806,-116.98297632711927,76.3362387834792,27,59,15,11
1631985106811,32.83521232990451,-116.98297632047412,76.31788896148855,27,59,15,11
1631985106947,32.835212329800775,-116.98297629910945,76.31267263420953,27,59,15,11
1631985107061,32.835212316521584,-116.9829762841171,76.30925459022401,27,59,15,11
1631985107201,32.83521231765567,-116.9829762913447,76.30450333263296,27,59,15,11
1631985107519,32.83521231158624,-116.98297625869635,76.29055529996397,27,59,15,11
1631985107632,32.83521230857019,-116.98297626060234,76.28833175136953,27,59,15,11
1631985107746,32.83521230439689,-116.98297626125569,76.28498817094554,27,58,15,11
1631985107932,32.83521230530008,-116.98297624914194,76.28205075829608,27,58,15,11
1631985108067,32.83521229615906,-116.98297622450099,76.27845026403038,27,58,15,11
1631985108216,32.83521229488021,-116.98297622136914,76.27115144590633,27,58,15,11
1631985108295,32.83521229187765,-116.9829762173806,76.26842592198255,27,58,15,11
1631985108470,32.83521229073292,-116.98297620624642,76.26675875540658,27,58,15,11
1631985108617,32.83521227800867,-116.9829762011396,76.26523630057746,27,58,15,11
1631985108728,32.83521227510081,-116.98297619262303,76.26399654734024,27,58,15,11
1631985108843,32.8352122674025,-116.98297619108443,76.26264328677566,27,58,15,11
1631985108955,32.83521225532034,-116.98297619970475,76.26181992840185,27,58,15,11
1631985109114,32.83521224521561,-116.9829761857255,76.25833969537061,27,58,15,11
1631985109232,32.83521224297287,-116.9829761815563,76.25639970247595,27,58,15,11
1631985109316,32.83521224483562,-116.98297617558734,76.25543017525828,27,58,15,11
1631985109465,32.83521224625727,-116.98297618360367,76.25355252744167,27,58,15,11
1631985109611,32.83521225028175,-116.98297618097752,76.25337977315492,27,58,15,11
1631985109721,32.83521224695636,-116.9829761895156,76.25339582048825,27,58,15,11
1631985109834,32.83521223697223,-116.98297618160152,76.25258901319646,27,58,15,11
1631985110013,32.835212244366005,-116.98297617640199,76.25193604796345,27,58,15,11
1631985110274,32.83521222442068,-116.98297617771412,76.24994200203301,27,58,15,11
1631985110387,32.83521222660395,-116.98297619061925,76.25016234325405,27,58,15,11
1631985110502,32.835212227279946,-116.98297617168411,76.24894656815202,27,58,15,11
1631985110649,32.83521222095131,-116.98297617719426,76.24920469278044,27,58,15,11
1631985110762,32.835212215100185,-116.98297618860151,76.24873689768224,27,58,15,11
1631985110872,32.835212211785525,-116.98297619164508,76.24819576712918,27,58,15,11
1631985110995,32.83521220596031,-116.98297619764685,76.24956458699756,27,58,15,11
1631985111217,32.83521218451619,-116.98297620576415,76.25031632787567,27,58,15,11
1631985111354,32.835212172055236,-116.9829761919285,76.2498942540033,27,58,15,11
1631985111500,32.83521216988201,-116.98297620052558,76.25119928032838,27,58,15,11
1631985111649,32.83521216152119,-116.98297620425335,76.25230890814669,27,58,15,11
1631985111762,32.83521216132588,-116.98297621418446,76.25266155647161,27,58,15,11
1631985112017,32.835212137117715,-116.98297622624072,76.25389597392378,27,58,15,11
1631985112156,32.83521212163905,-116.9829762276585,76.25405572646653,27,58,15,11
1631985112300,32.83521212160988,-116.98297621507098,76.25358071768798,27,58,15,11
1631985112439,32.83521211625842,-116.982976226684,76.2539349931623,28,58,15,11
1631985112616,32.835212108527635,-116.98297623004164,76.25363742317533,28,58,15,11
1631985112739,32.835212097094214,-116.98297622995236,76.25395675467153,28,58,15,11
1631985112930,32.835212087815904,-116.98297623384357,76.25569265822637,27,58,15,11
1631985113042,32.83521208778472,-116.98297624985818,76.25612480737148,27,58,15,11
1631985113213,32.835212073494695,-116.98297625317232,76.25646062088012,27,58,15,11
1631985113383,32.83521208114264,-116.98297625298095,76.2569469603014,27,58,15,11
1631985113463,32.8352120773503,-116.98297625371976,76.25653271866256,27,58,15,11
1631985113717,32.83521206140513,-116.9829762922868,76.25925792792995,27,58,15,11
1631985113888,32.83521206570817,-116.98297633094614,76.25968112185394,27,58,15,11
1631985114030,32.83521204910598,-116.98297642318813,76.26128645173856,27,58,15,11
1631985114142,32.83521205374916,-116.98297656898652,76.26170886271314,27,58,15,11
1631985114278,32.835212071327426,-116.9829773485728,76.26213701091132,27,58,15,11
1631985114453,32.83521208536363,-116.98297770156354,76.2619591953589,27,58,15,11
1631985114600,32.835212111495096,-116.98297812037742,76.26229880552475,27,57,15,11
1631985114713,32.835212142693244,-116.98297857048863,76.26137725602388,27,57,15,11
1631985114834,32.83521220794183,-116.98297906535791,76.26102799427923,27,57,15,11
1631985114940,32.83521226691894,-116.98297958782271,76.26172642459142,27,57,15,11
1631985115225,32.83521261951048,-116.98298189805702,76.26153769177212,26,56,15,11
1631985115304,32.835212743189466,-116.9829825580448,76.2614884820588,26,56,15,11
1631985115454,32.83521286373241,-116.98298322452385,76.26095779435724,26,55,15,11
1631985115598,32.83521302091368,-116.98298393421454,76.26126354505867,26,55,15,11
1631985115710,32.83521316211554,-116.98298465359403,76.26136727693809,25,55,15,11
1631985115821,32.83521334125962,-116.9829854016101,76.26142239790104,26,55,15,11
1631985116126,32.83521417372832,-116.98298856332673,76.2618632809337,26,55,15,11
