1616282517462,32.80872039247852,-117.25900193787199,0.5559095892166419,43,76,10,11
1616282517648,32.80872039262507,-117.25900197094951,0.5561081389458482,43,76,10,11
1616282517727,32.80872036756839,-117.25900195134739,0.5624078809660968,42,74,10,11
1616282517849,32.80872034709332,-117.25900194954605,0.565313587052498,42,74,10,11
1616282517963,32.808720333923176,-117.25900195332898,0.5658530089704183,41,73,10,11
1616282518047,32.80872031387034,-117.25900194600113,0.5686052800008552,41,72,10,11
1616282518219,32.808720319387675,-117.2590019256819,0.5700124801892659,41,72,10,11
1616282518362,32.80872031346363,-117.2590019378349,0.5718149158965931,40,71,10,11
1616282518508,32.80872029700115,-117.2590019406994,0.5747442827603525,40,71,10,11
1616282518663,32.80872029452524,-117.259001948225,0.5756945883787761,40,71,10,11
1616282518845,32.80872027896269,-117.25900194986322,0.5834040842962953,40,70,10,11
1616282518957,32.80872026226145,-117.25900195735254,0.5853721427632086,40,70,10,11
1616282519070,32.80872026786456,-117.25900193829004,0.5875311792412469,40,70,10,11
1616282519212,32.808720260079134,-117.25900193468127,0.5898244038480456,40,70,10,11
1616282519354,32.80872026366511,-117.2590019388757,0.5913886446235094,40,70,10,11
1616282519500,32.80872024530335,-117.25900193323204,0.5936182520583657,40,70,10,11
1616282519618,32.808720244396355,-117.25900194961527,0.5950763543923547,40,69,10,11
1616282519849,32.80872021299732,-117.2590019640702,0.6029965763110057,40,70,10,11
1616282519964,32.808720202609884,-117.2590020487834,0.6036189470028568,40,70,10,11
1616282520076,32.808720167703584,-117.25900217818142,0.6056258611133101,40,70,10,11
1616282520229,32.808720102641445,-117.25900242822127,0.605277274173605,41,70,10,11
1616282520371,32.80872001994073,-117.25900278061303,0.6052765527374792,41,70,10,11
1616282520483,32.808719923552744,-117.2590033645349,0.6053898729917155,41,70,10,11
1616282520647,32.80871935886209,-117.25900661433482,0.6120147042230418,42,70,10,11
1616282520782,32.80871907381914,-117.25900825747995,0.614339353290533,42,70,10,11
1616282520893,32.808718731830794,-117.25901020946534,0.6132511202205722,41,69,9,11
1616282521009,32.80871834344995,-117.25901246470463,0.6140348996286595,41,68,9,11
1616282521089,32.808717915158056,-117.25901502125217,0.615440145013997,40,68,9,11
1616282521255,32.80871743940863,-117.25901788583148,0.616153048400025,40,67,9,11
1616282521415,32.80871689975803,-117.25902105179755,0.61427745353326,40,66,9,11
1616282521650,32.80871438163422,-117.25903679873605,0.5874531679217678,35,58,9,11
1616282521841,32.80871367567757,-117.25904145821741,0.583439164027757,34,57,10,11
1616282521957,32.808712936819475,-117.2590463944153,0.5764379126394887,33,56,10,11
1616282522073,32.80871212769298,-117.25905159666378,0.5706495526461199,33,55,9,11
1616282522183,32.80871129362883,-117.25905706381187,0.5694847362957096,34,55,9,11
1616282522457,32.808707834728764,-117.25908141238577,0.5659699660623172,36,55,9,11
1616282522572,32.808706844566046,-117.25908806426206,0.5701358528472003,37,56,9,11
1616282522686,32.80870585975265,-117.25909495653127,0.5770499852954734,38,56,9,11
1616282522828,32.808704785585846,-117.25910209002974,0.5820432103901486,38,56,9,11
1616282522940,32.80870371483771,-117.25910944142463,0.5836630767227907,38,55,9,11
1616282523063,32.80870260428492,-117.25911699386164,0.5848840629889471,36,54,9,11
1616282523175,32.808701430102914,-117.2591247394543,0.5945533922848159,36,53,9,11
1616282523457,32.80869667508413,-117.2591577915491,0.6066941855984538,35,52,9,11
1616282523575,32.808695412341166,-117.25916654654658,0.6004158464747494,35,51,9,11
1616282523689,32.80869414730917,-117.25917547920646,0.6041775488158103,35,52,9,11
1616282523849,32.80869284176859,-117.25918459119856,0.6084371587373119,37,53,9,11
1616282523992,32.80869147489746,-117.25919388247912,0.6078185783232357,38,54,9,11
1616282524108,32.80869007734518,-117.25920338874903,0.6072723581004511,40,55,9,11
1616282524191,32.80868869035607,-117.25921316235599,0.5968398284069382,40,55,10,11
1616282524308,32.808684402434125,-117.25924358244968,0.529896228669489,38,54,10,11
1616282524500,32.80868291127546,-117.25925410510847,0.5211330616171632,38,54,10,11
1616282524610,32.80868136578136,-117.25926476313015,0.5117512592995033,38,54,10,11
1616282524725,32.80867980207482,-117.25927556186657,0.48948936460002945,38,54,10,11
1616282524830,32.80867820600923,-117.25928650582304,0.4621969562517499,38,54,9,11
1616282524979,32.808676552058465,-117.25929757126342,0.4337319988225653,38,54,9,11
1616282525093,32.80867485317639,-117.25930879962043,0.4088582128278684,38,54,9,11
1616282525210,32.80867314173087,-117.25932021544675,0.3868372836237362,38,54,9,11
1616282525304,32.80866782012701,-117.25935513392817,0.28129065650764257,38,54,9,11
1616282525493,32.80866595649427,-117.25936702266407,0.2467211075543403,38,55,9,11
1616282525607,32.80866409770092,-117.25937907380955,0.22252386143214753,38,55,9,11
1616282525723,32.80866212594899,-117.25939126518118,0.2158521788976277,38,55,9,11
1616282525892,32.80866009319762,-117.25940359042417,0.2074974544440612,38,55,9,11
1616282526036,32.808658004444744,-117.25941603043742,0.1968821436229431,39,56,9,11
1616282526233,32.80864935994345,-117.25946710279345,0.07915040109996191,38,56,9,11
1616282526353,32.808647107358425,-117.25948021096822,0.05886751855194716,38,56,9,11
1616282526554,32.80864481435081,-117.25949344858664,0.03589246575095839,38,56,9,11
1616282526672,32.80864249079487,-117.25950680200741,0.009439421441699625,37,55,9,11
1616282526788,32.808640119729674,-117.25952027620336,-0.01544287223375751,37,55,9,11
1616282526920,32.80863769796845,-117.25953388322495,-0.03978396741011292,36,55,9,11
1616282527035,32.808635222135806,-117.25954759822791,-0.066501437297877,36,54,9,11
1616282527263,32.80862510036808,-117.25960347294692,-0.19545500356000456,34,53,9,11
1616282527353,32.80862249749497,-117.25961765682851,-0.2327156623653801,33,52,10,11
1616282527538,32.80861989460609,-117.25963194272317,-0.2627117309120735,34,52,10,11
1616282527656,32.808617250952565,-117.25964631882115,-0.28870451732011637,34,52,10,11
