1631836389990,32.87648949086258,-116.9173721882339,94.49465787365196,40,79,15,11
1631836390079,32.876489591566845,-116.91739124062903,94.47065978487869,40,79,15,11
1631836390220,32.87648959806824,-116.9174103808073,94.44938030753916,40,79,15,11
1631836390367,32.876489517615724,-116.9174295947954,94.42842091795379,40,79,15,11
1631836390480,32.8764893708326,-116.91744890670967,94.4090231338943,41,80,15,11
1631836390715,32.876487854767745,-116.91752691819964,94.3446756765368,43,81,15,11
1631836390901,32.87648720347875,-116.91754662657031,94.33364238856619,43,81,15,11
1631836391051,32.876486473883524,-116.91756640852108,94.31305964142379,42,81,15,11
1631836391140,32.8764856890608,-116.91758626163464,94.29591496546394,42,80,15,11
1631836391289,32.87648480701769,-116.91760617776129,94.28395993400761,42,80,15,11
1631836391496,32.87647996293886,-116.91768642788224,94.26534714220787,43,82,15,11
1631836391609,32.87647844664121,-116.91770661578676,94.26164812165663,44,82,15,11
1631836391815,32.87647680634487,-116.91772687434593,94.2638196876083,44,82,15,11
1631836391976,32.876475043912215,-116.91774717583287,94.26839886118739,44,83,15,11
1631836392099,32.87647317608469,-116.9177674905669,94.27453837366407,45,83,15,11
1631836392301,32.876464422708814,-116.91784896128677,94.2861630025133,46,85,15,11
1631836392415,32.876461893600926,-116.91786933222606,94.27869483222103,46,85,15,11
1631836392559,32.87645925070576,-116.91788971252603,94.27315480462492,46,84,15,11
1631836392720,32.87645653335988,-116.91791006635717,94.28042029092747,46,85,15,11
1631836392899,32.8764474989393,-116.91797105568133,94.29086920964389,46,85,15,11
1631836393001,32.87644421958949,-116.9179913577063,94.30280219230033,46,85,15,11
1631836393136,32.876440847807814,-116.91801163666662,94.31143820782049,46,85,15,11
1631836393284,32.87643733854467,-116.91803190229767,94.29925413839035,46,85,15,11
1631836393396,32.87643373868916,-116.91805213553592,94.27631906429606,45,85,15,11
1631836393510,32.876430053986326,-116.91807237567075,94.24798173353305,45,84,15,11
1631836393645,32.87642636230331,-116.91809262364056,94.24383805073316,45,85,15,11
1631836393906,32.87641086322885,-116.918173911977,94.1943673876424,44,84,15,11
1631836393995,32.87640678975053,-116.91819430114275,94.17696699408573,43,85,15,11
1631836394129,32.87640269579776,-116.91821469211918,94.16128622922915,43,85,15,11
1631836394278,32.87639850756789,-116.91823515230995,94.14627757882833,43,85,15,11
1631836394404,32.87639429594233,-116.91825565972027,94.134320271764,42,85,15,11
1631836394519,32.87639000372258,-116.91827633559842,94.120509721709,41,84,15,11
1631836394827,32.876372237059506,-116.9183587079606,94.05788457234114,38,82,15,11
1631836394944,32.87636759459999,-116.91837938516923,94.05162870680088,37,81,15,11
1631836395033,32.876362866104344,-116.91840019592401,94.04452112772593,37,80,15,11
1631836395165,32.876358140362505,-116.91842075859722,94.02103045148236,36,79,15,11
1631836395314,32.87635334773178,-116.91844128036117,93.9943742369331,35,77,15,11
1631836395432,32.876348517573234,-116.91846181027478,93.97817680804467,34,76,15,11
1631836395553,32.87634367796354,-116.91848232362801,93.9781806583578,33,75,15,11
1631836395688,32.876338777703154,-116.9185027522672,93.96622187699818,33,75,15,11
1631836395903,32.87631897066902,-116.91858419035027,93.89236627213957,31,71,15,11
1631836396013,32.87631397231498,-116.91860439540507,93.86901589652516,30,70,15,11
1631836396147,32.87630895878895,-116.91862453953561,93.84787030783023,30,69,15,11
1631836396294,32.87630393306541,-116.91864466037036,93.8305752953593,30,68,15,11
1631836396407,32.87629889979031,-116.91866473371553,93.79937284558605,29,67,15,11
1631836396521,32.87629382750813,-116.91868476461758,93.77615410581453,29,67,15,11
1631836396701,32.87627856776134,-116.91874456231675,93.72203702326387,29,67,15,11
1631836396914,32.876273455091976,-116.91876446607672,93.7173704275307,30,67,15,11
1631836397029,32.87626833336557,-116.91878434031699,93.70089403154883,30,67,15,11
1631836397118,32.87626320761777,-116.91880415209737,93.67451600132952,30,67,15,11
1631836397279,32.876258082912955,-116.91882393132113,93.64407941166908,30,67,15,11
1631836397531,32.87623738719309,-116.91890289031949,93.56708413069435,30,67,15,11
1631836397642,32.876232174915714,-116.91892255377886,93.55167064587798,31,67,15,11
1631836397755,32.87622696185256,-116.91894218107205,93.53525336347784,31,68,15,11
1631836397892,32.8762216889391,-116.91896180879311,93.52829294495386,32,68,15,11
1631836398036,32.87621638313192,-116.9189813954553,93.52311273088941,32,69,15,11
1631836398146,32.87621109876331,-116.91900091328965,93.5069254222316,33,70,15,11
1631836398267,32.87620578927651,-116.91902038034407,93.49297278361132,33,70,15,11
1631836398411,32.87620047141594,-116.91903980548837,93.4849213362484,34,71,15,11
1631836398741,32.87617916890168,-116.91911720793436,93.46726494678704,34,72,15,11
1631836398908,32.876163349268026,-116.91917489639292,93.45072131218068,34,72,15,11
1631836399019,32.87615808342892,-116.91919406959198,93.44007961536501,34,72,15,11
1631836399131,32.876152835244675,-116.91921318799596,93.42557653069535,34,72,15,11
1631836399280,32.87614761012089,-116.91923226913654,93.41812169192272,34,73,15,11
1631836399393,32.87614239630781,-116.9192513359527,93.40501986794645,35,73,15,11
1631836399507,32.87613716815551,-116.9192703581392,93.39784917132974,35,74,15,11
1631836399641,32.87613196059293,-116.91928937929737,93.38691682071249,35,74,15,11
1631836399756,32.87612674057972,-116.9193083746989,93.3732421781402,35,74,15,11
1631836399868,32.876121507058,-116.91932735340919,93.35824643424013,35,74,15,11
1631836400084,32.87610064342309,-116.91940296524893,93.31204188115277,34,74,15,11
