1612483915561,32.80906629966622,-117.22196471285491,-24.389600242678274,83,123,10,11
1612483915644,32.80906427895252,-117.22197326295155,-24.375984866350667,84,123,10,11
1612483915714,32.809062339413046,-117.2219814280388,-24.361422019421468,84,123,10,11
1612483915893,32.809060513010905,-117.22198919881491,-24.350243947799292,84,123,8,11
1612483915993,32.809058802246575,-117.22199654796275,-24.340533065833373,84,123,8,11
1612483916071,32.809057198614944,-117.22200348273395,-24.326212673368317,84,123,8,11
1612483916171,32.809055695372,-117.222009972887,-24.316617838235743,84,123,8,11
1612483916252,32.80905428723714,-117.2220160145324,-24.308790531596518,84,123,8,11
1612483916322,32.80905298906048,-117.22202162962851,-24.300521909126967,85,123,8,11
1612483916505,32.80905182410917,-117.22202661745149,-24.296306570418555,87,125,8,11
1612483916598,32.809050716552925,-117.22203147636827,-24.296128943400443,90,126,9,11
1612483916690,32.8090496848741,-117.22203589967596,-24.295760378509435,93,128,9,11
1612483916782,32.80904883422637,-117.22203951220686,-24.297985323084358,96,130,9,11
1612483916907,32.80904797904488,-117.22204315152158,-24.29920477477522,99,131,9,11
1612483917009,32.8090472218203,-117.2220464169105,-24.30075806430418,102,133,9,11
1612483917099,32.80904654614939,-117.22204930079457,-24.304135749691614,105,135,9,11
1612483917182,32.80904596173995,-117.22205184630367,-24.30576779098181,109,137,9,11
1612483917316,32.80904427015465,-117.2220589903774,-24.318612604990285,123,144,9,11
1612483917434,32.80904395314232,-117.22206025829561,-24.324353488095273,127,146,13,11
1612483917509,32.80904366279181,-117.22206139460222,-24.332292936248727,131,148,13,11
1612483917705,32.80904339193686,-117.22206248553034,-24.339642166851604,135,150,13,11
1612483917814,32.80904314312147,-117.22206343219948,-24.345325198658657,139,152,13,11
1612483917895,32.80904288381703,-117.22206441072383,-24.351333883048365,143,154,13,11
1612483917987,32.80904266095762,-117.22206528294804,-24.357545761349957,147,156,13,11
1612483918077,32.80904244320543,-117.22206610366159,-24.364783901129517,152,158,13,11
1612483918161,32.80904222862798,-117.22206691689246,-24.371153710716747,156,161,13,11
1612483918318,32.80904200981351,-117.22206773213253,-24.37735014290557,160,163,12,11
1612483918408,32.80904180606563,-117.2220684706433,-24.382758162420057,165,165,12,11
1612483918502,32.80904158086722,-117.222069302009,-24.388427781682694,169,167,12,11
1612483918577,32.809041357347056,-117.22207014575231,-24.3948445339894,174,169,12,11
1612483918707,32.80904112881108,-117.22207099136594,-24.401504120032193,179,171,12,11
1612483918812,32.80904090330745,-117.22207181829968,-24.4078000679445,184,174,12,11
1612483918902,32.809040681174665,-117.22207261419942,-24.414252534815006,188,176,12,11
1612483918983,32.80904048568624,-117.22207330224978,-24.420084653986194,193,178,12,11
1612483919074,32.80904027920681,-117.22207402547002,-24.42640584619924,198,180,12,11
1612483919222,32.80904008453448,-117.22207468030756,-24.433030603725392,203,182,12,11
1612483919313,32.809039913622804,-117.22207525005908,-24.439755278807763,208,185,12,11
1612483919403,32.80903975649161,-117.22207571084721,-24.446156395785387,214,187,12,11
1612483919486,32.80903961985776,-117.22207607183944,-24.45385189553576,219,189,12,11
1612483919558,32.80903951543883,-117.2220763522344,-24.460247664315297,224,192,12,11
1612483919772,32.80903939337907,-117.2220766453861,-24.46766836365686,229,194,13,11
1612483919886,32.809039887023026,-117.22207679707863,-24.456519917191205,196,190,13,11
1612483919971,32.80904010864489,-117.22207699031306,-24.445120305996433,175,186,13,11
1612483920057,32.809040218736,-117.2220772041378,-24.433417279846907,160,183,13,11
1612483920150,32.80904030124858,-117.22207730910529,-24.422689510057857,149,180,13,11
1612483920231,32.80904038611294,-117.22207725131288,-24.414783767269572,140,177,13,11
1612483920398,32.809040460322585,-117.22207714044566,-24.409031769421286,133,174,13,11
1612483920486,32.809040505646195,-117.22207710270648,-24.40166584756434,127,172,13,11
1612483920569,32.80904052787564,-117.22207711455786,-24.393620116847323,122,169,13,11
1612483920639,32.80904054450335,-117.22207709220142,-24.387210148832658,118,167,13,11
1612483920772,32.8090405662817,-117.22207707130828,-24.38232158933236,114,165,13,11
1612483920886,32.80904057549744,-117.22207707632548,-24.37625046853108,111,163,15,11
1612483920965,32.80904058350461,-117.22207706436616,-24.371849773781495,108,161,15,11
1612483921088,32.80904059070516,-117.2220770525461,-24.367899644008375,106,160,15,11
1612483921177,32.809040593237086,-117.22207705666281,-24.363412444878644,104,158,15,11
1612483921260,32.80904059304933,-117.22207704966304,-24.35988519700998,102,156,15,11
1612483921364,32.80904059109666,-117.22207704360925,-24.356518639871098,100,155,15,11
1612483921512,32.80904058700395,-117.22207704586282,-24.35273419278455,98,153,15,11
1612483921597,32.80904058329884,-117.22207704139898,-24.34955210178178,97,152,15,11
1612483921738,32.80904058602929,-117.22207703807517,-24.34638853504505,95,151,15,11
1612483921860,32.809040583930674,-117.22207704242449,-24.342979102241866,94,150,15,11
1612483921981,32.80904058244146,-117.22207704579625,-24.340203608686487,93,148,15,11
1612483922050,32.80904058704139,-117.22207704735045,-24.337019021145345,92,147,15,11
1612483922142,32.80904058318609,-117.22207703877295,-24.334231003212263,90,146,15,11
1612483922227,32.80904057843931,-117.2220770329997,-24.331738814405895,90,145,15,11
1612483922317,32.8090405660564,-117.2220770605071,-24.330484081382124,89,144,15,11
1612483922424,32.80904054302308,-117.22207719357772,-24.330504839222314,88,143,14,11
1612483922534,32.809040478329884,-117.22207750200036,-24.33152934236013,87,142,14,11
1612483922657,32.8090403738244,-117.22207802496983,-24.33025947883542,87,141,14,11
1612483922732,32.80904021562548,-117.22207879869904,-24.32682069717839,86,140,13,11
1612483922868,32.809040004942744,-117.22207983458524,-24.323196899850885,85,140,13,11
1612483922982,32.80903970328002,-117.22208116964025,-24.316143877423897,85,139,13,11
1612483923060,32.80903933346298,-117.22208280261594,-24.31025386550451,84,138,13,11
1612483923148,32.80903889924052,-117.2220847413331,-24.305162587998094,84,137,14,11
1612483923230,32.80903840856296,-117.22208701505639,-24.29983093559474,84,137,14,11
1612483923316,32.809037857538314,-117.22208960892742,-24.29124229546075,83,136,14,11
1612483923418,32.809037248764675,-117.22209251649262,-24.28303383109786,83,135,14,11
1612483923572,32.809036583458536,-117.22209574550124,-24.27353887046305,83,135,14,11
1612483923736,32.80903326564071,-117.22211159049391,-24.22231488873861,83,133,14,11
1612483923822,32.809032277519954,-117.2221162436665,-24.210046342791482,83,132,14,11
1612483923931,32.809031198106666,-117.22212115485584,-24.19829953043856,83,132,14,11
1612483924035,32.80903003921809,-117.2221262989512,-24.18479606565968,84,131,14,11
1612483924134,32.809028740180615,-117.22213166824064,-24.164279529132696,84,131,12,11
1612483924225,32.80902727838072,-117.2221372489627,-24.13817566657682,84,131,13,11
1612483924384,32.80902559496752,-117.22214298642339,-24.117365796782543,84,130,13,11
1612483924466,32.809023692836845,-117.22214885847251,-24.101244759943402,84,130,13,11
1612483924544,32.80902151128836,-117.22215483816507,-24.07667463115713,84,129,13,11
1612483924692,32.809019097145125,-117.22216090664506,-24.047059668795985,85,129,13,11
1612483924804,32.80901641665925,-117.22216697624418,-24.022822962655347,85,129,13,11
1612483924887,32.80901338878727,-117.22217292435053,-24.007996107358327,85,129,13,11
1612483924980,32.80901006254741,-117.22217869805631,-23.997704396526736,85,128,13,11
1612483925070,32.80900653958238,-117.22218436287622,-23.9852909434595,85,128,13,11
1612483925149,32.809002793561284,-117.2221898408829,-23.969934534403464,86,128,14,11
1612483925318,32.80899878497357,-117.22219503706897,-23.959354482250017,86,127,14,11
1612483925399,32.80899449367471,-117.22219987703018,-23.953396371444555,86,127,14,11
1612483925479,32.80899001083082,-117.2222044688658,-23.95245642998698,86,127,14,11
1612483925552,32.808985347388266,-117.22220880571349,-23.951019665859263,86,127,14,11
1612483925755,32.80898046469011,-117.22221283873681,-23.946225624220094,86,127,14,11
