1619904363873,32.82113546549128,-117.21344787796144,66.09584346731438,38,72,11,11
1619904364071,32.82112479194524,-117.21344649950346,66.0824143907813,37,72,11,11
1619904364207,32.82111418253882,-117.21344510839307,66.06621075916506,37,71,11,11
1619904364323,32.82110365462284,-117.21344368118353,66.04894972070534,36,71,11,11
1619904364522,32.82106247151924,-117.2134380355963,65.99949018136874,35,69,11,11
1619904364634,32.821052441746524,-117.2134366580825,65.98652140394259,35,68,11,11
1619904364749,32.82104254584263,-117.21343525928168,65.97832958981051,35,68,11,11
1619904364956,32.821032794332154,-117.21343386506813,65.96716437185731,35,68,11,11
1619904365073,32.821023182733605,-117.21343249933825,65.96147661630874,35,68,11,11
1619904365206,32.82101373528509,-117.21343112950396,65.95053933008829,35,68,11,11
1619904365369,32.82097756277269,-117.21342557177866,65.90744745818486,37,68,11,11
1619904365544,32.8209689336691,-117.21342419202779,65.89853881155683,37,68,11,11
1619904365654,32.820960467628694,-117.21342283782938,65.89219861667436,37,68,11,11
1619904365776,32.82095215782708,-117.21342155997156,65.88487553659212,37,68,10,11
1619904365982,32.82094405629002,-117.21342032084347,65.88382957892777,38,68,10,11
1619904366094,32.820936166441804,-117.21341913315432,65.88293215296724,40,69,10,11
1619904366300,32.82090707813715,-117.21341468623983,65.84222473648667,42,70,10,11
1619904366422,32.82090045010675,-117.21341370194583,65.82899519587902,42,70,10,11
1619904366614,32.82089406479877,-117.21341277862729,65.81482686426725,42,70,10,11
1619904366734,32.82088791768084,-117.21341188630895,65.80818509645333,43,71,10,11
1619904366847,32.820881990628024,-117.21341110084217,65.79968585188105,45,72,10,11
1619904366999,32.820865309166166,-117.21340945975392,65.76257461140182,47,74,10,11
1619904367121,32.82086003929316,-117.21340911870492,65.75083497375971,47,74,9,11
1619904367247,32.82085490123582,-117.21340893757551,65.74026555004922,47,74,9,11
1619904367364,32.82084990244208,-117.2134089058141,65.72929891852579,47,74,9,11
1619904367455,32.82084501785507,-117.21340903767357,65.71905271696842,47,74,9,11
1619904367624,32.82084026928156,-117.21340929614466,65.70333184480042,47,74,9,11
1619904367739,32.820835639168365,-117.2134096648613,65.68847332527935,46,74,9,11
1619904368008,32.82081785285669,-117.21341310641779,65.61884181267435,45,74,9,11
1619904368128,32.82081350443403,-117.21341448579574,65.59912370072148,45,74,9,11
1619904368240,32.82080920064113,-117.21341609942127,65.58265341391504,44,73,11,11
1619904368354,32.82080494744471,-117.21341792250908,65.57082280803678,45,74,11,11
1619904368444,32.82080072767852,-117.21341995041767,65.55396429846942,44,74,11,11
1619904368672,32.820796567867106,-117.21342219305237,65.53723992439262,45,74,11,11
1619904368934,32.820780564578854,-117.21343360792984,65.47729903667982,45,75,9,11
1619904369071,32.82077674525092,-117.21343704235689,65.4744195872643,46,76,9,11
1619904369187,32.82077300863944,-117.21344071214462,65.4685632965136,46,76,9,11
1619904369298,32.82076938252252,-117.21344463901193,65.46244367213312,47,77,9,11
1619904369414,32.82076588828667,-117.21344884276995,65.45777312129663,47,78,9,11
1619904369502,32.820762493580666,-117.21345327536963,65.45275047190992,48,78,9,11
1619904369674,32.82075917031473,-117.21345792006703,65.45030028926523,48,79,9,11
1619904369770,32.82074969987284,-117.21347308438793,65.44559058821822,47,79,9,11
1619904369897,32.82074678999425,-117.21347853452626,65.44150556553218,48,80,9,11
1619904370054,32.82074394841488,-117.2134841643263,65.43388256130092,49,81,9,11
1619904370172,32.82074127095931,-117.2134900047252,65.42975850772974,50,82,9,11
1619904370282,32.82073867585525,-117.21349602541741,65.42090560992403,51,83,9,11
1619904370396,32.82073616521961,-117.21350219808426,65.41223866739792,52,84,9,11
1619904370486,32.82073375202975,-117.21350853583567,65.40599245879909,52,84,11,11
1619904370793,32.8207248082916,-117.21353523858386,65.35655052852759,53,86,11,11
1619904370936,32.820722761274446,-117.21354222045409,65.34293339898345,53,87,11,11
1619904371083,32.82072075818116,-117.21354932331606,65.33018404516814,53,87,11,11
1619904371198,32.82071877945244,-117.21355652682321,65.31311699409291,52,87,11,11
1619904371313,32.82071688547199,-117.21356383141735,65.29933147491732,52,88,11,11
1619904371425,32.82071504552787,-117.21357124564209,65.28225344616862,52,87,11,11
1619904371522,32.82071327408272,-117.21357875109433,65.26443274061072,51,87,11,11
1619904371696,32.82071157965536,-117.2135863467862,65.2463651365465,51,87,10,11
1619904371904,32.82070559756784,-117.21361761543992,65.19070934231489,52,89,10,11
1619904372059,32.82070427756438,-117.21362567192159,65.17215584715026,51,89,10,11
1619904372173,32.82070304117371,-117.2136337820701,65.15538917905674,51,89,10,11
1619904372291,32.820701870333174,-117.213641964982,65.13853807307304,51,89,10,11
1619904372403,32.820700785979064,-117.21365020462156,65.12106884394926,51,89,10,11
1619904372493,32.82069977694479,-117.21365851767484,65.10086520091609,51,90,10,11
1619904372687,32.820697214542534,-117.21368382363839,65.04087224219808,51,91,11,11
1619904372855,32.820696497876064,-117.21369237054921,65.02048144428272,50,91,11,11
1619904372982,32.820695850251354,-117.21370095043446,64.9970576999506,49,90,11,11
1619904373117,32.82069532990768,-117.21370953838156,64.98060312921646,49,90,11,11
1619904373239,32.82069485889474,-117.2137181956155,64.96555829169502,48,90,11,11
1619904373360,32.82069438294023,-117.21372680169449,64.95009217592991,47,90,11,11
1619904373473,32.820693938895566,-117.21373547108787,64.93540816672335,47,90,11,11
1619904373561,32.82069365842647,-117.21374410663063,64.91080667599648,47,90,11,11
1619904373796,32.82069275387618,-117.21377879506512,64.8413473796033,46,91,11,11
1619904373940,32.82069259007473,-117.21378748201464,64.82069808143011,45,91,11,11
