1616534926428,32.882972370134084,-117.23479674442385,71.03657609314752,50,60,10,11
1616534926742,32.88297158378579,-117.23475435266171,70.91882187807306,53,62,11,11
1616534926900,32.882971117242484,-117.23474408908562,70.88644615397595,54,62,11,11
1616534926992,32.882970566183204,-117.23473397486954,70.85396565557681,55,63,11,11
1616534927137,32.88296992448167,-117.23472403840387,70.82198592065919,56,63,11,11
1616534927249,32.88296918683519,-117.23471426553675,70.79032678326786,56,64,10,11
1616534927382,32.88296837732614,-117.23470466445372,70.75812875706305,57,64,10,11
1616534927579,32.88296444229074,-117.2346681810563,70.61113418703107,62,67,9,11
1616534927756,32.8829633556895,-117.23465955776709,70.57800299808208,63,68,9,11
1616534927875,32.88296226366048,-117.23465116135505,70.54835595826202,63,68,9,11
1616534928054,32.88296112653647,-117.23464304333712,70.51974409858316,64,69,9,11
1616534928163,32.882959989802586,-117.2346352431266,70.48970799491744,65,69,9,11
1616534928276,32.88295884504533,-117.23462773709167,70.4597445825853,65,69,9,11
1616534928492,32.88295437483333,-117.23460082656615,70.35431963543857,68,71,9,11
1616534928678,32.882953305918576,-117.23459487789961,70.32693688250083,68,72,9,11
1616534928794,32.88295222323351,-117.23458920509414,70.30197821587092,69,72,9,11
1616534928976,32.88294908405039,-117.23457391247041,70.22432272480599,73,75,10,11
1616534929094,32.88294810498734,-117.2345693749572,70.20396519472592,74,76,10,11
1616534929230,32.882947162082914,-117.23456510889079,70.18474194088394,76,77,10,11
1616534929340,32.88294627471369,-117.23456110868241,70.16486308989096,78,78,10,11
1616534929453,32.88294542600054,-117.23455736782024,70.14744024377087,80,79,10,11
1616534929565,32.88294460848265,-117.23455389092082,70.13084178851238,82,80,9,11
1616534929678,32.882943841735745,-117.23455065982206,70.1175562871843,84,81,9,11
1616534929790,32.88294313274708,-117.23454766344213,70.10690946254851,86,82,9,11
1616534929969,32.88294127767465,-117.23453999785868,70.07848438743191,90,85,9,11
1616534930091,32.88294076441695,-117.23453780834058,70.07183255147486,92,86,9,11
1616534930229,32.88294028239591,-117.23453573630263,70.06677914943702,93,86,9,11
1616534930343,32.882939866533235,-117.23453373753935,70.06545744240151,92,86,9,11
1616534930422,32.88293944618566,-117.2345317162946,70.0631797528337,91,86,9,11
1616534930566,32.88293898016367,-117.23452966602261,70.05838525572811,92,86,9,11
1616534930869,32.882936849860634,-117.23452106284547,70.02817560405566,97,90,9,11
1616534930959,32.882936230688436,-117.2345186634052,70.01726258641735,99,91,9,11
1616534931126,32.88293553371354,-117.23451606759848,70.00653313721762,100,92,9,11
1616534931261,32.882934797616855,-117.23451326000578,69.9972816282584,101,92,9,11
1616534931382,32.88293400276111,-117.23451022888315,69.98949284550012,102,93,8,11
1616534931497,32.88293312448545,-117.23450695877887,69.98298295643517,103,94,8,11
1616534931623,32.88293219844982,-117.23450340748285,69.98028668986542,103,94,8,11
1616534931734,32.88293112976247,-117.23449960077754,69.97180735258117,104,95,8,11
1616534931869,32.882927466484134,-117.2344867808199,69.96734219018059,105,97,8,11
1616534931964,32.882926096880034,-117.23448203551106,69.95912497564565,105,97,8,11
1616534932110,32.88292474209523,-117.23447708379948,69.95607855785492,105,97,9,11
1616534932247,32.882923163025175,-117.23447194688154,69.95079916564934,105,97,9,11
1616534932362,32.88292147700931,-117.23446662823991,69.94150267775845,105,98,9,11
1616534932476,32.8829196545698,-117.23446118068715,69.92883241735825,105,98,9,11
1616534932591,32.88291776442632,-117.23445555841914,69.90412934539198,106,99,9,11
1616534932773,32.8829117903901,-117.23443743290257,69.87504138154397,102,97,9,11
1616534932887,32.88290951486921,-117.2344310786998,69.86447288276146,102,97,9,11
1616534932977,32.88290725142153,-117.2344245486571,69.85340309121167,102,98,8,11
1616534933121,32.88290501533599,-117.23441797443883,69.8285694802766,102,97,8,11
1616534933257,32.882902594447444,-117.23441152770783,69.7806587628684,101,97,8,11
1616534933374,32.88289999949943,-117.23440499516718,69.73054209586604,102,97,8,11
1616534933486,32.8828973079086,-117.23439825821836,69.69567940785477,102,98,8,11
1616534933610,32.88289468299413,-117.23439124381139,69.70222377210774,103,99,8,11
1616534933864,32.88288274340912,-117.2343625189443,69.91078438808856,102,98,8,11
1616534933958,32.88287949015333,-117.23435511364964,69.91759920068161,99,96,8,11
1616534934104,32.882876108188256,-117.23434753727308,69.92625299227146,98,95,8,11
1616534934242,32.882872586449125,-117.2343397889567,69.94914930409858,97,95,8,11
1616534934375,32.88286890213699,-117.23433189345988,69.97758195707088,96,94,8,11
1616534934487,32.88286504839722,-117.23432380886966,70.00554498225213,93,92,8,11
1616534934597,32.882861057790045,-117.23431554956463,70.02988619881302,93,91,7,11
1616534934872,32.882843210724985,-117.23428060251706,70.14627429401551,85,85,7,11
1616534934965,32.88283824371576,-117.23427138424528,70.18179110872082,83,83,7,11
1616534935098,32.88283307322782,-117.23426196106614,70.21350441592406,81,82,6,11
1616534935259,32.882827678176284,-117.23425236398744,70.24753578433224,80,81,6,11
1616534935376,32.8828220416394,-117.23424262253495,70.2837445736439,76,78,6,11
1616534935491,32.88281618619717,-117.2342326848233,70.31630116500202,74,77,6,11
1616534935628,32.882810091957985,-117.2342226011305,70.35279403537251,73,76,7,11
1616534935743,32.88280371394512,-117.23421238472318,70.38682275118322,71,75,7,11
1616534935963,32.88277569471855,-117.23417006515459,70.53880365754144,65,70,7,11
1616534936110,32.88276803105466,-117.23415916833517,70.56910426605627,66,71,6,11
1616534936248,32.88276005757139,-117.23414816376022,70.610354029995,68,72,6,11
1616534936368,32.88275182796648,-117.23413708554952,70.64776499034812,70,74,6,11
1616534936449,32.88274329883769,-117.23412589993002,70.6879441662761,72,75,6,11
1616534936609,32.88273446130629,-117.23411461547926,70.74279918974915,74,76,6,11
