1632266093808,32.96318013358108,-117.10039779361013,144.91735117740072,28,59,15,11
1632266093921,32.963169329972274,-117.1004256705082,144.99813531184026,29,59,15,11
1632266094032,32.96315854901002,-117.10045355239045,145.07361203503345,29,60,15,11
1632266094176,32.96314782226686,-117.10048143911828,145.1428612891711,29,60,15,11
1632266094301,32.963137122062015,-117.10050934488072,145.2229831249508,29,60,15,11
1632266094530,32.963105421824864,-117.10059333681716,145.46600831104712,30,61,15,11
1632266094642,32.963094952147195,-117.10062135819047,145.5511406119931,30,61,15,11
1632266094754,32.963084550326855,-117.10064943781408,145.6431467027657,30,61,15,11
1632266094870,32.96307420815757,-117.10067752999997,145.74020405436417,30,61,15,11
1632266094998,32.96306388590046,-117.10070568337052,145.84373609902516,30,61,15,11
1632266095118,32.96305360255118,-117.10073386228223,145.9364063853741,30,61,15,11
1632266095262,32.963043362509715,-117.10076202296979,146.0226388309126,30,62,15,11
1632266095493,32.96300278235224,-117.10087504810043,146.40987175573923,30,62,15,11
1632266095606,32.96299274279082,-117.1009033283151,146.50229265604855,30,62,15,11
1632266095742,32.96298273528333,-117.10093164935101,146.59836506379077,30,62,15,11
1632266095858,32.96297274967574,-117.10096000214438,146.70305863522245,30,62,15,11
1632266095974,32.962962774042914,-117.10098835681033,146.801872885543,30,62,15,11
1632266096102,32.96295278724691,-117.10101677792282,146.89618595208788,30,62,15,11
1632266096245,32.96294285192234,-117.10104513643499,147.00438182478678,29,61,15,11
1632266096602,32.96290328189013,-117.10115871150018,147.44532612515832,28,60,15,11
1632266096712,32.96289339054071,-117.10118725009804,147.56208591347516,28,60,15,11
1632266096826,32.96288359390581,-117.10121568422318,147.677651008116,28,60,15,11
1632266096940,32.96287382608622,-117.101244106217,147.80201841735183,28,59,15,11
1632266097172,32.9628348265944,-117.10135816381145,148.30104387467458,28,59,15,11
1632266097282,32.96282512872839,-117.10138662079304,148.4198772580348,28,59,15,11
1632266097416,32.9628154502249,-117.10141513087933,148.54330765433048,28,59,15,11
1632266097584,32.962805772760724,-117.10144368274283,148.6588984880195,28,59,15,11
1632266097701,32.96279610767276,-117.10147222129265,148.76103141294834,28,60,15,11
1632266097935,32.96275741697634,-117.10158658989909,149.19663342565795,29,60,15,11
1632266098079,32.962747806615894,-117.10161515801774,149.315403811441,29,60,15,11
1632266098193,32.96273821006163,-117.10164373938866,149.43480743268864,29,60,15,11
1632266098305,32.96272859723012,-117.10167231724795,149.56147368498773,28,60,15,11
1632266098470,32.9627189899648,-117.10170092624342,149.68731394330015,28,60,15,11
1632266098760,32.96268044125734,-117.10181530542978,150.13438858504546,28,59,15,11
1632266098874,32.962670775779316,-117.10184391120701,150.24939522862303,27,58,15,11
1632266098984,32.962661129785786,-117.10187250748845,150.36185687426106,27,58,15,11
1632266099128,32.96265149764459,-117.10190112316354,150.46584712440222,27,57,15,11
1632266099211,32.962641859517866,-117.10192972285277,150.57068367543815,26,56,15,11
1632266099369,32.962632213718614,-117.10195833785781,150.6756658789733,26,56,15,11
1632266099566,32.96260323714781,-117.1020441746646,150.97227252756878,25,54,15,11
1632266099682,32.96259359409377,-117.10207280415355,151.06142985104358,25,54,15,11
1632266099795,32.96258394940221,-117.10210142841039,151.14661519913437,25,54,15,11
1632266099908,32.96257433145236,-117.10213006606021,151.2366937972989,25,54,15,11
1632266100019,32.962564722783924,-117.10215869783802,151.3261061303289,25,54,15,11
1632266100173,32.96255511279822,-117.10218735284813,151.41571567777436,25,54,15,11
1632266100307,32.962545510461126,-117.10221600768229,151.50456595367237,25,54,15,11
1632266100417,32.962535945795494,-117.10224467371073,151.59419313978088,25,54,15,11
1632266100471,32.962516854536766,-117.10230203395493,151.771381031093,25,54,15,11
1632266100587,32.96250732490281,-117.10233075869643,151.86669789930863,25,54,15,11
1632266100700,32.962497808360894,-117.10235947545875,151.94970161941043,25,53,15,11
1632266100816,32.962488323310275,-117.10238817877352,152.03842901322645,25,53,15,11
1632266100929,32.96247884103798,-117.10241690860478,152.1310580359233,25,53,15,11
1632266101081,32.96246935942754,-117.10244564535527,152.22262226224902,25,53,15,11
1632266101207,32.96245988025217,-117.10247438001551,152.31274318341582,25,53,15,11
1632266101321,32.96245038181429,-117.10250308819934,152.4002205094304,25,53,15,11
1632266101464,32.96242192261881,-117.1025893301252,152.64756182954727,25,53,15,11
1632266101576,32.96241247420216,-117.10261804689323,152.73086275153003,25,53,15,11
1632266101730,32.962403038367995,-117.10264678291644,152.8187879782856,25,53,15,11
1632266101846,32.962393603039786,-117.10267551790886,152.90532165772095,25,53,15,11
1632266101958,32.96238414169735,-117.10270441062778,152.98978257103653,25,53,15,11
1632266102071,32.96237476460741,-117.10273314157382,153.06718854749712,26,53,15,11
1632266102229,32.962365374262056,-117.10276187116143,153.14939361993189,25,53,15,11
1632266102558,32.96232790198189,-117.10287710531944,153.44400359111182,27,55,15,11
1632266102672,32.962318597038625,-117.10290588270769,153.51445263320846,27,56,15,11
1632266102785,32.962309323892875,-117.10293467313203,153.58344330253078,28,57,15,11
1632266102901,32.96230007164068,-117.10296348114063,153.64877504583595,28,57,15,11
1632266103026,32.96229079496558,-117.10299227726134,153.71696893148928,29,58,15,11
1632266103137,32.96228153910701,-117.10302109900827,153.78827993655617,29,58,15,11
1632266103393,32.96224478357331,-117.1031366628706,154.05763770316779,30,61,15,11
1632266103581,32.96223567175383,-117.10316553188206,154.1297311725086,30,61,15,11
1632266103693,32.96222657556288,-117.10319437721073,154.19870118417865,30,61,15,11
1632266103811,32.962217542843995,-117.10322324456439,154.27208189180774,30,62,15,11
1632266103924,32.96220851471079,-117.10325213955254,154.3510152519281,30,62,15,11
