4925065962338,32.959969946527245,-117.15425533913049,86.42660391439668,78,121,15,11
4925065962493,32.959984934807736,-117.15428365178919,86.38384733145803,78,121,15,11
4925065962578,32.95999989545169,-117.1543119991668,86.34575460314795,78,121,15,11
4925065962670,32.960014814437294,-117.15434032787171,86.29814887159914,78,121,15,11
4925065962762,32.9600296951379,-117.15436864427373,86.244893778286,78,121,15,11
4925065962855,32.96004456669457,-117.15439695168693,86.19115543736194,78,121,15,11
4925065962984,32.96005940556989,-117.1544252541776,86.13759138269064,78,121,15,11
4925065963065,32.96007421871868,-117.15445356993806,86.08689620879721,78,121,15,11
4925065963161,32.960089041638845,-117.15448192132212,86.04245273463258,78,121,15,11
4925065963239,32.96010383754536,-117.15451024262559,85.99012423915053,78,121,15,11
4925065963408,32.96011863032207,-117.15453858235506,85.94268166763483,78,121,15,11
4925065963487,32.960133423045434,-117.15456694358761,85.8954238190934,78,121,15,11
4925065963570,32.960148173795424,-117.1545953560781,85.84498223892372,78,121,15,11
4925065963673,32.96016288322162,-117.15462381666956,85.79397238726774,78,121,15,11
4925065963764,32.96017755436245,-117.15465233958791,85.74003888632642,78,121,15,11
4925065963859,32.96019218855332,-117.15468091833425,85.68247278344214,78,121,15,11
4925065963989,32.960206774640504,-117.15470956142131,85.62606536237399,78,121,15,11
4925065964076,32.960221305023914,-117.15473827566053,85.56915040209891,78,121,15,11
4925065964224,32.96023578526907,-117.15476709129618,85.51835235869838,78,121,15,11
4925065964317,32.96025023196973,-117.15479597559718,85.46872382460374,78,121,15,11
4925065964399,32.9602646304611,-117.15482496192813,85.4168696815824,78,121,15,11
4925065964546,32.960278964720004,-117.15485403022359,85.3577026654728,78,121,15,11
4925065964628,32.960293257553765,-117.15488318589554,85.29394118492822,78,121,15,11
4925065964785,32.96030749608784,-117.1549123919007,85.22055523074154,78,121,15,11
4925065964873,32.96032168726832,-117.15494169060128,85.15451810897697,77,121,15,11
4925065964989,32.960335865396445,-117.15497108750212,85.10535092455538,77,121,15,11
4925065965120,32.96035002280771,-117.1550005521367,85.05614005319825,78,121,15,11
4925065965208,32.96036417188347,-117.15503007522224,85.00298211462199,78,121,15,11
4925065965315,32.96037834106019,-117.1550596681684,84.94646837977568,78,121,15,11
4925065965399,32.96039252133661,-117.1550892776763,84.87336656076236,78,121,15,11
4925065965493,32.960406715953276,-117.15511889851041,84.79517122923352,77,121,15,11
4925065965565,32.9604209524985,-117.1551485803596,84.72930411090323,77,121,15,11
4925065965721,32.960435232507905,-117.15517828993696,84.66734247364747,77,121,15,11
4925065965824,32.960449524140934,-117.15520802779413,84.60447699327929,77,121,15,11
4925065965904,32.960463813063996,-117.15523782437343,84.54000129183225,78,121,15,11
4925065965996,32.96047809914037,-117.15526763474764,84.47083950422545,78,121,15,11
4925065966117,32.96049239374435,-117.15529745441515,84.40104775548463,77,121,15,11
4925065966209,32.96050668685454,-117.1553272863407,84.33278662355066,77,121,15,11
4925065966368,32.96052096093523,-117.15535714213156,84.26193433985985,77,121,15,11
4925065966453,32.96053523432862,-117.15538701291499,84.19177326247822,77,121,15,11
4925065966612,32.96054952133759,-117.15541689664532,84.12499323815496,77,121,15,11
4925065966700,32.96056381312356,-117.15544677576762,84.05153338479379,78,121,15,11
4925065966785,32.960578108384745,-117.15547662551955,83.97302635596607,77,121,15,11
4925065966888,32.96059242432385,-117.15550647924962,83.89824074462173,77,121,15,11
4925065966967,32.960606757894126,-117.15553632465237,83.8214743071211,77,121,15,11
4925065967057,32.96062108123053,-117.15556615420829,83.73994899106243,77,121,15,11
4925065967189,32.96063538711488,-117.15559598006935,83.65722532214303,77,121,15,11
4925065967275,32.96064971844915,-117.15562578078907,83.57482983698759,78,121,15,11
4925065967378,32.96066405277887,-117.15565556137791,83.49467051527336,77,121,15,11
4925065967448,32.96067839305612,-117.15568534432418,83.4182071857112,77,121,15,11
4925065967530,32.960692726518175,-117.15571510484935,83.34288209100617,77,121,15,11
4925065967688,32.9607070743164,-117.1557448584396,83.27287118327384,77,121,15,11
4925065967770,32.9607214053057,-117.15577458921368,83.19705136793107,77,121,15,11
4925065967871,32.96073572539167,-117.15580432679259,83.12504636779174,78,121,15,11
4925065967969,32.960750065425344,-117.1558340483794,83.05323803470607,77,121,15,11
4925065968153,32.96080731340495,-117.15595281902452,82.75723282994515,78,121,15,11
4925065968241,32.9608215939715,-117.15598250532074,82.68313111810164,78,121,15,11
4925065968327,32.96083583819548,-117.15601219446941,82.61085892676341,77,121,15,11
4925065968483,32.960850021964504,-117.15604191974971,82.54396829777689,77,121,15,11
4925065968565,32.96086419641614,-117.15607166890409,82.48002670406083,77,121,15,11
4925065968669,32.960878347805796,-117.15610141000809,82.41071322218568,77,121,15,11
4925065968748,32.96089248539276,-117.1561311754558,82.34554307511412,78,121,15,11
4925065968838,32.960906656489335,-117.15616095314455,82.28253840019924,78,121,15,11
4925065968979,32.960920856642886,-117.15619072875033,82.20744851332702,77,121,15,11
4925065969073,32.9609351622844,-117.15622073555073,82.11422507228502,77,121,15,11
4925065969178,32.96094934340597,-117.15625045350048,82.02484692109059,77,121,15,11
4925065969364,32.960963538234004,-117.15628021524273,81.94911554647611,78,121,15,11
4925065969519,32.96097772722246,-117.15631000991273,81.8749867657143,78,121,15,11
4925065969598,32.960991921026945,-117.15633977909015,81.78820928743066,78,121,15,11
4925065969681,32.96100615628676,-117.15636955974395,81.70693111423594,77,121,15,11
4925065969784,32.96102053552233,-117.15639960341363,81.62072116881568,77,121,15,11
4925065969863,32.96103480153432,-117.15642937437515,81.5314050108367,78,121,15,11
4925065969955,32.96104910576696,-117.156459167301,81.44974701118456,78,121,15,11
4925065970074,32.96106348690807,-117.15648897448531,81.37176992321105,78,121,15,11
4925065970166,32.96107788379026,-117.156518786911,81.28605711770138,78,121,15,11
4925065970342,32.96109228468871,-117.15654860742697,81.19299431529807,77,121,15,11
4925065970425,32.96110683002454,-117.15657867744723,81.1064736067565,78,121,15,11
4925065970562,32.96112130377209,-117.15660853274505,81.03431809236803,78,121,15,11
4925065970659,32.96113577911833,-117.1566384184975,80.96529825324733,78,121,15,11
4925065970742,32.96115021907282,-117.15666831177928,80.8885776239809,78,121,15,11
4925065970845,32.961164593390265,-117.15669817312727,80.8038444993366,78,121,15,11
4925065970927,32.96117890975543,-117.15672800631823,80.72477662492392,78,121,15,11
4925065971024,32.96119328053965,-117.1567580127702,80.64215238412369,78,121,15,11
4925065971143,32.961207471792704,-117.15678771937792,80.5615944586111,78,121,15,11
4925065971240,32.961221603237924,-117.15681732364973,80.47466156394495,78,121,15,11
4925065971347,32.96123569637982,-117.15684680241668,80.38190084513172,78,121,15,11
4925065971420,32.96124978315934,-117.15687616527471,80.29887662549022,78,121,15,11
4925065971518,32.96126386413246,-117.15690543588343,80.22176307299377,78,121,15,11
4925065971605,32.96127798314587,-117.15693480544878,80.13559225935971,78,121,15,11
4925065971690,32.961291937972526,-117.15696383296086,80.04645167736184,78,121,15,11
4925065971858,32.96130585607708,-117.15699276007027,79.96179516202592,78,121,15,11
4925065971949,32.961319745976255,-117.15702159714303,79.88554693505715,78,121,15,11
4925065972030,32.96133359356454,-117.15705031253728,79.80560945056938,78,121,15,11
4925065972151,32.96134738563775,-117.15707892005484,79.72124396640625,78,121,15,11
4925065972242,32.961361228792015,-117.1571076344763,79.63795034523531,78,121,15,11
4925065972403,32.96137490207765,-117.15713601763623,79.55298806654478,78,121,15,11
