1616698994993,32.831991196492375,-117.19486484904242,74.84823417794598,28,56,14,11
1616698995192,32.83192775059694,-117.19486511823915,74.80391872743448,28,57,14,11
1616698995392,32.83191182360006,-117.19486526300061,74.80920887415914,28,57,14,11
1616698995529,32.8318958650192,-117.19486537516774,74.80624337656593,28,57,14,11
1616698995642,32.8318798212161,-117.1948654226946,74.7865864423938,28,56,14,11
1616698995752,32.83186385947968,-117.19486545236913,74.76798331611293,27,55,14,11
1616698995867,32.8318478049131,-117.194865416913,74.75489815624302,26,55,14,11
1616698996009,32.83183174443114,-117.19486533877817,74.72943729837405,25,53,14,11
1616698996245,32.83176723737067,-117.19486497888026,74.60581027014408,23,50,14,11
1616698996397,32.831751006647416,-117.19486482852285,74.59481668586155,24,50,14,11
1616698996623,32.83173478221259,-117.19486462397342,74.56622486350845,24,50,14,11
1616698996743,32.8317185109977,-117.19486436421955,74.53770966892361,24,51,14,11
1616698996947,32.83165310695217,-117.19486336363555,74.43732586968787,24,50,14,11
1616698997026,32.831636799125775,-117.19486308843423,74.40351643591934,24,50,14,11
1616698997173,32.83162044763002,-117.19486281895462,74.37520269775474,24,50,14,11
1616698997297,32.83160414002291,-117.19486249728067,74.34287151887986,24,50,14,11
1616698997467,32.831587717983254,-117.19486219314328,74.30516248587558,24,50,14,11
1616698997609,32.831571428579316,-117.1948618523544,74.27356599482424,25,51,14,11
1616698997725,32.83155511442485,-117.19486142413162,74.24708677791998,25,51,14,11
1616698997932,32.83149017664737,-117.19485874232703,74.10937268792202,24,49,14,11
1616698998047,32.83147397663765,-117.19485774411032,74.07522001039348,24,49,14,11
1616698998124,32.83145778220941,-117.1948566378161,74.03465680188943,24,49,14,11
1616698998289,32.83144158574147,-117.19485531429221,73.99896698288362,24,49,14,11
1616698998403,32.831425368880765,-117.19485380274637,73.9587589895363,24,49,14,11
1616698998731,32.83136037526737,-117.1948459403966,73.75996212837681,25,49,14,11
1616698998873,32.83134399260897,-117.19484356871241,73.71767927278935,25,49,14,11
1616698999039,32.83132757687081,-117.19484109995274,73.6630069753337,26,50,14,11
1616698999121,32.831311098121844,-117.19483853800969,73.60236897713433,26,50,14,11
1616698999423,32.8312440517061,-117.19482773285841,73.41273736090243,27,51,14,11
1616698999535,32.83122702274504,-117.19482474518053,73.35908388941999,27,50,14,11
1616698999614,32.83120991094891,-117.19482156131988,73.30432033810442,26,49,14,11
1616698999816,32.83119273658525,-117.19481815554259,73.24273432788188,26,49,14,11
1616698999973,32.83117550009219,-117.19481455593515,73.17926626723062,25,48,14,11
1616699000141,32.8311582273798,-117.19481076225932,73.11425600447369,25,47,14,11
1616699000221,32.831140885039275,-117.19480676410944,73.06270551272566,24,47,14,11
1616699000454,32.83107177888515,-117.19478832701066,72.81524739007118,24,45,13,11
1616699000567,32.83105462564444,-117.1947830462799,72.74753174018787,24,45,13,11
1616699000729,32.831037523581394,-117.19477748064801,72.67933264350494,24,45,13,11
1616699000845,32.83102048524798,-117.19477166645196,72.60681378861413,24,46,13,11
1616699000989,32.831003524824844,-117.19476560091103,72.52821426892599,25,46,13,11
1616699001240,32.8309361369346,-117.19473901523763,72.21891666352519,26,47,14,11
1616699001408,32.8309193763561,-117.19473174036052,72.1428688206763,27,48,13,11
1616699001525,32.83090265453744,-117.1947242695228,72.05756317269741,28,49,13,11
1616699001676,32.83088593235659,-117.19471660731492,71.97260088541884,29,49,13,11
1616699001921,32.830818560110686,-117.19468417472953,71.63099474256624,31,51,12,11
1616699002057,32.830801600522896,-117.19467559733697,71.53603345221222,31,52,12,11
1616699002176,32.830784588806466,-117.19466687601589,71.43553461110687,30,52,11,11
1616699002292,32.830767507597564,-117.19465796961016,71.33668914239796,30,51,11,11
1616699002462,32.83075038139501,-117.1946488731954,71.23208443611152,29,51,12,11
1616699002616,32.83069869139273,-117.19462045636323,70.88880705914615,28,50,11,11
1616699002729,32.83068134395503,-117.1946107280064,70.75813621614219,28,51,11,11
1616699002860,32.83066392129677,-117.19460089889104,70.62866221101646,29,52,11,11
1616699003029,32.83064641300638,-117.19459103511132,70.49653279007703,30,52,11,11
1616699003151,32.83062882236398,-117.19458112432388,70.3645742615786,30,53,11,11
1616699003273,32.830611155422154,-117.19457112674655,70.23534629851568,31,53,11,11
1616699003527,32.83053985690769,-117.19453022521748,69.68840565561396,32,55,13,11
1616699003635,32.830521862785794,-117.19451977264931,69.54382180507159,32,55,13,11
1616699003750,32.83050380644639,-117.19450920587616,69.39575081326896,31,55,13,11
1616699003883,32.8304856994356,-117.19449856784746,69.23797094812615,31,55,13,11
1616699004049,32.83046752555462,-117.19448783854764,69.08237014222615,30,54,13,11
1616699004162,32.830449245207596,-117.19447704072148,68.93069009090773,30,54,13,11
1616699004283,32.830430843958524,-117.19446617809581,68.78004466711846,30,54,13,11
1616699004424,32.830375108056664,-117.19443339225519,68.27586606859306,30,55,13,11
1616699004520,32.830356333587766,-117.19442233790774,68.10597119615625,31,56,14,11
1616699004666,32.83033743659787,-117.19441121153085,67.94053157285965,32,56,13,11
1616699004779,32.830318446911754,-117.19440001792198,67.77032055173962,32,57,13,11
1616699004921,32.83029942370795,-117.19438876973078,67.58563888057022,33,57,13,11
1616699005087,32.83028032906175,-117.19437745431797,67.40603322190263,33,58,13,11
1616699005169,32.83026113350545,-117.19436606829257,67.23644268681146,34,59,12,11
