1615684638374,32.852505358459936,-117.23294199062059,33.244449668080186,31,43,11,11
1615684638526,32.852530238711196,-117.23292463684238,33.334507679826714,31,43,11,11
1615684638660,32.852555115824394,-117.23290727608202,33.425342797025976,30,43,11,11
1615684638772,32.85258000848488,-117.23288989074756,33.51546298302893,30,42,11,11
1615684639039,32.85267960315639,-117.2328203037264,33.860041385393146,29,41,11,11
1615684639250,32.852704459967676,-117.23280286536124,33.94996893095282,28,40,11,11
1615684639420,32.85272932560061,-117.23278539495864,34.04145681896861,28,40,11,11
1615684639543,32.852754251121226,-117.23276787926288,34.13729885804355,28,40,11,11
1615684639659,32.85277910832798,-117.23275038300845,34.2297691961744,28,40,11,11
1615684639881,32.8528785350207,-117.23268044547007,34.60589169851957,30,42,11,11
1615684640033,32.852903475289914,-117.23266293371015,34.70906222115141,30,42,11,11
1615684640180,32.852928343935865,-117.23264548220693,34.81152891774531,31,42,11,11
1615684640295,32.85295324325248,-117.23262804788617,34.91275984699282,31,43,11,11
1615684640411,32.852978128384756,-117.23261062930264,35.00618403091279,32,44,11,11
1615684640535,32.85300300325625,-117.2325932386057,35.091017193857574,32,44,11,11
1615684640645,32.85302787322258,-117.23257587655567,35.171148002797004,33,45,11,11
1615684640877,32.853127469531216,-117.23250640144273,35.56669823085223,33,46,11,11
1615684640991,32.853152371045404,-117.23248910053998,35.66527580760657,33,46,11,11
1615684641170,32.85317725465763,-117.23247180344123,35.76553097591114,33,46,11,11
1615684641281,32.85320219642269,-117.23245444001215,35.85715487959687,33,46,11,11
1615684641462,32.85322704360717,-117.23243712600502,35.956555020402455,32,45,11,11
1615684641681,32.853326567788095,-117.23236798880104,36.33745231638609,32,45,11,11
1615684641817,32.85335152312771,-117.23235063912198,36.43346787028671,32,45,11,11
1615684641962,32.85337639286045,-117.23233332624626,36.53600008217529,32,45,11,11
1615684642077,32.853401249693405,-117.23231600451658,36.6403972039785,33,46,11,11
1615684642178,32.853426119620046,-117.23229865669181,36.74629358116213,33,46,11,11
1615684642368,32.85345100259588,-117.23228128838926,36.834137167366,33,47,11,11
1615684642598,32.853550428895176,-117.23221174431076,37.12137288890987,34,48,11,11
1615684642710,32.853575218821625,-117.23219434996616,37.208002290549274,34,48,11,11
1615684642853,32.853600007393986,-117.23217690963727,37.31190777877224,34,48,11,11
1615684643000,32.85362479828558,-117.2321594247487,37.423435253365874,34,48,11,11
1615684643116,32.8536496707716,-117.23214189389853,37.53009215116888,34,48,11,11
1615684643275,32.853724066796836,-117.23208974399923,37.88534954400797,34,48,11,11
1615684643365,32.853748786511424,-117.23207235296589,38.00797504484354,34,48,11,11
1615684643509,32.85377350152195,-117.23205500918627,38.15778131159224,34,48,11,11
1615684643643,32.853798376582404,-117.2320375883098,38.339364309645035,34,48,11,11
1615684643762,32.85382315594125,-117.23202025364718,38.52100705765224,34,48,11,11
1615684643932,32.85384795927431,-117.23200298545366,38.68715970364278,34,48,11,11
1615684644051,32.85387275045908,-117.23198575944079,38.835895963193096,34,48,11,11
1615684644165,32.853897521337416,-117.23196853213638,38.96128730223776,33,47,11,11
1615684644344,32.85399664097766,-117.23189964875884,39.463966970838726,31,45,11,11
1615684644488,32.85402143003555,-117.23188254509272,39.59397694873475,30,45,11,11
1615684644630,32.85404621118858,-117.23186543692492,39.71129797673352,30,44,11,11
1615684644743,32.85407099481527,-117.23184838804674,39.82899023023386,30,44,11,11
1615684644914,32.854095891306585,-117.2318312836307,39.94328336989674,29,43,11,11
1615684645025,32.85412069648513,-117.23181432434629,40.07053683962784,29,42,11,11
1615684645286,32.854220260262935,-117.23174727828784,40.61276624270137,29,43,11,11
1615684645410,32.854245335569075,-117.23173058744835,40.73340394555286,29,42,11,11
1615684645520,32.85427030844706,-117.23171406825645,40.852989688690556,29,43,11,11
1615684645654,32.85429531420376,-117.23169758249844,40.97383586272451,29,43,11,11
1615684645775,32.854320342099506,-117.23168114881041,41.08430300733181,29,42,11,11
1615684645955,32.854345378748704,-117.23166476024929,41.18580085902408,29,42,11,11
1615684646180,32.854446054184585,-117.23159986890505,41.5833409629862,30,43,11,11
1615684646293,32.85447127003256,-117.23158387641509,41.668214195333526,30,43,11,11
1615684646384,32.85449653239575,-117.23156796682701,41.75563253474007,30,43,11,11
1615684646528,32.854521840907154,-117.23155215844561,41.84389582786359,31,43,11,11
1615684646662,32.85454734763558,-117.23153637331339,41.931718032281765,31,43,11,11
1615684646783,32.854572748122,-117.2315208021855,42.02285640152778,31,44,11,11
1615684646953,32.85459818774939,-117.23150530941348,42.11746344480331,30,43,11,11
1615684647180,32.854700546959165,-117.23144420991235,42.4979782587128,31,43,11,11
1615684647362,32.85472617304068,-117.23142919256296,42.58829981042901,31,43,11,11
1615684647454,32.85475185091031,-117.23141426245739,42.68729716533153,31,43,11,11
1615684647598,32.854777578359986,-117.23139941210343,42.78825566096494,31,43,11,11
1615684647698,32.85480333870289,-117.23138465561986,42.890375241551624,31,43,11,11
1615684647850,32.854829150200715,-117.23137000061104,42.99708654008977,31,44,11,11
1615684648094,32.85493288681027,-117.23131205417994,43.393291054309245,31,44,11,11
1615684648179,32.85495889292545,-117.23129783570468,43.48474750535251,32,44,11,11
1615684648327,32.854984940144966,-117.23128372638739,43.576118143191486,32,45,11,11
1615684648428,32.85501119951392,-117.2312696045992,43.671605481465896,32,45,11,11
