1612315532434,32.88386327559753,-116.8965470161775,192.9258651879407,82,121,15,11
1612315532538,32.88386558416972,-116.89654117570615,192.94106351058443,82,122,15,11
1612315532619,32.883867901771026,-116.89653530141666,192.95767502770323,82,122,15,11
1612315532689,32.883870118751894,-116.89652936196758,192.9817824405299,82,122,15,11
1612315532865,32.88387229506004,-116.89652342437489,193.01186342927824,82,122,15,11
1612315532947,32.883874473123775,-116.89651754381183,193.04965885463722,82,122,15,11
1612315533056,32.883876688766534,-116.89651174179893,193.08795887003964,82,121,15,11
1612315533160,32.8838788966549,-116.89650601028373,193.11753492495313,82,121,15,11
1612315533252,32.883881083412376,-116.89650029732012,193.150615955278,82,121,15,11
1612315533368,32.88388329427888,-116.89649464220211,193.18698400018388,82,121,15,11
1612315533517,32.88388554845879,-116.89648908482492,193.225141483707,82,122,15,11
1612315533621,32.88388787089325,-116.89648362589614,193.2659185190305,82,122,15,11
1612315533693,32.88389029034083,-116.89647828009122,193.31101740021046,82,121,15,11
1612315533778,32.88389280308577,-116.89647303665045,193.35116504604505,82,121,15,11
1612315533923,32.88389544722456,-116.89646794283763,193.3902193441882,82,121,15,11
1612315534031,32.883898220699926,-116.8964630029291,193.4304247874821,82,121,15,11
1612315534131,32.88390109326768,-116.89645819696022,193.4726856347113,82,122,15,11
1612315534213,32.88390406354445,-116.89645351583043,193.50901108957515,82,122,15,11
1612315534303,32.88390711952932,-116.8964489551433,193.53691193671884,82,121,15,11
1612315534429,32.88391029456001,-116.89644452359558,193.5653418099919,82,121,15,11
1612315534533,32.88391362875701,-116.89644027348074,193.59858445735603,82,121,15,11
1612315534635,32.88391709813866,-116.89643620251294,193.62985018371964,82,121,15,11
1612315534716,32.883920714032534,-116.89643229285214,193.65829729473987,82,122,15,11
1612315534858,32.88392444543026,-116.89642854482216,193.68749621950224,82,122,15,11
1612315534950,32.88392829150747,-116.89642495477416,193.71848693581623,82,121,15,11
1612315535047,32.88393223861553,-116.89642153286785,193.74673492675882,82,121,15,11
1612315535147,32.883936290165884,-116.89641828984574,193.7672593785277,82,121,15,11
1612315535232,32.8839404526291,-116.89641529202866,193.7848883516058,82,122,15,11
1612315535327,32.88394471299717,-116.89641249108325,193.80285581984873,82,122,15,11
1612315535454,32.88394905729092,-116.89640981615115,193.82379025642948,82,122,15,11
1612315535643,32.88396715104492,-116.89640122100356,193.93281691568743,82,122,15,11
1612315535750,32.88397179981953,-116.89639962851531,193.95948801405314,82,122,15,11
1612315535855,32.88397648266612,-116.89639828750417,193.9842818882717,82,122,15,11
1612315535959,32.88398120344811,-116.89639720422213,194.01665855460834,82,122,15,11
1612315536041,32.88398594326351,-116.89639630235631,194.0505261034264,83,122,15,11
1612315536141,32.883990696309944,-116.89639560415173,194.08536661581056,83,122,15,11
1612315536267,32.88399545437917,-116.89639517647115,194.12514609884988,83,122,15,11
1612315536362,32.884000208742414,-116.89639499485799,194.1695605775493,83,122,15,11
1612315536464,32.884004955466224,-116.89639506284419,194.21536317238073,83,122,15,11
1612315536616,32.88400966843168,-116.89639535593795,194.25522603657632,83,122,15,11
1612315536718,32.884014359668704,-116.89639583772747,194.29401779783524,83,122,15,11
1612315536795,32.884019018757805,-116.89639654193807,194.33341031737916,83,122,15,11
1612315536877,32.88402364746025,-116.89639748976052,194.37338898012075,84,122,15,11
1612315536984,32.88402821916432,-116.8963986894142,194.41096738129758,84,122,15,11
1612315537077,32.88403271298707,-116.89640012463455,194.44726485793427,84,122,15,11
1612315537169,32.8840371950031,-116.89640169774341,194.48919712426004,84,122,15,11
1612315537292,32.88404163916744,-116.89640342027832,194.53490638509885,84,122,15,11
1612315537454,32.88404596372172,-116.89640540665553,194.57362349007994,84,122,15,11
1612315537549,32.884050151610104,-116.896407631715,194.60632883136213,84,122,15,11
1612315537710,32.884054202027414,-116.8964100489298,194.64503638506514,84,122,15,11
1612315537796,32.884058136763194,-116.89641254877365,194.681182192621,84,122,15,11
1612315537891,32.88406195343395,-116.89641508713082,194.70822481365994,84,122,15,11
1612315537979,32.88406559987119,-116.8964177107506,194.739222431096,84,122,15,11
1612315538081,32.88406904184606,-116.89642040164443,194.77554291587424,85,122,15,11
1612315538163,32.88407229284334,-116.89642312521572,194.8144643500939,85,122,15,11
1612315538254,32.884075358130985,-116.89642583939208,194.8502680158362,85,122,15,11
1612315538377,32.884078220888014,-116.89642853105781,194.88343254987387,85,122,15,11
1612315538499,32.88408094521979,-116.896431150362,194.91727359670364,85,122,15,11
1612315538606,32.884083531297335,-116.89643370575645,194.94586327804424,85,122,15,11
1612315538687,32.88408597122189,-116.89643622410404,194.9729935187778,85,122,15,11
1612315538764,32.88408826231706,-116.89643869232711,195.00021382468202,85,122,15,11
1612315538921,32.88409043614158,-116.89644108906853,195.02264919839678,85,122,15,11
1612315539008,32.88409248875038,-116.89644343027501,195.04210977054632,85,122,15,11
1612315539128,32.88409442531379,-116.89644572770233,195.06599749318988,85,122,15,11
1612315539220,32.88409623730683,-116.89644801922316,195.09512004304915,85,122,15,11
1612315539313,32.884097956013846,-116.89645022050014,195.11481381093694,85,122,15,11
1612315539431,32.88409958398772,-116.89645233437925,195.13291806236143,85,122,15,11
1612315539584,32.88410112765425,-116.89645433392016,195.1524091551445,85,122,15,11
1612315539684,32.884102547755276,-116.89645623899206,195.1700835426737,84,122,15,11
1612315539832,32.884103843324866,-116.8964580077779,195.1837014817025,84,122,15,11
1612315539916,32.884105037449956,-116.89645962481724,195.19705818816672,84,122,15,11
1612315539997,32.88410611447107,-116.89646111018155,195.2077223767965,84,122,15,11
1612315540080,32.88410710923641,-116.89646248741855,195.21473619505977,84,122,15,11
1612315540171,32.88410803854688,-116.89646381054335,195.2243322354866,84,123,15,11
1612315540262,32.88410892802078,-116.8964650709439,195.2341391477484,84,123,15,11
1612315540354,32.88410979459598,-116.89646627979354,195.24509321423702,84,122,15,11
1612315540475,32.8841106368193,-116.89646747195259,195.2545989805305,84,122,15,11
1612315540637,32.88411401120465,-116.89647221351228,195.28580874054734,84,123,15,11
1612315540751,32.88411473571503,-116.89647321422738,195.29970443784555,83,122,15,11
1612315540861,32.8841153487133,-116.89647411487961,195.3115563701072,83,122,15,11
1612315540956,32.8841158875401,-116.89647491980915,195.3169264962733,83,123,15,11
1612315541066,32.88411640570493,-116.89647564580568,195.3193233271102,83,123,15,11
1612315541154,32.88411691417072,-116.89647632986865,195.32278228844584,83,123,15,11
1612315541301,32.88411726597404,-116.89647683760056,195.32490758015066,83,123,15,11
1612315541454,32.884117556663796,-116.89647723270754,195.3241015073776,83,122,15,11
1612315541544,32.884117829972546,-116.89647758862553,195.3232459673863,83,122,15,11
1612315541705,32.88411812166792,-116.89647800550958,195.32280896401608,83,122,15,11
1612315541775,32.88411842722208,-116.89647841559758,195.3232990158327,83,122,15,11
1612315541872,32.884118717323055,-116.89647882858854,195.32369947245704,82,122,15,11
1612315541955,32.884118984173526,-116.89647920917231,195.3251342687728,82,122,15,11
1612315542052,32.884119178860104,-116.89647948420526,195.3255438552157,82,122,15,11
1612315542152,32.884119286036395,-116.8964796269339,195.32339064003764,82,122,15,11
1612315542242,32.884119333728016,-116.89647966532945,195.31982384329862,82,122,15,11
1612315542367,32.88411934029908,-116.89647964548548,195.31668895333988,81,122,15,11
1612315542462,32.88411931632802,-116.89647958293206,195.3120965009014,81,122,15,11
