1631981122417,32.880109607684005,-117.23537401661083,75.76335521986998,25,54,14,11
1631981122535,32.880109609873415,-117.23537399586112,75.76327799880687,25,54,14,11
1631981122649,32.88010960673647,-117.235373999987,75.76400159939887,26,54,14,11
1631981122738,32.88010960629608,-117.23537401031325,75.7648112890345,26,54,14,11
1631981122917,32.880109609018106,-117.23537400845419,75.76616584074652,26,54,14,11
1631981123029,32.880109600105484,-117.23537400965506,75.76685930208086,26,54,14,11
1631981123212,32.880109597400384,-117.23537400541979,75.76974947633765,26,54,14,11
1631981123344,32.880109596652865,-117.23537400728547,75.77033321512151,26,55,14,11
1631981123461,32.88010959560932,-117.23537401798811,75.77050725630608,26,55,14,11
1631981123575,32.880109601094304,-117.2353740083004,75.7717277064267,27,55,14,11
1631981123692,32.880109597078075,-117.2353740018101,75.77326201462937,27,55,14,11
1631981123814,32.880109600587595,-117.23537400829109,75.77507622219233,27,55,14,11
1631981123946,32.880109595854094,-117.23537400437728,75.77545450459651,27,55,14,11
1631981124075,32.88010959197605,-117.2353740045502,75.77533949801483,27,55,14,11
1631981124318,32.88010959899555,-117.23537399707652,75.78049670282834,27,56,14,11
1631981124443,32.88010959998751,-117.23537399736954,75.78070143239334,28,56,14,11
1631981124566,32.88010958464828,-117.23537399125725,75.78247057151131,28,57,14,11
1631981124681,32.88010958766277,-117.23537399607245,75.78181846003787,28,57,14,11
1631981124771,32.88010958599839,-117.23537399278698,75.78373715346447,28,57,14,11
1631981124938,32.880109584549125,-117.23537399642159,75.78486692811869,28,58,14,11
1631981125066,32.88010957661919,-117.2353739922877,75.7854250091058,29,58,14,11
1631981125188,32.880109565069525,-117.2353739924715,75.78807355300849,28,58,14,11
1631981125379,32.88010956589454,-117.2353739760527,75.78787943256175,28,58,14,11
1631981125493,32.8801095620159,-117.23537397494452,75.78795868175055,28,58,13,11
1631981125606,32.88010956238459,-117.23537396851917,75.78884078790318,28,58,13,11
1631981125723,32.88010956092045,-117.23537398269853,75.79047345349669,28,57,13,11
1631981125826,32.88010956285048,-117.23537397478529,75.79198392225425,27,57,13,11
1631981125992,32.8801095626972,-117.23537395806618,75.79195129690576,27,57,13,11
1631981126271,32.88010955907659,-117.23537396493417,75.79603662181916,27,56,13,11
1631981126405,32.88010954944393,-117.23537396095115,75.79603660873482,27,56,13,11
1631981126518,32.880109556333814,-117.23537396250876,75.79753710969032,27,56,13,11
1631981126635,32.88010954162856,-117.23537397043623,75.799107921947,27,56,13,11
1631981126751,32.8801095394483,-117.23537397185795,75.80097502437157,27,56,13,11
1631981126842,32.88010954827752,-117.23537396336384,75.8011538007895,27,57,13,11
1631981127024,32.88010954895475,-117.23537396605775,75.8023419813925,27,57,13,11
1631981127305,32.8801095441213,-117.2353739452944,75.80624300311011,28,58,13,11
1631981127439,32.880109537975144,-117.23537394863928,75.80616996107615,28,58,13,11
1631981127554,32.880109537274514,-117.2353739626904,75.80827372641434,28,58,13,11
1631981127678,32.880109518257115,-117.23537395315421,75.80813706917161,28,58,13,11
1631981127903,32.88010953006882,-117.23537394320556,75.81161803725429,29,60,13,11
1631981128016,32.880109522614966,-117.23537394602056,75.81237946678726,29,60,13,11
1631981128242,32.880109531115856,-117.23537393848055,75.81230687550956,29,60,14,11
1631981128322,32.880109529742185,-117.23537392518465,75.81182897170905,29,60,13,11
1631981128489,32.88010952849116,-117.2353739331182,75.81367403797968,29,60,13,11
1631981128600,32.88010952220294,-117.23537391720868,75.81291490884819,29,60,13,11
1631981128797,32.8801095251286,-117.23537390913266,75.81344869912589,29,61,13,11
1631981128909,32.880109531528895,-117.23537389536885,75.8117669728729,29,61,13,11
1631981129029,32.88010951649324,-117.23537388667914,75.811952246297,29,61,13,11
1631981129220,32.88010952604899,-117.23537387852858,75.81211462904875,29,61,13,11
1631981129495,32.880109520388295,-117.23537386156917,75.80990368215879,29,62,13,11
1631981129612,32.8801095294358,-117.23537385392981,75.81015332510334,29,62,13,11
1631981129703,32.88010953184909,-117.23537384243805,75.80918467338557,29,62,13,11
1631981129884,32.88010954341761,-117.23537383624478,75.8069226798255,29,62,13,11
1631981129997,32.88010953364273,-117.23537383088015,75.80645949812718,29,62,13,11
1631981130110,32.88010953016687,-117.23537382558492,75.80580711728174,29,62,13,11
1631981130312,32.88010954197876,-117.2353738083131,75.80384979313774,29,62,13,11
1631981130449,32.88010953324499,-117.23537379705465,75.8028377163031,29,62,13,11
1631981130564,32.88010953417671,-117.2353737840689,75.80158263786015,29,63,13,11
1631981130676,32.880109543237175,-117.23537379371437,75.80172822943929,29,63,13,11
1631981130822,32.880109538183014,-117.23537376534658,75.79947061170364,29,63,13,11
1631981130952,32.88010953960955,-117.23537377392277,75.79986527991795,29,63,13,11
1631981131062,32.88010953744724,-117.23537377878677,75.79983645039363,30,63,13,11
1631981131242,32.88010954288888,-117.23537374732527,75.79731646000592,30,64,13,11
1631981131354,32.88010952737231,-117.23537374091872,75.79531193506533,30,64,13,11
1631981131464,32.88010953142713,-117.23537372751892,75.79460181370301,30,65,13,11
1631981131582,32.88010953236516,-117.23537371764301,75.793482511546,31,65,13,11
1631981131691,32.88010952006446,-117.23537372041528,75.79352449042347,31,65,13,11
1631981131785,32.88010953496515,-117.23537371231052,75.79220434929287,31,65,13,11
1631981131956,32.880109523791525,-117.2353737019137,75.79032909294145,31,66,13,11
1631981132223,32.88010951985406,-117.2353736648235,75.78613226431847,31,67,13,11
1631981132335,32.880109512451945,-117.2353736624366,75.78514822498346,32,67,13,11
1631981132445,32.880109517894255,-117.23537364883812,75.78491738794573,32,67,13,11
1631981132563,32.88010950327119,-117.23537363730755,75.7826265947097,32,68,14,11
