1616700168665,32.76634270485728,-117.17908067800522,-14.832423072498004,37,56,11,11
1616700168883,32.76632038021001,-117.17917401404313,-15.13051741062492,34,52,10,11
1616700169003,32.76631499459769,-117.17919753287855,-15.208585923945291,34,52,10,11
1616700169166,32.76630965335007,-117.17922112434812,-15.279961471742673,34,52,10,11
1616700169265,32.76630442160916,-117.1792448294662,-15.352538160394412,34,52,8,11
1616700169432,32.76629929803719,-117.17926861185106,-15.43194835634021,35,52,9,11
1616700169554,32.766294196426735,-117.17929270342718,-15.512127364053871,35,52,9,11
1616700169830,32.76627456512771,-117.17938895443918,-15.828186982717128,38,53,7,11
1616700169945,32.76626979288081,-117.1794132587937,-15.904476054270607,39,53,6,11
1616700170027,32.76626502073128,-117.17943759634956,-15.981984699028404,40,54,7,11
1616700170183,32.766260284586856,-117.1794619788255,-16.06261175865056,41,55,7,11
1616700170314,32.76625558830407,-117.17948646815398,-16.134902445995355,42,54,7,11
1616700170454,32.76625092337088,-117.1795110220251,-16.20978785550108,42,54,7,11
1616700170600,32.766237154697265,-117.17958489569737,-16.41429015764018,43,53,10,11
1616700170726,32.766232660489734,-117.17960957292067,-16.484498714394196,43,52,9,11
1616700170894,32.76622817074258,-117.17963421236425,-16.559179174117467,42,51,9,11
1616700170998,32.76622379531604,-117.1796588747697,-16.624887993462114,42,51,10,11
1616700171141,32.766219500035085,-117.17968354489223,-16.687836685350792,42,51,10,11
1616700171265,32.76621524643032,-117.1797081487765,-16.77131343928292,42,51,10,11
1616700171399,32.76620328777526,-117.17978194286711,-16.965803581092832,42,51,9,11
1616700171515,32.76619946439378,-117.17980645013364,-17.032396294795483,43,52,9,11
1616700171596,32.76619577907291,-117.17983082085023,-17.109071177306255,44,52,11,11
1616700171768,32.76619218264689,-117.17985511475896,-17.178745606331425,44,53,9,11
1616700171939,32.76618868490778,-117.17987932013747,-17.241737923550527,46,54,8,11
1616700172054,32.76618528254972,-117.17990341430485,-17.30122066070742,46,54,9,11
1616700172175,32.76618199166194,-117.17992737932403,-17.362475109671344,47,55,10,11
1616700172406,32.766169926114976,-117.18002194808454,-17.553125173951845,47,55,10,11
1616700172582,32.76616719685693,-117.18004508542015,-17.592220071105704,46,55,8,11
1616700172699,32.766164613397976,-117.18006796248451,-17.628348782951658,45,54,9,11
1616700172830,32.766162157600405,-117.1800905909761,-17.665358172557376,45,54,10,11
1616700172972,32.76615981849802,-117.18011303100677,-17.691214407398125,44,53,10,11
1616700173123,32.76615761636296,-117.18013529793707,-17.72425397475843,44,53,10,11
1616700173331,32.766149753457334,-117.18022298178907,-17.818303122916447,41,52,10,11
1616700173450,32.766148010861436,-117.18024458524367,-17.840209447244682,41,52,10,11
1616700173563,32.766146332977904,-117.1802661409986,-17.859122472349355,40,51,10,11
1616700173683,32.76614469925308,-117.18028774173065,-17.86484533766797,40,51,10,11
1616700173798,32.76614308296564,-117.18030933807825,-17.88057159382217,39,51,10,11
1616700174006,32.76614146961499,-117.18033096461762,-17.902026721077238,40,51,12,11
1616700174113,32.7661398709194,-117.18035265648845,-17.921805251915437,40,52,12,11
1616700174276,32.766133778455966,-117.18044056320873,-17.99757561967716,40,52,12,11
1616700174451,32.76613232377817,-117.18046290770963,-18.012648605759825,40,52,12,11
1616700174652,32.766130896767805,-117.18048540227754,-18.02580314075119,39,52,12,11
1616700174767,32.766129506125864,-117.18050801503935,-18.044291298546153,39,52,12,11
1616700174925,32.76612570097739,-117.18057681500159,-18.088388561211158,38,52,14,11
1616700175043,32.766124514081326,-117.18060003318989,-18.103132401169493,38,51,14,11
1616700175182,32.76612338557732,-117.18062338795382,-18.117097988349443,37,51,14,11
1616700175301,32.76612231931829,-117.18064688912185,-18.128984696707423,38,51,14,11
1616700175413,32.76612134427858,-117.18067055933939,-18.13544101577932,37,51,14,11
1616700175529,32.76612044876535,-117.18069437394968,-18.147926674550003,36,50,14,11
1616700175882,32.76611763040433,-117.18079104741132,-18.200470580662664,33,47,14,11
1616700175996,32.76611713332277,-117.18081558148937,-18.210074955637165,32,46,14,11
1616700176112,32.76611669689987,-117.18084022217836,-18.232015980771266,32,46,14,11
1616700176226,32.766116354674146,-117.18086500822687,-18.25119257281653,32,45,14,11
1616700176327,32.76611610710273,-117.18088994157151,-18.26856320905303,32,45,14,11
1616700176527,32.76611585495123,-117.18096541151805,-18.33882093569705,33,45,14,11
1616700176640,32.766115951030976,-117.18099077568277,-18.35354041623001,33,45,14,11
1616700176759,32.76611612643609,-117.18101622428904,-18.366483972728023,33,45,14,11
1616700176924,32.76611640658994,-117.18104170620184,-18.38638509093662,34,45,14,11
1616700177069,32.76611678986405,-117.18106720203647,-18.413124498012593,34,46,14,11
1616700177199,32.76611729965296,-117.18109268768822,-18.439921109898552,34,46,14,11
1616700177319,32.76611791752167,-117.18111817772042,-18.459286977330816,34,45,14,11
1616700177520,32.76612147204577,-117.18122001502545,-18.561529410041548,36,47,13,11
1616700177633,32.76612263303258,-117.18124540197795,-18.593120541849338,37,48,13,11
1616700177754,32.76612388268159,-117.18127075666118,-18.622227898000244,38,48,13,11
1616700177912,32.76612523535087,-117.18129608958938,-18.644236672430225,39,49,13,11
1616700178057,32.766126712692866,-117.18132138131975,-18.66252886123329,38,49,13,11
1616700178184,32.76612825572021,-117.18134661176923,-18.68571544778431,38,49,13,11
1616700178302,32.76612987311224,-117.18137180869611,-18.702695442264535,38,49,13,11
1616700178576,32.766137018173595,-117.18147220411981,-18.78193418873329,37,49,13,11
1616700178695,32.766138949319895,-117.18149707623404,-18.822768573306494,37,50,13,11
1616700178806,32.766140955582884,-117.18152190160303,-18.855566297273363,37,50,12,11
1616700178961,32.766143011360114,-117.18154666627353,-18.88742816222563,37,50,12,11
