1616282056291,32.80206068027337,-117.22981250350067,-19.02621381037022,58,100,9,11
1616282056480,32.80206068040435,-117.22981248100092,-19.027833192259695,58,99,9,11
1616282056695,32.80206070423632,-117.22981243313185,-19.029268891853448,57,99,9,11
1616282056850,32.80206072506635,-117.22981238660952,-19.030193373651024,57,98,9,11
1616282056999,32.80206072410924,-117.22981234720213,-19.030829998716083,57,98,9,11
1616282057175,32.80206075497746,-117.22981229495167,-19.03436324845622,56,96,9,11
1616282057379,32.80206076748879,-117.22981225451527,-19.033292107654706,56,96,9,11
1616282057595,32.80206080493938,-117.22981218731832,-19.038899007252237,55,94,9,11
1616282057747,32.80206081235773,-117.2298121629913,-19.040332559253127,54,93,9,11
1616282057972,32.802060845736676,-117.22981208464579,-19.042259762518697,54,92,9,11
1616282058123,32.80206083936053,-117.22981207865382,-19.044647939948813,53,91,9,11
1616282058287,32.80206086175395,-117.22981206696669,-19.046184195468108,53,91,9,11
1616282058518,32.80206088326974,-117.22981198939169,-19.04891426758205,53,90,10,11
1616282058706,32.80206087903775,-117.22981198230502,-19.050029193427253,53,90,10,11
1616282058989,32.80206092060357,-117.22981191652744,-19.056278094796635,53,90,10,11
1616282059137,32.802060916514485,-117.22981189159754,-19.056854582500037,53,90,10,11
1616282059323,32.80206094307902,-117.2298118402068,-19.060547314332023,53,89,10,11
1616282059521,32.80206093479346,-117.22981182760294,-19.062929407096348,53,89,10,11
1616282059727,32.802060957825525,-117.22981179833077,-19.06717282586353,53,89,10,11
1616282059917,32.80206095809923,-117.22981177794037,-19.068085351835954,53,89,10,11
1616282060074,32.80206094776818,-117.22981175735681,-19.069628511072146,53,89,10,11
1616282060423,32.80206097719034,-117.2298116940806,-19.078007119618686,52,88,10,11
1616282060574,32.80206096229001,-117.22981168894638,-19.07948107584912,52,88,10,11
1616282060804,32.80206098742767,-117.22981163044525,-19.082092850172167,52,88,10,11
1616282060972,32.802060997683434,-117.22981160105535,-19.0858422052575,52,88,10,11
1616282061289,32.80206102390524,-117.22981154255854,-19.090357022240006,53,89,10,11
1616282061471,32.80206103117597,-117.22981154835706,-19.0922948608188,53,89,10,11
1616282061708,32.802061035828736,-117.2298114952187,-19.09643714373951,53,89,10,11
1616282062092,32.80206104500919,-117.22981144448903,-19.100637454679557,53,90,10,11
1616282062298,32.80206106444008,-117.22981142465588,-19.104600328762672,53,90,10,11
1616282062492,32.80206107550268,-117.22981137104895,-19.110386870727098,53,90,10,11
1616282062684,32.802061055271004,-117.22981137973187,-19.110738188773997,53,89,10,11
1616282062910,32.802061084008635,-117.22981132870773,-19.117134250908364,53,89,10,11
1616282063062,32.802061075972134,-117.22981130467556,-19.1201129113453,53,89,10,11
1616282063423,32.80206107947547,-117.22981126507399,-19.128714008269682,53,89,10,11
1616282063585,32.80206109809365,-117.22981124328129,-19.130683450412654,53,89,10,11
1616282063636,32.80206108765478,-117.22981119744817,-19.133700288302894,53,89,10,11
1616282063852,32.802061080426434,-117.22981119542212,-19.135017603250713,53,89,10,11
1616282064216,32.802061081663496,-117.22981114960065,-19.14442918303485,53,90,10,11
1616282064368,32.802061089527264,-117.22981111823132,-19.14553993606711,53,90,10,11
1616282064554,32.802061086162375,-117.22981109507991,-19.150524976381963,54,90,10,11
1616282064812,32.802061083468736,-117.22981108975861,-19.154806507972207,54,91,10,11
1616282065006,32.80206110295614,-117.22981105320676,-19.161003213461893,54,91,10,11
1616282065161,32.80206108656746,-117.22981103666973,-19.16245913481018,55,91,10,11
1616282065476,32.80206110214186,-117.22981100080499,-19.170797701484222,55,91,10,11
1616282065817,32.80206108698174,-117.22981093522723,-19.178361863587554,54,91,10,11
1616282065989,32.80206109467082,-117.22981094044093,-19.18167127581958,54,91,10,11
1616282066135,32.80206110703352,-117.22981088753609,-19.187764820902526,54,91,10,11
1616282066306,32.80206111408647,-117.2298108687167,-19.18944212857448,54,91,10,11
1616282066487,32.80206110049026,-117.2298108725511,-19.19029400231929,55,91,10,11
