1612315257807,32.86705140007326,-116.91540218526801,110.26766651917396,81,122,15,11
1612315257878,32.86706458188276,-116.91539028584505,110.31557675763125,81,122,15,11
1612315257980,32.86707787321403,-116.91537851871513,110.36183306784231,81,122,15,11
1612315258084,32.86709127278311,-116.91536689639375,110.40332291604263,81,122,15,11
1612315258166,32.86710477331533,-116.91535544892487,110.4376867504975,82,122,15,11
1612315258259,32.867118345260245,-116.91534417755801,110.46227729995077,82,122,15,11
1612315258382,32.86713201912732,-116.9153330499216,110.49865434108746,82,122,15,11
1612315258500,32.86714578052038,-116.91532206257969,110.53984637043528,82,122,15,11
1612315258571,32.867159611971594,-116.91531124075104,110.57073353841582,82,122,15,11
1612315258727,32.867173525915135,-116.91530060981363,110.59356600979515,82,122,15,11
1612315258819,32.86718753419989,-116.91529017395928,110.62002122732761,82,122,15,11
1612315258912,32.86720162762464,-116.9152799416604,110.64829987653772,83,122,15,11
1612315259015,32.86721579201835,-116.91526988773862,110.67659015415009,83,122,15,11
1612315259099,32.86723000154008,-116.91526002883668,110.69868943439486,83,122,15,11
1612315259181,32.86724423193852,-116.91525031962335,110.72222635349377,83,122,15,11
1612315259275,32.86725849945579,-116.91524076506175,110.75336099362754,83,122,15,11
1612315259396,32.867272753654746,-116.91523134985863,110.777837633613,83,122,15,11
1612315259569,32.86728698346083,-116.91522208046884,110.79793091575742,83,122,15,11
1612315259643,32.867301188130696,-116.9152129778105,110.81826860514629,83,122,15,11
1612315259738,32.867315369199744,-116.91520400250737,110.84028592078073,83,122,15,11
1612315259825,32.86732952368441,-116.91519517835509,110.86318632744353,83,122,15,11
1612315259972,32.8673436306992,-116.91518651906836,110.87533106408318,84,122,15,11
1612315260067,32.86735770958547,-116.91517801077086,110.88343301933095,84,122,15,11
1612315260182,32.867371811251985,-116.91516964941752,110.90033175729498,84,122,15,11
1612315260269,32.86738590879172,-116.91516142838586,110.9119772088739,84,122,15,11
1612315260352,32.867400008114075,-116.9151533569582,110.91499739652922,84,122,15,11
1612315260554,32.86745689958299,-116.91512267299815,110.92620778107006,84,122,15,11
1612315260651,32.86747126740935,-116.91511542127964,110.92031559090883,84,122,15,11
1612315260730,32.867485674048595,-116.91510831143005,110.91006694377218,84,122,15,11
1612315260901,32.867500120872585,-116.91510132354941,110.89747302889901,84,122,15,11
1612315261005,32.8675146106403,-116.9150944825131,110.88292841187287,84,122,15,11
1612315261088,32.86752914187242,-116.91508775838155,110.86922483376527,84,122,15,11
1612315261170,32.86754373649065,-116.91508122477254,110.8554229908429,84,122,15,11
1612315261308,32.867558392675996,-116.91507483633185,110.84142191652985,84,122,15,11
1612315261476,32.867573125936204,-116.91506867279969,110.82542042795913,84,122,15,11
1612315261549,32.86758787857766,-116.91506268216557,110.79703185975382,84,122,15,11
1612315261648,32.86760268013244,-116.91505688173906,110.76521790148354,85,122,15,11
1612315261732,32.867617532376876,-116.91505122447549,110.74033568560276,85,122,15,11
1612315261858,32.86763244203508,-116.91504568664499,110.72036361157589,85,122,15,11
1612315262004,32.867647396253126,-116.91504021477284,110.70142192762948,84,122,15,11
1612315262085,32.86766239041446,-116.91503483569088,110.67572890322914,85,122,15,11
1612315262166,32.86767744136356,-116.91502952501759,110.6477187380229,85,122,15,11
1612315262245,32.86769256934646,-116.9150243155573,110.62161493324076,85,122,15,11
1612315262373,32.867707782572126,-116.91501920852356,110.59608802236662,85,123,15,11
1612315262495,32.867723094497244,-116.91501422799993,110.56900253454324,85,123,15,11
1612315262568,32.867738509106886,-116.91500938207923,110.53894696011895,85,122,15,11
1612315262661,32.86775401807546,-116.91500466919659,110.50320507795782,85,123,15,11
1612315262799,32.86776962822958,-116.91500006158802,110.46534572629463,85,123,15,11
1612315262890,32.86778534599699,-116.91499557931473,110.42654034241174,85,123,15,11
1612315263001,32.86780116864318,-116.91499120981126,110.38570521407003,85,123,15,11
1612315263109,32.8678170887055,-116.91498696698254,110.33937587404453,85,123,15,11
1612315263222,32.867833109045044,-116.91498285052123,110.2885638541683,85,123,15,11
1612315263302,32.8678492281979,-116.91497885558816,110.23481744537581,85,123,15,11
1612315263429,32.867865440316365,-116.91497499245253,110.17833930255702,85,123,15,11
1612315263609,32.867881743235216,-116.91497126578419,110.12328340610766,85,123,15,11
1612315263673,32.86789813688906,-116.91496767145611,110.06872371352803,85,123,15,11
1612315263767,32.867914620025786,-116.91496422760822,110.01581043012487,85,123,15,11
1612315263848,32.86793117256366,-116.91496093710445,109.9604415059707,85,123,15,11
1612315263993,32.86794779730713,-116.91495780097478,109.9018611320472,85,123,15,11
1612315264099,32.867964498172626,-116.9149548238929,109.8415547586727,85,123,15,11
1612315264177,32.86798127784146,-116.91495202347308,109.77985504895665,85,123,15,11
1612315264261,32.86799812911287,-116.91494938666993,109.71004635542708,85,123,15,11
1612315264345,32.8680150796206,-116.91494692392565,109.63765598530631,85,123,15,11
1612315264499,32.86803213285768,-116.91494463142249,109.56454084118691,85,123,15,11
1612315264606,32.86804929785556,-116.91494248511174,109.49049910165654,85,123,15,11
1612315264689,32.86806658687806,-116.91494049593422,109.41693197576146,85,123,15,11
1612315264785,32.86808398352536,-116.91493865846124,109.34039074687203,85,123,15,11
1612315264856,32.868101498296504,-116.91493698490545,109.2656151246939,85,123,15,11
1612315265013,32.86811913870358,-116.91493545337387,109.19824686428693,85,123,15,11
1612315265122,32.86813688761913,-116.91493405263111,109.13125309232824,85,123,15,11
1612315265193,32.86815471063969,-116.91493280327913,109.05795187775097,85,123,15,11
1612315265353,32.86822651108428,-116.91492902224208,108.70360834115337,85,123,13,11
1612315265427,32.86824455694693,-116.91492831427615,108.61053249078529,85,123,13,11
1612315265544,32.86826263647913,-116.91492771312204,108.5208217194642,85,123,13,11
1612315265630,32.868280724141215,-116.91492712222374,108.42876887088798,85,123,12,11
1612315265785,32.868298816594994,-116.91492662889753,108.33661738512477,85,123,12,11
1612315265904,32.8683168995281,-116.91492622922611,108.24310853807334,85,123,12,11
1612315265987,32.86833499271032,-116.91492590833488,108.1550518621989,85,123,13,11
1612315266069,32.86835306817456,-116.91492565818308,108.06423579357617,85,123,14,11
1612315266151,32.868371110735666,-116.91492543180604,107.96881691486395,85,123,14,11
1612315266267,32.86838913018703,-116.91492523781925,107.87465596991277,85,123,14,11
1612315266381,32.86840713357178,-116.91492506381456,107.78223203673002,85,123,14,11
1612315266453,32.86842510409425,-116.91492490737267,107.6824641832683,85,123,14,11
1612315266558,32.86844301732241,-116.91492482112524,107.57509492827297,85,123,14,11
1612315266632,32.86846089101294,-116.91492478977125,107.46995220697065,84,123,14,11
1612315266789,32.868478744718104,-116.9149248071264,107.37057985530409,84,123,14,11
1612315266892,32.86849656754505,-116.91492483481157,107.27310812254991,84,123,14,11
1612315266973,32.868514347561046,-116.91492487533634,107.17422993115724,84,123,14,11
1612315267059,32.868532088436226,-116.91492491076986,107.07414251677149,84,123,14,11
1612315267156,32.86854979622248,-116.91492496151884,106.97323395354405,84,123,13,11
1612315267289,32.86856748801165,-116.91492500982658,106.87218654378613,84,123,13,11
1612315267454,32.86858514078094,-116.91492507007183,106.76557328330635,84,123,15,11
1612315267526,32.86860278171223,-116.91492513744285,106.66079894101509,84,123,15,11
1612315267619,32.868620411365924,-116.91492519853428,106.55676798482108,84,123,15,11
1612315267771,32.86863802324283,-116.91492525111241,106.45073037989872,84,123,15,11
1612315267852,32.86865561987841,-116.91492529745065,106.3453814086792,84,123,15,11
