4925064413441,33.1323,-117.1206,185.1017,81,122,15,11
4925064413531,33.1323,-117.1206,185.1389,81,122,15,11
4925064413640,33.1323,-117.1206,185.1753,81,122,15,11
4925064413731,33.1324,-117.1206,185.2114,81,122,15,11
4925064413835,33.1324,-117.1206,185.2456,81,122,15,11
4925064414028,33.1324,-117.1206,185.2809,81,122,15,11
4925064414109,33.1324,-117.1206,185.3120,81,122,15,11
4925064414199,33.1324,-117.1207,185.3432,81,122,15,11
4925064414321,33.1324,-117.1207,185.3756,82,122,15,11
4925064414405,33.1324,-117.1207,185.4066,82,122,15,11
4925064414488,33.1324,-117.1207,185.4360,82,122,15,11
4925064414572,33.1324,-117.1207,185.4639,82,122,15,11
4925064414651,33.1324,-117.1207,185.4885,82,122,15,11
4925064414729,33.1324,-117.1207,185.5107,82,122,15,11
4925064414832,33.1324,-117.1207,185.5321,82,122,15,11
4925064414963,33.1324,-117.1207,185.5534,82,122,15,11
4925064415056,33.1324,-117.1207,185.5733,82,122,15,11
4925064415135,33.1324,-117.1207,185.5929,83,122,15,11
4925064415274,33.1324,-117.1207,185.6105,83,123,15,11
4925064415369,33.1324,-117.1207,185.6260,83,122,15,11
4925064415453,33.1324,-117.1207,185.6441,83,122,15,11
4925064415631,33.1324,-117.1207,185.6620,83,122,15,11
4925064415710,33.1324,-117.1207,185.6766,83,123,15,11
4925064415812,33.1324,-117.1207,185.6918,83,123,15,11
4925064415881,33.1324,-117.1207,185.7016,83,123,15,11
4925064416069,33.1324,-117.1207,185.7119,83,122,15,11
4925064416160,33.1324,-117.1207,185.7218,83,123,15,11
4925064416241,33.1324,-117.1207,185.7308,83,123,15,11
4925064416364,33.1324,-117.1207,185.7394,84,123,15,11
4925064416452,33.1324,-117.1207,185.7458,84,123,15,11
4925064416601,33.1324,-117.1207,185.7512,84,123,15,11
4925064416682,33.1324,-117.1207,185.7557,84,123,15,11
4925064416760,33.1324,-117.1207,185.7611,84,123,15,11
4925064416883,33.1324,-117.1207,185.7664,84,123,15,11
4925064416964,33.1324,-117.1207,185.7715,84,123,15,11
4925064417090,33.1324,-117.1207,185.7764,84,123,15,11
4925064417187,33.1324,-117.1207,185.7804,84,123,15,11
4925064417269,33.1324,-117.1207,185.7832,84,123,15,11
4925064417380,33.1324,-117.1207,185.7859,84,123,15,11
4925064417465,33.1324,-117.1207,185.7878,84,123,15,11
4925064417548,33.1324,-117.1207,185.7889,84,123,15,11
4925064417629,33.1324,-117.1207,185.7905,84,123,15,11
4925064417726,33.1324,-117.1207,185.7911,84,123,15,11
4925064417834,33.1324,-117.1207,185.7906,84,123,15,11
4925064417905,33.1324,-117.1207,185.7904,84,123,15,11
4925064418104,33.1324,-117.1207,185.7901,84,123,15,11
4925064418187,33.1324,-117.1207,185.7890,84,123,15,11
4925064418272,33.1324,-117.1207,185.7876,84,123,15,11
4925064418383,33.1324,-117.1207,185.7850,85,123,15,11
4925064418468,33.1324,-117.1207,185.7812,84,123,15,11
4925064418647,33.1324,-117.1207,185.7784,84,123,15,11
4925064418729,33.1324,-117.1207,185.7850,87,125,13,11
4925064418828,33.1324,-117.1207,185.7937,89,126,13,11
4925064418931,33.1324,-117.1207,185.8038,91,128,13,11
4925064419000,33.1324,-117.1207,185.8158,93,129,13,11
4925064419144,33.1324,-117.1207,185.8290,94,131,13,11
4925064419225,33.1324,-117.1207,185.8445,95,132,13,11
4925064419325,33.1324,-117.1207,185.8612,96,133,13,11
4925064419426,33.1324,-117.1207,185.8794,96,134,13,11
4925064419515,33.1324,-117.1207,185.8996,97,135,13,11
4925064419598,33.1324,-117.1207,185.9215,97,136,13,11
4925064419686,33.1324,-117.1208,185.9444,98,137,13,11
4925064419769,33.1324,-117.1208,185.9688,97,138,13,11
4925064419876,33.1324,-117.1208,185.9942,97,139,13,11
4925064419946,33.1324,-117.1208,186.0201,97,139,13,11
4925064420151,33.1324,-117.1208,186.0461,97,140,13,11
4925064420232,33.1324,-117.1208,186.0711,97,141,13,11
4925064420314,33.1324,-117.1208,186.0966,97,142,13,11
4925064420429,33.1324,-117.1208,186.1224,97,142,13,11
4925064420510,33.1324,-117.1208,186.1486,96,143,13,11
4925064420703,33.1324,-117.1208,186.1738,96,143,13,11
4925064420784,33.1324,-117.1208,186.1995,96,143,13,11
4925064420871,33.1324,-117.1208,186.2245,95,144,14,11
4925064420980,33.1324,-117.1208,186.2485,95,144,14,11
4925064421050,33.1324,-117.1208,186.2721,94,144,14,11
4925064421276,33.1324,-117.1208,186.3592,93,145,14,11
4925064421354,33.1324,-117.1208,186.3795,92,145,14,11
4925064421495,33.1324,-117.1208,186.3990,92,145,14,11
4925064421576,33.1324,-117.1208,186.4177,91,145,15,11
4925064421666,33.1324,-117.1208,186.4354,91,145,15,11
4925064421768,33.1324,-117.1208,186.4525,90,145,15,11
4925064421838,33.1324,-117.1208,186.4687,90,145,15,11
4925064422030,33.1324,-117.1208,186.4846,90,145,15,11
4925064422120,33.1324,-117.1208,186.4999,89,144,15,11
4925064422215,33.1324,-117.1208,186.5137,89,144,15,11
4925064422318,33.1324,-117.1208,186.5275,88,144,15,11
4925064422418,33.1324,-117.1208,186.5400,88,144,15,11
4925064422512,33.1324,-117.1208,186.5521,88,144,15,11
4925064422593,33.1324,-117.1208,186.5632,87,144,15,11
4925064422732,33.1324,-117.1208,186.5735,87,143,15,11
4925064422832,33.1324,-117.1208,186.5835,87,143,15,11
4925064422906,33.1324,-117.1208,186.5922,86,143,15,11
4925064423043,33.1324,-117.1208,186.6010,86,143,15,11
4925064423134,33.1324,-117.1208,186.6098,86,142,15,11
4925064423214,33.1324,-117.1208,186.6176,86,142,15,11
4925064423323,33.1324,-117.1208,186.6257,85,142,15,11
4925064423428,33.1324,-117.1208,186.6335,85,141,15,11
4925064423511,33.1324,-117.1208,186.6413,85,141,15,11
