1613867402774,32.821390739854465,-117.22870908312848,-3.412460738047827,36,77,11,11
1613867402891,32.82136846369119,-117.22868603766085,-3.4593365948805594,36,77,11,11
1613867403158,32.821279193094114,-117.22859384954539,-3.6465825609804288,35,75,11,11
1613867403272,32.82125685905422,-117.22857078510638,-3.698047159287836,34,75,11,11
1613867403408,32.82123453159571,-117.22854774032038,-3.757039490253271,34,74,11,11
1613867403522,32.821212193704554,-117.22852468867889,-3.815302729703443,33,74,11,11
1613867403636,32.8211898214051,-117.22850163835928,-3.861276102888757,33,73,11,11
1613867403757,32.821167456647466,-117.22847860090899,-3.91685169343962,33,73,11,11
1613867403879,32.821145071709395,-117.22845555001422,-3.961519463970693,33,72,11,11
1613867404133,32.82105563605656,-117.22836335190794,-4.1760310772863125,32,71,11,11
1613867404254,32.82103326646549,-117.22834029017069,-4.237743169873066,32,71,11,11
1613867404388,32.82101090455965,-117.22831723638296,-4.298447829909513,31,70,11,11
1613867404504,32.82098853113702,-117.22829417594046,-4.3408357677976435,31,69,11,11
1613867404618,32.820966142698765,-117.22827113371291,-4.3906365971174885,31,69,11,11
1613867404791,32.8209437465101,-117.22824807535586,-4.439918608473974,31,68,11,11
1613867404917,32.820921370394096,-117.22822502353775,-4.492682344383733,31,68,11,11
1613867405170,32.8208318161081,-117.22813278583533,-4.684750185764001,31,68,11,11
1613867405285,32.820809430229815,-117.22810971885481,-4.742369913072789,31,67,11,11
1613867405419,32.8207870628962,-117.22808661640633,-4.792434497888507,31,68,11,11
1613867405535,32.820764701413324,-117.22806351918862,-4.844640476845443,31,68,11,11
1613867405655,32.82074229291602,-117.2280404479584,-4.896245313970247,31,68,11,11
1613867405780,32.82071988720864,-117.22801737833647,-4.954616675641484,31,67,11,11
1613867405896,32.8206974808418,-117.22799429559639,-5.018812508746592,30,66,11,11
1613867406030,32.82067509040986,-117.22797120325015,-5.082416021863158,30,65,11,11
1613867406121,32.820652705996366,-117.22794807957408,-5.142004017959357,30,65,11,11
1613867406385,32.82056323166769,-117.2278555319719,-5.387648486437504,29,64,11,11
1613867406508,32.82054088067107,-117.22783237264082,-5.455354100614558,29,63,11,11
1613867406618,32.82051852634179,-117.22780921953944,-5.518846602115243,29,63,11,11
1613867406815,32.82049615122567,-117.2277860676472,-5.574065641300986,29,62,11,11
1613867407017,32.820406745620694,-117.22769330408438,-5.800723663222941,28,62,11,11
1613867407220,32.82038439358126,-117.22767011095547,-5.853339168969299,29,62,11,11
1613867407332,32.82036202646457,-117.22764692471242,-5.896511000543823,29,63,11,11
1613867407472,32.820339621686045,-117.22762371282411,-5.939371267702471,30,63,11,11
1613867407582,32.820317208163296,-117.22760056211023,-5.987021620342585,30,64,11,11
1613867407708,32.820294775640406,-117.22757747547705,-6.036382343277939,31,64,11,11
1613867407834,32.82027226018061,-117.2275543883166,-6.073285871691882,31,65,11,11
1613867408012,32.82018222638623,-117.22746210556319,-6.263483724701489,30,64,11,11
1613867408280,32.820159676590904,-117.22743906703145,-6.312372645591682,30,64,11,11
1613867408392,32.82013709716185,-117.22741604407229,-6.362940759145527,30,64,11,11
1613867408530,32.8201145263751,-117.22739300711724,-6.418301621222182,30,63,11,11
1613867408610,32.82004678332417,-117.22732389537607,-6.582539277644852,29,63,11,11
1613867408725,32.82002419032422,-117.22730085513011,-6.628610888968018,29,63,11,11
1613867408947,32.820001606507674,-117.2272778118248,-6.676270187565586,29,63,11,11
1613867409073,32.8199790033212,-117.2272547625431,-6.722599940335165,29,63,11,11
1613867409191,32.81991123730145,-117.2271855260437,-6.875620752219695,28,61,11,11
1613867409362,32.81988868393337,-117.22716241032617,-6.928239589357852,27,60,11,11
1613867409472,32.81986615555447,-117.22713924168355,-6.982841088486335,26,59,11,11
1613867409598,32.81984363068401,-117.22711606097045,-7.029789741045637,26,59,11,11
1613867409716,32.81982109162974,-117.22709287131019,-7.074505385627319,26,59,11,11
1613867409827,32.819798556984836,-117.22706969119298,-7.124142620696681,27,59,11,11
1613867409961,32.81977602509262,-117.2270465150472,-7.172663759964146,27,59,11,11
1613867410129,32.81970845551548,-117.2269768657138,-7.333734049353985,28,61,11,11
1613867410239,32.819685927166375,-117.2269536159146,-7.3796130363627555,28,61,11,11
1613867410378,32.81966344221784,-117.22693031494642,-7.432153393836744,28,60,11,11
1613867410497,32.81964096766302,-117.22690701321136,-7.489794766684141,28,60,11,11
1613867410626,32.81961849338082,-117.22688369611149,-7.549514310188384,28,60,11,11
1613867410802,32.81959600382042,-117.2268603993334,-7.6009268501263305,27,59,11,11
1613867410911,32.81957348646669,-117.22683710849472,-7.65096226345437,27,59,11,11
1613867411195,32.81948333375164,-117.22674407605369,-7.855352080338248,26,58,10,11
1613867411306,32.81946074502911,-117.22672082769218,-7.901835954902843,25,56,11,11
1613867411447,32.8194381517234,-117.22669761327143,-7.9516344029195105,25,56,11,11
1613867411563,32.81941556217662,-117.226674372299,-8.001674255673631,25,56,11,11
1613867411675,32.819392970170526,-117.2266511340474,-8.049959296722815,25,56,11,11
1613867411808,32.81937033828749,-117.22662791997524,-8.097197457646812,25,55,11,11
1613867412107,32.81927976105797,-117.2265350756256,-8.295712885263047,25,55,11,11
1613867412219,32.81925712185576,-117.2265118467514,-8.353059990574561,25,55,11,11
1613867412300,32.81923448769422,-117.22648859136935,-8.407850457629689,25,55,11,11
1613867412478,32.819211876131725,-117.22646533749902,-8.463374746122712,25,55,11,11
1613867412592,32.81918928485749,-117.2264420378826,-8.508066129789656,25,55,10,11
1613867412818,32.81909895418087,-117.2263486203948,-8.672620968045411,25,54,11,11
1613867412946,32.819076414071034,-117.2263252156379,-8.719800353902153,24,53,11,11
