1483234845665,32.646243414522246,-116.98539295778671,129.72306973519227,214,174,15,11
1483234845933,32.64624383086605,-116.98539366434348,129.74749830824504,223,179,15,11
1483234846046,32.646244288060856,-116.98539409931318,129.75065791212313,224,180,15,11
1483234846193,32.646244953529575,-116.98539473892436,129.75984027949815,226,181,15,11
1483234846312,32.64624567241054,-116.98539542520562,129.75620590028777,224,182,15,11
1483234846427,32.646246577939216,-116.98539623731483,129.76488930788338,222,182,14,11
1483234846537,32.646247562111625,-116.98539726829716,129.77605222833995,219,182,14,11
1483234846685,32.646248813503455,-116.98539874537418,129.7832486628298,220,183,14,11
1483234846797,32.64625023303672,-116.9854004465596,129.7809022801161,221,184,14,11
1483234847070,32.64625616960793,-116.98540940561188,129.80932197094558,221,186,14,11
1483234847184,32.646257507365185,-116.98541201751316,129.81847359690968,222,187,14,11
1483234847296,32.64625874770213,-116.98541474662878,129.8277017512928,221,187,14,11
1483234847409,32.646259868027485,-116.9854174823994,129.8389467419802,220,187,14,11
1483234847519,32.64626085401616,-116.98542020379872,129.8489476736973,220,187,14,11
1483234847663,32.64626145286578,-116.98542235598129,129.8526263293657,213,187,14,11
1483234847925,32.64626343761098,-116.98543062676336,129.89489150612619,188,183,15,11
1483234848091,32.64626375182878,-116.9854323311284,129.89473649409206,184,182,15,11
1483234848238,32.646264036712026,-116.98543399139916,129.89489837159405,181,182,15,11
1483234848356,32.64626451099459,-116.98543529691857,129.90140344586285,178,181,15,11
1483234848469,32.64626464444661,-116.9854366291847,129.90931522856127,176,181,15,11
1483234848579,32.64626492001635,-116.98543804838293,129.91274755852956,176,181,15,11
1483234848715,32.64626508634768,-116.98543914702731,129.91578572286954,174,181,15,11
1483234848927,32.646265924006926,-116.98544286243161,129.93610087053554,166,180,15,11
1483234849045,32.64626604344986,-116.98544364023128,129.93475276767833,165,180,15,11
1483234849254,32.64626604761758,-116.98544409757581,129.93315285810854,165,179,15,11
1483234849366,32.64626593427948,-116.98544421791398,129.93427378832382,164,179,15,11
1483234849446,32.64626570868931,-116.98544400533443,129.9352290727933,163,178,15,11
1483234849589,32.64626533228075,-116.98544345863326,129.93385934723767,160,176,15,11
1483234849751,32.64626361297088,-116.98543945729095,129.925957204765,155,172,15,11
1483234849865,32.64626294208903,-116.98543729866233,129.92320682825613,154,171,15,11
1483234849978,32.646262303816975,-116.98543471581091,129.91611207183948,154,171,15,11
1483234850147,32.64626173596408,-116.9854317011015,129.90450744045833,153,170,15,11
1483234850293,32.646261267697085,-116.98542824590099,129.8901351189656,152,169,15,11
1483234850403,32.646260975491366,-116.98542435264031,129.873298849947,150,168,15,11
1483234850516,32.64626093196926,-116.98542006306613,129.8501549390051,149,167,15,11
1483234850626,32.646261121546495,-116.98541535087033,129.82579783890964,148,166,15,11
1483234850823,32.646265230848066,-116.98539315068211,129.6909083071397,138,157,15,11
1483234850937,32.64626726422897,-116.98538696939875,129.64820526817658,136,155,15,11
1483234851101,32.6462696445278,-116.98538062323513,129.60610378550567,136,155,15,11
1483234851249,32.64627237626312,-116.98537411648543,129.56380638604705,137,155,15,11
1483234851366,32.64627545745225,-116.98536746422523,129.52467282213345,139,156,14,11
1483234851511,32.64627886075791,-116.9853606293398,129.4841111185432,139,156,14,11
1483234851627,32.646282485064994,-116.98535365324624,129.44180243726666,140,156,12,11
1483234851747,32.646294583908166,-116.98533165109711,129.29682982912897,138,154,12,11
1483234851864,32.646298865332916,-116.98532409855069,129.2529025893178,138,154,12,11
1483234852039,32.64630333741259,-116.9853165234687,129.20524306158222,138,154,12,11
1483234852177,32.64630788242774,-116.98530888428648,129.154076502637,138,153,12,11
1483234852325,32.64631245203931,-116.98530121162133,129.10483870679835,139,153,12,11
1483234852536,32.646330951376925,-116.98527085738648,128.8969423022078,138,151,11,11
1483234852648,32.646335526496586,-116.9852634727698,128.84545411338902,137,151,11,11
1483234852801,32.64634007019857,-116.98525619856645,128.79394534879037,136,150,11,11
1483234852915,32.646344585207686,-116.98524903274652,128.7413065702937,135,149,11,11
1483234853083,32.6463490739933,-116.98524204659711,128.6880176074179,135,148,11,11
1483234853227,32.64635353026901,-116.98523519601135,128.63368808259497,134,148,11,11
1483234853418,32.646371219684745,-116.9852092981744,128.42050216310543,130,144,12,11
1483234853554,32.64637566394564,-116.98520301648989,128.3649373456543,126,142,12,11
1483234853666,32.646380112513796,-116.98519692852084,128.3095139434693,122,140,12,11
1483234853879,32.64638445492559,-116.98519100126381,128.25347179475727,118,138,12,11
1483234854119,32.64640150665138,-116.98516937096831,128.05463872791736,111,133,11,11
1483234854240,32.64640562812106,-116.98516440326877,128.0125239140299,110,132,12,11
1483234854352,32.646409704914944,-116.98515958827798,127.9702191052166,109,131,12,11
1483234854473,32.646413697852495,-116.9851549502989,127.92766637926631,109,130,12,11
1483234854609,32.64641757825253,-116.98515048189967,127.88751036866614,108,129,12,11
1483234854721,32.646421364479565,-116.98514618650711,127.8478889541793,107,128,12,11
1483234854887,32.64642504207191,-116.98514203452824,127.80546714020235,106,127,12,11
1483234855122,32.64643889710013,-116.98512683176575,127.6290011152174,99,120,12,11
1483234855235,32.64644213671761,-116.98512345307773,127.590351553644,98,119,12,11
1483234855347,32.64644527356177,-116.98512019116272,127.54864533233375,96,117,14,11
1483234855471,32.64644832365257,-116.98511710404107,127.51280511005011,96,116,14,11
1483234855611,32.64645131492032,-116.98511414361468,127.47695077789675,95,115,14,11
1483234855723,32.64645424367114,-116.98511128509632,127.43893135133578,94,114,14,11
1483234855922,32.64646262264056,-116.98510336828421,127.34332291928571,92,111,14,11
