1612399938500,32.77005348851742,-117.20647338866674,-21.5604222627615,85,122,15,11
1612399938627,32.77005461624005,-117.20647108629672,-21.557614834923406,85,122,15,11
1612399938713,32.770055684849204,-117.20646890778113,-21.55337032135428,85,122,15,11
1612399938796,32.77005669224388,-117.20646686409641,-21.550155930038365,85,122,15,11
1612399938947,32.7700576308286,-117.20646495450006,-21.547993057310244,85,122,15,11
1612399939027,32.770058503448624,-117.20646316919866,-21.545163081109543,85,122,15,11
1612399939149,32.77005931377415,-117.20646152737504,-21.542245745971556,85,122,15,11
1612399939230,32.77006006109514,-117.20646003687416,-21.538489031166694,85,122,15,11
1612399939368,32.77006072455784,-117.20645868918196,-21.536615127652638,85,122,15,11
1612399939470,32.77006131226982,-117.20645748641067,-21.535662693440926,85,122,15,11
1612399939544,32.77006181703445,-117.20645642539048,-21.536238986184664,85,122,15,11
1612399939644,32.770062263486764,-117.20645551704838,-21.53541448440781,85,122,15,11
1612399939738,32.77006264339391,-117.2064547569619,-21.534519592230602,85,122,15,11
1612399939848,32.770062942074944,-117.20645412995066,-21.53392668760764,85,122,15,11
1612399939919,32.770063172469484,-117.2064536475888,-21.533134203323158,85,122,15,11
1612399940084,32.77006332916436,-117.20645331605802,-21.5336577711279,85,122,15,11
1612399940174,32.77006341966135,-117.20645311850875,-21.53418439569549,85,122,15,11
1612399940266,32.77006346368525,-117.20645301341172,-21.536241931451606,85,122,15,11
1612399940462,32.77006348959494,-117.20645294696604,-21.537573913833306,85,122,15,11
1612399940544,32.77006351477346,-117.20645289516645,-21.538695651592757,85,122,15,11
1612399940614,32.770063539122816,-117.20645283803654,-21.53949215514661,85,122,15,11
1612399940776,32.77006357145089,-117.20645276674675,-21.539919399205406,85,122,15,11
1612399940870,32.77006361734743,-117.20645267462716,-21.53993236534969,85,122,15,11
1612399941009,32.77006367488839,-117.2064525560584,-21.539375570551204,85,123,15,11
1612399941104,32.77006376274099,-117.20645240781184,-21.53785845757393,85,123,15,11
1612399941186,32.7700638522354,-117.20645225511828,-21.535956043080674,84,122,15,11
1612399941279,32.77006396043594,-117.20645207207933,-21.533856309359706,84,122,15,11
1612399941369,32.7700640915179,-117.2064518632255,-21.531802098461494,84,122,15,11
1612399941505,32.7700642304441,-117.20645160297256,-21.530239170532113,83,122,15,11
1612399941595,32.77006441388082,-117.20645125889186,-21.52851073662818,83,122,15,11
1612399941715,32.77006563321316,-117.20644893682143,-21.513364974852177,82,122,15,11
1612399941829,32.770066058544195,-117.20644811848263,-21.507705491446554,82,122,15,11
1612399941930,32.77006653565372,-117.20644719726646,-21.501638061785357,81,122,15,11
1612399942032,32.77006705906932,-117.20644616931455,-21.495101141538253,81,122,15,11
1612399942128,32.77006765188466,-117.20644501621699,-21.48806629507065,81,122,15,11
1612399942329,32.77006830765438,-117.20644374442637,-21.480513446948304,81,122,15,11
1612399942414,32.77006903599747,-117.20644232506278,-21.472622092801213,80,122,15,11
1612399942486,32.77006983917308,-117.2064407739767,-21.46444135722095,80,122,15,11
1612399942589,32.77007070881661,-117.20643906985443,-21.454811017374613,80,122,15,11
1612399942685,32.77007164870308,-117.20643721844293,-21.444119494737457,80,122,15,11
1612399942840,32.770072679074204,-117.20643521713579,-21.432785580548785,80,122,15,11
1612399942937,32.77007378719945,-117.20643304312411,-21.421601836814627,80,122,15,11
1612399943018,32.77007497558651,-117.2064307079189,-21.410754293541547,80,122,15,11
1612399943119,32.770076250350684,-117.20642818877403,-21.39825296409897,80,122,15,11
1612399943211,32.770077627152574,-117.20642547617608,-21.385231315940736,80,122,15,11
1612399943349,32.77007910358217,-117.2064225532492,-21.371794237872894,80,122,15,11
1612399943429,32.77008068520342,-117.20641940908922,-21.356800988106922,80,122,15,11
1612399943503,32.77008238268504,-117.2064160423692,-21.339836053531236,80,122,15,11
1612399943605,32.77008420548334,-117.20641246494755,-21.321918350520686,80,122,15,11
1612399943699,32.770086138301494,-117.20640867047643,-21.303927184903426,81,122,15,11
1612399943785,32.770088173640026,-117.20640466619804,-21.28699150758269,81,122,15,11
1612399943937,32.77009031008916,-117.20640044799258,-21.266409781281038,81,122,15,11
1612399944027,32.770092542198306,-117.2063960223663,-21.244529668748672,81,122,15,11
1612399944118,32.77009488142029,-117.20639140527413,-21.222572112699368,81,122,15,11
1612399944213,32.77009731415514,-117.20638659383961,-21.202710715462096,81,122,15,11
1612399944406,32.77009985025418,-117.20638161254456,-21.182742321027995,81,122,15,11
1612399944493,32.770102465652094,-117.20637645608025,-21.162232602532296,82,122,15,11
1612399944563,32.77010516246317,-117.20637112197993,-21.140179562245088,82,122,15,11
1612399944665,32.770107950204206,-117.2063656242167,-21.119563547237195,82,122,15,11
1612399944780,32.770110814317974,-117.20635996012248,-21.100442743435412,82,122,15,11
1612399944920,32.77011377007695,-117.20635416014541,-21.0808670185028,82,122,15,11
1612399945001,32.770116793366434,-117.20634821413914,-21.057043032092015,82,122,15,11
1612399945093,32.77011987706746,-117.20634213517314,-21.032350036606775,83,122,15,11
1612399945185,32.770123011945586,-117.20633596491021,-21.010873163240454,83,122,15,11
1612399945275,32.7701261839389,-117.2063297209172,-20.990006713639673,83,122,15,11
1612399945402,32.77012938568215,-117.20632341173405,-20.96742940040177,83,122,15,11
1612399945497,32.770132588638965,-117.20631705426912,-20.947077179838335,83,122,15,11
1612399945567,32.7701358193566,-117.2063106798502,-20.92817652401997,83,122,15,11
1612399945674,32.770139055213065,-117.20630427099962,-20.908261037231473,84,122,15,11
1612399945770,32.770142292495656,-117.20629782998803,-20.887439802050082,84,122,15,11
1612399945908,32.77014554155293,-117.20629138248458,-20.86759895232367,84,122,15,11
1612399945997,32.77014876470064,-117.20628490799577,-20.846745039660405,84,122,15,11
1612399946087,32.77015197294156,-117.20627845284916,-20.8260262897034,84,122,15,11
1612399946189,32.77015516341411,-117.20627202964623,-20.80609682395104,84,122,15,11
1612399946286,32.7701583457604,-117.20626563646222,-20.786456953022878,84,122,15,11
1612399946468,32.77016149715595,-117.20625926206567,-20.770238583007885,84,122,15,11
1612399946561,32.770164636106074,-117.206252916637,-20.755189309192595,84,122,15,11
1612399946635,32.77016777559704,-117.20624660884496,-20.7355198064056,83,122,15,11
1612399946791,32.770170883046674,-117.20624033133338,-20.714598354407283,83,122,15,11
1612399946885,32.77017396858557,-117.20623408692136,-20.697199537720785,83,122,15,11
1612399947029,32.77017704040001,-117.20622786760919,-20.680892959036225,83,122,15,11
1612399947117,32.77018008544114,-117.20622166824778,-20.663975498650743,83,122,15,11
1612399947198,32.77018311273926,-117.20621548955185,-20.64496599310023,82,122,15,11
1612399947292,32.770186139818506,-117.20620934719902,-20.63068431113202,82,122,15,11
1612399947380,32.77018915292947,-117.20620321852452,-20.617298235457735,82,122,15,11
1612399947516,32.77019215510209,-117.20619709899495,-20.600907617385122,82,122,15,11
1612399947616,32.770195151393665,-117.2061909844096,-20.58464188731332,81,122,15,11
1612399947719,32.77020715611907,-117.20616656248868,-20.517615701439595,81,122,15,11
1612399947815,32.77021014607274,-117.20616048896142,-20.50546190197982,81,122,15,11
1612399947922,32.77021311959476,-117.20615443173169,-20.49406460379889,80,122,15,11
1612399948028,32.77021607106048,-117.2061484052338,-20.482360004282786,80,122,15,11
1612399948125,32.77021899855963,-117.20614243847834,-20.470435958551953,80,122,15,11
1612399948314,32.770221877291114,-117.20613653098935,-20.462652749481695,80,122,15,11
1612399948418,32.77022473161574,-117.20613072784116,-20.455674315534182,80,122,15,11
1612399948490,32.77022751066953,-117.20612500178058,-20.446768073003376,80,122,15,11
1612399948594,32.770230243398885,-117.20611939387283,-20.436871682443954,80,122,15,11
