4925064849474,33.12787006178363,-117.1018576900787,171.32665911006458,95,155,15,11
4925064849631,33.12787811333589,-117.10183120189032,171.3265592879351,95,154,15,11
4925064849730,33.12788619942209,-117.10180472039029,171.32249417914443,94,153,15,11
4925064849838,33.12789428488625,-117.10177822656951,171.3160058391842,94,152,15,11
4925064849919,33.12790237677897,-117.10175170336956,171.31328716165632,93,151,15,11
4925064850001,33.12791046060557,-117.1017251425874,171.3120508507206,93,150,15,11
4925064850193,33.12791853992866,-117.10169854344856,171.31131245862053,93,149,15,11
4925064850279,33.12792660190641,-117.10167188657853,171.31188486795944,92,148,15,11
4925064850379,33.12793468064848,-117.1016451731059,171.31537344272755,92,147,15,11
4925064850464,33.127942789635604,-117.10161841281636,171.31283122251054,91,146,15,11
4925064850543,33.12795092014383,-117.1015916186541,171.30399723742565,91,146,15,11
4925064850687,33.12795907905352,-117.10156476505581,171.29437586988712,91,145,15,11
4925064850767,33.127967256798755,-117.10153784993216,171.28583052271838,90,144,15,11
4925064850887,33.12797546172709,-117.10151087268923,171.2768639235631,90,143,15,11
4925064850968,33.1279836909021,-117.1014838275196,171.2694951880747,90,143,15,11
4925064851057,33.127991926362945,-117.10145672134051,171.26436056092265,90,142,15,11
4925064851178,33.12800017267643,-117.10142953665587,171.2613045157892,89,141,15,11
4925064851277,33.128008459461974,-117.10140228730674,171.2564234825021,89,141,15,11
4925064851368,33.12801677300464,-117.1013749936348,171.24985959989382,89,140,15,11
4925064851462,33.12802511921237,-117.10134765229697,171.2418640142402,89,140,15,11
4925064851552,33.12803348943168,-117.10132025730307,171.23467904961112,88,139,15,11
4925064851694,33.12804196457182,-117.10129254305033,171.23081962136135,88,138,15,11
4925064851780,33.12805037896232,-117.10126503762856,171.22421847809107,88,138,15,11
4925064851892,33.12805881854239,-117.10123746717122,171.21621870457707,88,137,15,11
4925064852043,33.128092853469134,-117.10112648137819,171.16813430737307,87,135,15,11
4925064852150,33.128101379845575,-117.10109868445072,171.16084606103098,87,135,15,11
4925064852243,33.12810991880841,-117.10107084732458,171.15362259136202,87,135,15,11
4925064852394,33.12811848281258,-117.10104298942898,171.14271416717764,87,134,15,11
4925064852488,33.12812706519779,-117.10101510935618,171.13204166978898,86,134,15,11
4925064852583,33.128135646715094,-117.10098720302749,171.12225306406975,86,133,15,11
4925064852694,33.12814431121961,-117.10095904054049,171.11411840168012,86,133,15,11
4925064852777,33.1281529020835,-117.10093110234672,171.11127035979675,86,133,15,11
4925064852862,33.12816152036089,-117.10090315055693,171.11360445886947,86,132,15,11
4925064852982,33.12817014601111,-117.10087520157498,171.11229390609685,85,132,15,11
4925064853072,33.128178773353156,-117.10084726844804,171.10540587136208,85,132,15,11
4925064853165,33.12818740917991,-117.1008193342003,171.1019699197655,85,132,15,11
4925064853274,33.12819610789199,-117.1007911946082,171.09883353934262,85,131,15,11
4925064853349,33.12820475265417,-117.10076329974261,171.0968451794788,85,131,15,11
4925064853500,33.12821338891402,-117.1007354026238,171.09700953402753,85,131,15,11
4925064853609,33.12822200442557,-117.10070750951564,171.0976602733379,85,130,15,11
4925064853711,33.12823059365899,-117.10067961274531,171.09896807277525,84,130,15,11
4925064853795,33.12823915265582,-117.10065172430794,171.09768389268604,84,130,15,11
4925064853877,33.12824773912868,-117.10062363429681,171.09692644794208,84,130,15,11
4925064854072,33.12825624363155,-117.10059575498806,171.10151216783927,84,130,15,11
4925064854160,33.12826472693987,-117.10056787029222,171.11055944388303,84,129,15,11
4925064854255,33.128273215506205,-117.10054000602355,171.11500166129542,84,129,15,11
4925064854345,33.128281707878834,-117.10051215819124,171.11812918171526,84,129,15,11
4925064854432,33.12829019783921,-117.10048432187145,171.12252733695732,84,129,15,11
4925064854571,33.12829875062439,-117.10045630486789,171.12767634767667,83,129,15,11
4925064854662,33.128307266747704,-117.10042849346637,171.13125236189654,83,128,15,11
4925064854776,33.128315795094856,-117.10040070541353,171.13111739341866,83,128,15,11
4925064854880,33.128324331720265,-117.10037290903792,171.1333549524817,83,128,15,11
4925064854962,33.12833288489876,-117.10034510821718,171.13754266412326,83,128,15,11
4925064855084,33.12834145601196,-117.10031729903324,171.13998601174833,83,128,15,11
4925064855178,33.12835009395888,-117.10028930385535,171.14214925439865,83,128,15,11
4925064855269,33.12835869127013,-117.10026148562002,171.14002526494684,82,128,15,11
4925064855373,33.128367290312354,-117.10023365935521,171.13129225064628,82,127,15,11
4925064855519,33.12837589063525,-117.1002058315648,171.12128211831066,82,127,15,11
4925064855603,33.128384495936736,-117.10017798240412,171.11955704596784,82,127,15,11
4925064855683,33.128393112012844,-117.10015009091298,171.12378606722206,82,127,15,11
4925064855794,33.12840179861761,-117.10012201065256,171.13224739567485,82,127,15,11
4925064855877,33.12841044630413,-117.10009408326792,171.1388688688864,82,127,15,11
4925064855959,33.128419107806266,-117.10006610763003,171.14833083419353,82,127,15,11
4925064856149,33.1284277771195,-117.10003810748272,171.15696439155997,82,127,15,11
4925064856231,33.12843645006642,-117.10001005317649,171.16525891422933,82,127,15,11
4925064856329,33.12844512762212,-117.09998198954793,171.16639073919717,82,127,15,11
4925064856423,33.12845386978009,-117.09995376025422,171.16589806283744,81,126,15,11
4925064856582,33.128462582142376,-117.09992568223443,171.1630908464978,81,126,15,11
4925064856659,33.12847129214568,-117.09989760107229,171.15785904160447,81,126,15,11
4925064856753,33.128479997410274,-117.09986950639357,171.1559809068229,81,126,15,11
4925064856853,33.1284886947805,-117.09984139150002,171.15662986939597,81,126,15,11
4925064856932,33.12849736498046,-117.09981327169173,171.1549712556328,81,126,15,11
4925064857021,33.12850606207958,-117.09978499659773,171.15746758084165,81,126,15,11
4925064857156,33.12851472130847,-117.09975684846734,171.16180514171995,81,126,15,11
4925064857242,33.12852338102123,-117.09972870753307,171.16029610746642,81,126,15,11
4925064857335,33.12853203024405,-117.09970055228325,171.16284314036602,81,126,15,11
4925064857425,33.12854066985677,-117.09967238791975,171.16488302833773,81,126,15,11
4925064857508,33.12854928260394,-117.09964421919506,171.16811395055188,81,126,15,11
4925064857649,33.128557910656276,-117.09961590234201,171.17392470376558,80,126,15,11
4925064857731,33.12856649015983,-117.099587704646,171.177265505514,80,126,15,11
4925064857864,33.12857506442123,-117.09955950154776,171.1811334769672,80,125,15,11
4925064857945,33.1285836495897,-117.09953130203023,171.18541602170868,80,125,15,11
4925064858028,33.12859224452894,-117.0995031053157,171.1888763271797,80,125,15,11
4925064858219,33.128600846889064,-117.09947490276585,171.19149523028244,80,125,15,11
4925064858304,33.12860949656131,-117.09944659283981,171.19265812375872,80,125,15,11
4925064858400,33.12861811339051,-117.09941839651592,171.19167444982662,80,125,15,11
4925064858497,33.128626739303805,-117.0993902031745,171.18822637752695,80,125,15,11
4925064858570,33.12863534784591,-117.09936199962553,171.18976593281533,80,125,15,11
4925064858726,33.12864396741623,-117.09933378128198,171.1905227885315,80,125,15,11
4925064858818,33.128652602257816,-117.09930557416742,171.1891270975247,80,125,15,11
4925064858926,33.12866127191696,-117.09927727471862,171.18780638459498,80,125,15,11
4925064859009,33.128669927281436,-117.09924906634338,171.18575361271326,80,125,15,11
4925064859091,33.128678603912284,-117.09922085583023,171.18339563515042,80,125,15,11
4925064859208,33.12868728562915,-117.09919264403831,171.17883021684244,80,125,15,11
4925064859300,33.12869595833104,-117.09916443308727,171.1679147887098,79,125,15,11
4925064859391,33.128704638244756,-117.09913622142875,171.1581163913923,79,125,15,11
4925064859487,33.128713343697136,-117.09910791939254,171.15334756573964,79,125,15,11
4925064859580,33.12872202315077,-117.09907968581052,171.1480071383158,79,125,15,11
