1613161872101,32.85520529459527,-117.23732506456558,32.37312831660501,42,122,13,11
1613161872412,32.85520531125979,-117.2373250544959,32.38082528856738,42,121,13,11
1613161872525,32.85520531525407,-117.23732503604745,32.38381162937136,42,121,13,11
1613161872614,32.85520532444959,-117.23732506628046,32.38472274976549,42,121,13,11
1613161872777,32.85520531488008,-117.23732507832285,32.38649542862497,42,121,13,11
1613161872880,32.855205329893785,-117.23732506491179,32.38687985972082,42,121,12,11
1613161873027,32.85520532301607,-117.23732504337077,32.38845973660023,42,121,12,11
1613161873165,32.85520532215502,-117.23732504018022,32.38985307638997,42,121,12,11
1613161873340,32.85520534874045,-117.23732506301225,32.394064905575455,42,121,12,11
1613161873485,32.855205341689675,-117.2373250831218,32.39552009927171,42,121,12,11
1613161873598,32.85520536620755,-117.23732506565119,32.39767805785314,42,121,12,11
1613161873719,32.85520535550769,-117.23732507242234,32.39938252457669,42,120,12,11
1613161873863,32.85520535692428,-117.2373250841432,32.399500934470474,42,120,12,11
1613161874087,32.85520536555847,-117.23732506347704,32.40609329243997,42,121,12,11
1613161874211,32.85520537232458,-117.23732508290205,32.40729100405586,42,121,12,11
1613161874356,32.85520536616696,-117.23732509451126,32.4077476067852,42,121,12,11
1613161874504,32.855205375180944,-117.2373250933923,32.40810906686981,43,121,12,11
1613161874614,32.85520539438509,-117.23732509522267,32.4082993848927,43,122,12,11
1613161874740,32.85520538896204,-117.23732510047175,32.40958182737153,43,122,12,11
1613161874862,32.85520538228598,-117.23732509766091,32.40883306820066,43,122,13,11
1613161874967,32.855205390026455,-117.23732508829173,32.41077239011002,43,123,13,11
1613161875122,32.855205402123396,-117.2373251150199,32.40930026878959,44,123,13,11
1613161875289,32.85520540460122,-117.23732510728685,32.41062078825593,44,123,13,11
1613161875441,32.85520541092019,-117.2373251140347,32.41024474893869,44,123,13,11
1613161875586,32.855205415948085,-117.23732512961104,32.41007137189618,44,123,13,11
1613161875697,32.85520541609496,-117.23732514209422,32.40983684307457,44,123,13,11
1613161875788,32.85520542907984,-117.2373251438748,32.410054392128565,44,124,13,11
1613161875979,32.8552054532233,-117.2373251730798,32.41000411536142,44,124,13,11
1613161876189,32.85520548328332,-117.23732516955236,32.41179089283603,44,124,13,11
1613161876313,32.855205476287594,-117.23732520453589,32.40914733016567,44,123,12,11
1613161876460,32.855205494549026,-117.237325202302,32.411674924926096,44,123,12,11
1613161876607,32.85520550654116,-117.23732520751429,32.409464083239264,43,123,12,11
1613161876722,32.85520550074677,-117.23732521663034,32.41011035461914,43,123,12,11
1613161876918,32.855205538597176,-117.23732524348387,32.40904641893207,43,122,12,11
1613161877058,32.8552055509145,-117.23732526950575,32.40813589612504,43,122,12,11
1613161877207,32.85520554765002,-117.23732526210762,32.410481870141695,42,121,12,11
1613161877374,32.85520556707169,-117.23732525867871,32.40944951316944,42,121,12,11
1613161877608,32.85520558088688,-117.23732528897595,32.40935624380479,42,121,12,11
1613161877709,32.855205573861454,-117.23732531004161,32.40642172446084,42,121,12,11
1613161877846,32.85520558969205,-117.23732531034885,32.40514243461868,42,121,12,11
1613161877993,32.85520559414117,-117.23732532266467,32.40486658578092,42,121,12,11
1613161878075,32.85520559268967,-117.2373253240991,32.4040302971823,42,121,13,11
1613161878231,32.85520559518081,-117.23732532976791,32.40421872411343,42,120,13,11
1613161878523,32.8552056222444,-117.23732534418208,32.3985838279832,42,119,12,11
1613161878636,32.85520562660309,-117.23732534943838,32.39835899028364,41,119,12,11
1613161878730,32.85520563505358,-117.23732535845377,32.397556544696585,41,118,12,11
1613161878864,32.855205640513795,-117.23732537128222,32.39629168023551,41,118,12,11
1613161879012,32.855205656269476,-117.23732536934702,32.39511881567363,41,118,12,11
1613161879150,32.8552056484889,-117.23732537855524,32.39443808808835,41,117,12,11
1613161879372,32.85520565924185,-117.2373253656169,32.39174305139898,41,117,12,11
1613161879483,32.85520567150046,-117.23732537373454,32.38899983554731,41,117,12,11
1613161879598,32.85520567944837,-117.23732537027374,32.38969425621888,41,117,12,11
1613161879792,32.85520565155293,-117.23732536310119,32.38920470817221,41,117,12,11
1613161879883,32.85520565061356,-117.23732536655653,32.38873157852877,41,117,12,11
1613161880080,32.85520564320477,-117.23732537259073,32.382850499113914,42,118,12,11
1613161880280,32.855205623576445,-117.23732537590546,32.38255083460934,42,118,13,11
1613161880433,32.85520554152366,-117.23732536158639,32.38348636137309,42,119,13,11
1613161880578,32.855205435762315,-117.23732538419705,32.381160767946845,42,119,13,11
1613161880700,32.855205295518346,-117.23732540449973,32.381057377243295,42,119,13,11
1613161880919,32.85520424117604,-117.23732541622002,32.378481040736666,43,121,12,11
1613161881056,32.85520390149641,-117.23732544636789,32.374707851779036,43,121,12,11
1613161881191,32.855203524098506,-117.23732549325833,32.373334309279166,43,121,12,11
1613161881520,32.85520166105059,-117.2373256158524,32.36625455787279,43,121,12,11
1613161881632,32.85520110753459,-117.23732565797613,32.36338701574388,43,121,12,11
1613161881726,32.855200515065384,-117.23732565456511,32.360928833361314,43,120,12,11
1613161881861,32.85519992451577,-117.23732568384719,32.35548422941773,42,120,12,11
1613161882006,32.85519932382843,-117.23732574992796,32.353102082313576,41,118,12,11
1613161882095,32.85519866212282,-117.23732576299443,32.35402364408263,40,116,12,11
1613161882259,32.85519799406751,-117.2373258037863,32.34679141522337,40,114,12,11
1613161882419,32.85519582073024,-117.23732568586277,32.34520021336322,39,113,12,11
