1632266023624,32.97742485870677,-117.08769276946369,153.999490032971,123,163,14,11
1632266023748,32.97740198380284,-117.08770716317666,153.96792904071424,122,164,14,11
1632266023869,32.977379060808985,-117.08772166506614,153.94843990110263,121,166,14,11
1632266023981,32.97735615620898,-117.08773624059168,153.9287460057098,118,166,14,11
1632266024104,32.97733322518107,-117.08775086278989,153.90852654284376,115,166,14,11
1632266024239,32.97731037959205,-117.08776543382403,153.87786696988266,112,166,14,11
1632266024526,32.977218701326464,-117.08782355371356,153.7766824620281,102,165,14,11
1632266024659,32.97719581146502,-117.08783808653497,153.75002751949634,100,164,14,11
1632266024751,32.97717290730757,-117.08785256953033,153.72108811000646,97,164,14,11
1632266024950,32.9771498574253,-117.08786716571039,153.69637793882396,95,163,14,11
1632266025156,32.97705823245428,-117.08792521138253,153.61541964594633,88,160,14,11
1632266025273,32.97703531891322,-117.08793974855664,153.58309129063085,86,158,15,11
1632266025401,32.97701221415621,-117.08795429554984,153.5534469637627,84,156,15,11
1632266025547,32.976989299695795,-117.08796871838923,153.52368302567868,82,155,15,11
1632266025680,32.97696636726623,-117.08798317450491,153.49745471860436,81,153,15,11
1632266025826,32.97694343391407,-117.08799762247273,153.4657192714196,79,152,15,11
1632266026056,32.97685176578886,-117.0880554600987,153.3267158997541,75,148,15,11
1632266026170,32.97682885715263,-117.08806992172941,153.30122172165963,74,148,15,11
1632266026282,32.97680590316196,-117.08808441675988,153.27397430647025,73,147,15,11
1632266026445,32.97678299683425,-117.08809887777369,153.24138100247708,72,146,15,11
1632266026616,32.976760062762,-117.0881133213784,153.21246069689718,71,145,15,11
1632266026719,32.97673715577794,-117.08812780021493,153.18764311242293,69,143,15,11
1632266026905,32.97671421505923,-117.08814227905128,153.16482090997243,68,142,15,11
1632266027080,32.976622468828516,-117.08820000191213,153.05453448874272,65,137,15,11
1632266027196,32.976599527172965,-117.08821438612837,153.02076059183108,64,136,15,11
1632266027308,32.97657656111368,-117.08822878488465,152.9883879172879,63,134,15,11
1632266027439,32.97655361312538,-117.08824320870819,152.95339988906878,62,132,15,11
1632266027590,32.976530681479716,-117.0882576166203,152.91779529954064,61,131,15,11
1632266027779,32.97650776482996,-117.0882720348828,152.882783276708,60,130,15,11
1632266027973,32.97641602213241,-117.08832984209519,152.75216758988617,57,124,15,11
1632266028107,32.97639309391745,-117.08834431986853,152.7160990419915,56,123,15,11
1632266028228,32.97637018124335,-117.08835876406546,152.6776075676127,56,123,15,11
1632266028341,32.97634725526217,-117.08837323278128,152.63984001106778,55,121,15,11
1632266028557,32.97627845993562,-117.08841664729826,152.55990857572425,54,119,15,11
1632266028674,32.97625556943986,-117.08843112749574,152.52662113526955,53,118,15,11
1632266028795,32.97623266131138,-117.08844560490692,152.49304030612186,53,117,15,11
1632266028912,32.9762096772494,-117.0884601650033,152.46014722162516,52,116,15,11
1632266029040,32.976186805801895,-117.08847465011577,152.42000595886128,51,115,15,11
1632266029173,32.976163956320065,-117.08848917283788,152.380550279324,50,113,15,11
1632266029287,32.97614106779046,-117.08850372080063,152.35458675193175,50,111,15,11
1632266029400,32.97611818473534,-117.08851822127578,152.32405278713264,49,111,15,11
1632266029565,32.97604937248269,-117.08856167562789,152.2245174743205,47,107,15,11
1632266029697,32.976026482545706,-117.0885760826446,152.19268321833448,46,105,15,11
1632266029787,32.97600358568814,-117.08859052506372,152.16779794090795,46,104,15,11
1632266029933,32.975980687457685,-117.08860502488372,152.14863528035391,46,104,15,11
1632266030043,32.97595778169585,-117.0886194927327,152.1237607969844,46,103,15,11
1632266030195,32.97593471088098,-117.08863405649475,152.09500678617098,46,103,15,11
1632266030309,32.975911817424354,-117.08864849363009,152.06353206555048,46,103,15,11
1632266030421,32.975888922015685,-117.08866292648301,152.0353667989759,45,103,15,11
1632266030449,32.97584307003855,-117.08869186655735,152.010154236195,46,104,15,11
1632266030586,32.97582017636198,-117.08870633827873,151.98751469676165,46,104,15,11
1632266030702,32.97579707596353,-117.08872096176475,151.96124871677975,46,104,15,11
1632266030794,32.975774182311355,-117.08873543703544,151.93830355392507,46,104,15,11
1632266030938,32.975751309448185,-117.08874997465685,151.9152487287368,46,104,15,11
1632266031068,32.97572847332997,-117.0887645902713,151.89247474259753,46,105,15,11
1632266031208,32.97570566232621,-117.08877925616834,151.87471878227117,47,105,15,11
1632266031323,32.975682863181916,-117.08879399397645,151.85450540311717,47,105,15,11
1632266031559,32.97559218707607,-117.08885393967446,151.75607512936338,46,105,15,11
1632266031673,32.97556961426387,-117.08886911936224,151.72566872691337,46,104,15,11
1632266031764,32.97554704528003,-117.08888433174367,151.7003152717762,46,104,15,11
1632266031915,32.97552449453824,-117.08889961149156,151.66908798099328,45,103,15,11
1632266032043,32.97550197469735,-117.08891492164165,151.6351934058255,46,104,15,11
1632266032177,32.97547941219877,-117.08893025352658,151.6076810525666,46,104,15,11
1632266032293,32.9754569305751,-117.08894565784712,151.56806538414241,45,104,15,11
1632266032406,32.97543444139091,-117.08896103768805,151.52543003039432,45,103,15,11
1632266032448,32.97538944628323,-117.08899179945698,151.45783935657457,45,103,15,11
1632266032593,32.97536696731899,-117.08900724857726,151.42673881578574,45,102,15,11
1632266032711,32.975344513485304,-117.08902270866564,151.38600243984777,45,102,15,11
1632266032802,32.97532206851496,-117.08903818405392,151.34636638410976,44,101,15,11
1632266032952,32.97529962331544,-117.08905366035759,151.3065583097752,44,101,15,11
1632266033065,32.97527720383622,-117.08906914868908,151.2690110723464,44,101,15,11
1632266033198,32.97525475390782,-117.0890845634622,151.23716345377355,44,101,15,11
1632266033327,32.97523227405643,-117.08909999066094,151.21676180732297,44,101,15,11
1632266033475,32.975164792530144,-117.08914599658503,151.14098944689033,44,101,15,11
1632266033612,32.975142207978685,-117.0891612931911,151.11588203785516,44,100,15,11
1632266033728,32.9751196391996,-117.08917650043857,151.09825116131807,44,100,15,11
