1616533923980,32.838021447103614,-117.27308689243176,9.79866938123698,41,64,11,11
1616533924115,32.8380214392822,-117.27308688312988,9.798773609013113,41,64,11,11
1616533924229,32.83802145723532,-117.27308687913401,9.798238986823845,41,65,11,11
1616533924340,32.83802145387825,-117.27308687331882,9.798169382690887,41,65,11,11
1616533924422,32.83802145002378,-117.27308685656384,9.79752735487709,41,65,11,11
1616533924623,32.83802145303372,-117.27308685325386,9.797888570438047,41,65,11,11
1616533924757,32.838021451519374,-117.27308684504776,9.79751668120892,41,65,11,11
1616533924882,32.8380214565817,-117.27308681856697,9.797680860033676,42,66,11,11
1616533925003,32.83802145298499,-117.27308680205273,9.797354941087947,42,66,11,11
1616533925141,32.83802145584297,-117.27308678677956,9.79763108719917,42,67,11,11
1616533925257,32.8380214814501,-117.27308679449915,9.798068881613123,42,67,11,11
1616533925371,32.83802147168928,-117.27308676608794,9.797514367400037,42,67,11,11
1616533925453,32.83802147185326,-117.27308676131095,9.797701864495798,42,67,11,11
1616533925602,32.83802147510375,-117.27308675642058,9.798046081417578,42,68,11,11
1616533925886,32.83802148310878,-117.27308671967853,9.79586327015564,42,68,11,11
1616533926001,32.83802149352792,-117.27308669441368,9.794268530345438,43,69,11,11
1616533926133,32.83802149106732,-117.27308667418762,9.79640702956837,43,69,11,11
1616533926248,32.83802149671385,-117.27308667944273,9.796164680642688,43,69,11,11
1616533926365,32.8380214857508,-117.27308667600632,9.79660923237542,43,70,11,11
1616533926453,32.83802148360304,-117.27308665430762,9.797302827898697,43,70,11,11
1616533926654,32.838021479971175,-117.27308665279847,9.796804589648655,43,70,11,11
1616533926752,32.83802149570948,-117.27308663051909,9.797336618184351,44,71,11,11
1616533926951,32.83802147021815,-117.27308662144847,9.79682389085221,44,71,11,11
1616533927067,32.83802146690923,-117.27308661615527,9.7960725177051,43,71,11,11
1616533927201,32.83802147725949,-117.2730866123725,9.795873841915661,44,71,11,11
1616533927312,32.838021480277334,-117.27308660416664,9.795418481798354,44,71,11,11
1616533927425,32.838021480695126,-117.27308659633351,9.795777082159253,44,71,11,11
1616533927506,32.83802147720993,-117.27308659039562,9.79513405959202,44,71,11,11
1616533927652,32.838021484958745,-117.27308659292348,9.794343078709549,44,72,11,11
1616533927748,32.83802148961847,-117.27308656184626,9.795854840001198,44,72,11,11
1616533927894,32.83802146956998,-117.27308653987127,9.796368796775322,44,73,11,11
1616533928024,32.83802147960977,-117.27308654173677,9.796614021900842,44,73,11,11
1616533928216,32.83802149257714,-117.2730865395883,9.79725386403209,44,73,11,11
1616533928330,32.83802148834154,-117.27308653182752,9.797607057552145,44,73,11,11
1616533928585,32.8380215042329,-117.27308650908887,9.798754353000877,45,74,11,11
1616533928745,32.83802149320217,-117.27308649406845,9.800534731451735,45,74,11,11
1616533928836,32.838021494607354,-117.27308648516781,9.800245683063265,45,74,11,11
1616533928984,32.838021489778356,-117.27308648521074,9.800290665924008,45,75,11,11
1616533929147,32.83802148019748,-117.27308647454349,9.799633218337656,45,75,11,11
1616533929284,32.83802149270428,-117.2730864665963,9.799910710470321,45,75,11,11
1616533929403,32.83802148815341,-117.27308645654509,9.79968353798774,45,75,11,11
1616533929588,32.83802150152331,-117.2730864241839,9.799418641551904,45,75,11,11
1616533929723,32.83802149374152,-117.27308641666119,9.798891759371088,45,76,11,11
1616533929880,32.83802150064364,-117.27308641426553,9.798965811803654,45,76,11,11
1616533929974,32.83802149807174,-117.27308640947035,9.79927923481117,45,76,11,11
1616533930171,32.83802149784246,-117.27308640290745,9.799397013686324,45,76,11,11
1616533930308,32.83802149764456,-117.27308639249391,9.799472425789258,45,76,11,11
1616533930363,32.838021512443085,-117.27308638201978,9.799595634879063,45,77,11,11
1616533930490,32.8380215130983,-117.27308635726374,9.799610173831812,45,77,11,11
1616533930631,32.83802152970689,-117.27308638658998,9.800328119555584,46,77,11,11
1616533930790,32.83802150066737,-117.27308636635524,9.799490075774983,46,78,11,11
1616533930885,32.838021509311034,-117.2730863458117,9.798437565382947,46,78,11,11
1616533931041,32.83802153514115,-117.27308637587838,9.800200811604288,46,78,11,11
1616533931188,32.83802150059994,-117.27308634967267,9.798763339760411,46,79,11,11
1616533931302,32.838021528607456,-117.27308635209361,9.800152323161036,46,79,11,11
1616533931381,32.838021515381854,-117.27308634262576,9.79742634597416,46,79,11,11
1616533931530,32.83802152039496,-117.27308633582255,9.797437703193445,46,79,11,11
1616533931678,32.83802152122737,-117.27308633799082,9.795828186461533,46,79,11,11
1616533931808,32.83802152564285,-117.27308633952586,9.79473120874059,46,79,11,11
1616533932084,32.83802152974079,-117.2730863166765,9.793751298433074,47,81,11,11
1616533932200,32.838021539059945,-117.2730863271319,9.792289004705607,47,81,11,11
1616533932313,32.8380215420934,-117.27308633036021,9.791965068545078,47,81,11,11
1616533932487,32.83802154893788,-117.27308632834492,9.79221176694855,47,81,11,11
1616533932595,32.838021532274745,-117.27308631529218,9.791098272778225,47,81,11,11
1616533932749,32.83802153870612,-117.27308630991085,9.789493767145736,47,81,11,11
1616533932891,32.83802152326942,-117.27308628846896,9.784176747161489,46,80,11,11
1616533933004,32.838021531759885,-117.2730862899886,9.782276879677719,45,79,11,11
1616533933141,32.83802153444998,-117.27308630135333,9.78151352000229,45,79,11,11
1616533933255,32.838021540847784,-117.27308629469373,9.780101085486713,45,79,11,11
1616533933370,32.83802152956896,-117.27308627860494,9.778696427195882,45,78,11,11
1616533933452,32.838021533645,-117.2730862673249,9.777988364254927,44,78,11,11
1616533933620,32.83802153471436,-117.2730862703947,9.775904824420614,44,77,11,11
1616533933786,32.83802151976989,-117.27308624957502,9.773032417231736,43,76,11,11
1616533933910,32.83802151909973,-117.2730862279331,9.770344568229136,43,76,11,11
1616533934042,32.8380215212694,-117.2730862356365,9.770129893482373,43,75,11,11
