4925064182829,33.0894349734466,-117.0790679487029,167.97803208119083,78,121,6,11
4925064182910,33.08945457270885,-117.0790887395111,167.993930597008,80,122,13,14
4925064183015,33.08947387426529,-117.07910940274111,168.01389803551882,82,123,0,13
4925064183161,33.08949311940808,-117.07913003947846,168.02346951251937,85,125,0,13
4925064183259,33.089512352190084,-117.07915065934274,168.03915671640442,87,127,0,13
4925064183356,33.08953157047367,-117.0791712335083,168.05130097706427,90,129,0,13
4925064183438,33.08955081398789,-117.07919181070041,168.06406172193152,92,130,0,13
4925064183537,33.08957002334471,-117.07921232450272,168.07088093381134,95,132,0,13
4925064183629,33.089589254895735,-117.0792328315051,168.08290048855173,97,134,0,13
4925064183731,33.08960849763808,-117.07925331773912,168.09003309137898,100,135,0,13
4925064183801,33.089627741973885,-117.07927380192946,168.09484822293146,103,137,0,13
4925064183896,33.08964699577259,-117.07929429466596,168.10399558811037,106,139,0,13
4925064184051,33.089666266169814,-117.07931479945087,168.11957155335816,109,141,0,13
4925064184143,33.08968555212124,-117.07933533162041,168.13879163105284,112,143,0,13
4925064184291,33.08970483412776,-117.07935585700487,168.14907519277995,115,145,0,13
4925064184396,33.08972414209473,-117.0793763978683,168.1647183444649,118,146,0,13
4925064184488,33.08974345711692,-117.0793969490053,168.17716622131147,122,148,0,13
4925064184575,33.08976280191547,-117.07941757830771,168.1865761907916,124,150,15,11
4925064184675,33.08978215773464,-117.07943828150674,168.1953489444862,126,151,15,11
4925064184775,33.08980153037337,-117.07945911693571,168.20848847828736,128,153,15,11
4925064184856,33.08982090519092,-117.07948004568239,168.2154354521877,129,154,15,11
4925064184937,33.08984028113161,-117.07950102416001,168.21953277105086,129,155,15,11
4925064185066,33.08985973023964,-117.07952205527756,168.230737972914,129,156,15,11
4925064185148,33.08987923374858,-117.07954309636538,168.24516098129837,129,156,15,11
4925064185252,33.08989876084664,-117.07956417904416,168.2510178856421,128,157,15,11
4925064185388,33.089918217601735,-117.07958514070003,168.26536824084283,130,158,15,11
4925064185487,33.08993768695555,-117.07960614827506,168.28850777005385,131,159,15,11
4925064185584,33.08995722355094,-117.0796272203143,168.30848292445583,132,160,15,11
4925064185663,33.089976800075775,-117.07964836135196,168.32699686047778,132,160,15,11
4925064185770,33.089996407155894,-117.07966952239606,168.33829657202187,131,160,15,11
4925064185854,33.090016065235616,-117.07969070356891,168.35747693873256,130,161,15,11
4925064185941,33.09003576341702,-117.0797119182702,168.38272958954042,129,161,15,11
4925064186124,33.09005547162278,-117.07973315066653,168.4073833451312,127,161,15,11
4925064186216,33.09007521731709,-117.0797543740378,168.43460057690942,126,161,15,11
4925064186318,33.09009498953896,-117.07977559610866,168.46316072038522,124,161,15,11
4925064186390,33.0901148154914,-117.07979678611308,168.48710910016126,122,160,15,11
4925064186539,33.09013467847732,-117.07981794978366,168.50986519485284,120,160,15,11
4925064186634,33.09015455277441,-117.07983913141871,168.53002315649388,119,160,15,11
4925064186726,33.090174449079825,-117.07986029716683,168.54743327115514,117,159,15,11
4925064186828,33.090194378565556,-117.07988151641607,168.58034379216625,116,159,15,11
4925064186909,33.090214343119236,-117.07990279019697,168.616994319229,114,158,15,11
4925064186990,33.09023430916948,-117.0799241109216,168.6427510659505,113,158,15,11
4925064187121,33.09025430328546,-117.0799455022069,168.6710407079792,111,157,15,11
4925064187201,33.09027432554075,-117.07996694474961,168.6920330515424,110,157,15,11
4925064187312,33.09029438683887,-117.07998843891954,168.71415515379914,108,156,15,11
4925064187468,33.09031449890353,-117.0800099574383,168.734635641466,107,156,15,11
4925064187549,33.09033466462788,-117.08003153127119,168.75888948898745,106,155,15,11
4925064187633,33.090354853455175,-117.08005318831644,168.7852255773453,105,155,15,11
4925064187723,33.09037505750637,-117.08007491887422,168.80625805692478,103,154,15,11
4925064187847,33.09039528094049,-117.08009669063485,168.8206668824227,102,153,15,11
4925064187928,33.09041558757627,-117.08011850983279,168.84443636675954,101,153,15,11
4925064188009,33.0904359585532,-117.08014032131891,168.86759437465187,100,152,15,11
4925064188198,33.090456415276044,-117.08016213267938,168.89118275049577,99,152,15,11
4925064188278,33.090476965420585,-117.08018392768624,168.91118450830632,98,151,15,11
4925064188409,33.09049761290618,-117.08020573480064,168.93120616106137,97,150,15,11
4925064188522,33.09051835089016,-117.08022754000949,168.9507856000772,97,150,15,11
4925064188614,33.090539207420605,-117.08024935337376,168.97627091035488,96,149,15,11
4925064188696,33.09056016214102,-117.08027118596556,168.9994825250345,95,149,15,11
4925064188786,33.090581232123085,-117.08029301533068,169.0177530719152,94,148,15,11
4925064188895,33.09060243782957,-117.08031484477786,169.03412605827995,94,147,15,11
4925064188978,33.09062375420784,-117.08033666400928,169.04693513135817,93,147,15,11
4925064189137,33.09071015565574,-117.08042393073062,169.05780694779963,91,145,15,11
4925064189239,33.090731916520404,-117.08044591330663,169.05265117961844,91,144,15,11
4925064189335,33.09075372555762,-117.08046795790351,169.05141851331615,90,143,15,11
4925064189428,33.09077561421744,-117.08049007722481,169.0540760601917,90,143,15,11
4925064189543,33.0907975481534,-117.08051225516984,169.05042103503862,89,142,15,11
4925064189643,33.09081952456588,-117.08053449758472,169.04178119168145,89,142,15,11
4925064189757,33.09084155065806,-117.0805568165728,169.0366917013929,89,141,15,11
4925064189840,33.09086362976102,-117.08057919967038,169.0330987374079,88,141,15,11
4925064190031,33.090885753442876,-117.08060166461195,169.0282567945676,88,140,15,11
4925064190118,33.090907905329416,-117.08062421053286,169.01969686236802,88,140,15,11
4925064190220,33.09093010498772,-117.08064684865676,169.0160595837106,88,140,15,11
4925064190304,33.09095232451368,-117.08066957534952,169.00988894051562,87,139,15,11
4925064190389,33.09097455452687,-117.0806923818162,169.00299627535003,87,139,15,11
4925064190493,33.09099680903868,-117.08071529074475,169.0062582644176,87,138,15,11
4925064190565,33.091019079216984,-117.08073827102474,169.00646079133216,87,138,15,11
4925064190732,33.09104133996776,-117.08076135204982,169.00374006749777,87,137,15,11
4925064190810,33.0910635575149,-117.08078452065872,168.9999771017606,86,137,15,11
4925064190894,33.09108575612503,-117.08080780914594,169.00477793872898,86,137,15,11
4925064191028,33.09110795211712,-117.08083116962379,169.01195981801231,86,136,15,11
4925064191164,33.091130136158114,-117.08085455004138,169.0121012758508,86,136,15,11
4925064191269,33.09115232519468,-117.08087798817071,169.0216884518069,86,135,15,11
4925064191359,33.09117451125641,-117.08090147176716,169.0322186429701,86,135,15,11
4925064191444,33.09119669099949,-117.08092499042026,169.03977617203665,85,135,15,11
4925064191537,33.09121887278579,-117.08094854748468,169.04919052244452,85,134,15,11
4925064191627,33.09124101918248,-117.08097214813738,169.050749530982,85,134,15,11
4925064191734,33.091263124178276,-117.08099577651083,169.05405090587445,85,134,15,11
4925064191817,33.09128522464433,-117.08101942780873,169.06302339944193,85,133,15,11
4925064191898,33.091307299142244,-117.08104312940168,169.08014966831018,85,133,15,11
4925064192085,33.09132933765667,-117.08106687510396,169.09298660559134,85,133,15,11
4925064192179,33.09135133920164,-117.08109066377745,169.09975572342827,85,133,15,11
4925064192334,33.09137329694868,-117.08111447883864,169.09902028185047,84,132,15,11
4925064192420,33.09139523370981,-117.0811383030792,169.10282125745582,84,132,15,11
4925064192512,33.091417171490804,-117.0811621666353,169.12000252200787,84,132,15,11
4925064192605,33.09143908911158,-117.08118606007152,169.13546842514782,84,131,15,11
4925064192686,33.09146096319099,-117.08120998634789,169.14802632128178,84,131,15,11
4925064192791,33.0914828020938,-117.08123395676701,169.15574121539336,84,131,15,11
4925064192870,33.091504598584265,-117.08125794788565,169.15434269940044,84,131,15,11
4925064192955,33.091526374157226,-117.08128196999469,169.15393345252895,84,130,15,11
