1483235918188,32.66613665458711,-117.07987134029334,-8.10453646260669,47,66,0,13
1483235918340,32.666244447051554,-117.07991315588261,-8.039239775146982,54,71,0,13
1483235918457,32.666271399542715,-117.07992358229119,-8.021699650529401,56,72,0,13
1483235918593,32.66629835511605,-117.07993401276185,-8.003166212669756,58,74,0,13
1483235918712,32.66632530518132,-117.07994446006721,-7.985235040050755,60,75,0,13
1483235918862,32.66635225597827,-117.07995492373271,-7.968831632659764,62,77,0,13
1483235918951,32.666379199692685,-117.07996539439795,-7.955543383287512,64,78,0,13
1483235919087,32.66640613964,-117.07997587838564,-7.9438418252160545,66,80,0,13
1483235919351,32.66651393959659,-117.08001773001884,-7.902249896412222,76,86,0,13
1483235919503,32.666540907768706,-117.08002815294537,-7.893092087823186,79,87,0,13
1483235919612,32.66656787839724,-117.08003857414235,-7.885044775152928,81,89,0,13
1483235919786,32.66659485003615,-117.08004900066561,-7.878316614880881,84,91,0,13
1483235919988,32.666675776566684,-117.08008028825647,-7.863245333241735,92,96,0,13
1483235920102,32.666702758547025,-117.08009071835156,-7.857544944029041,95,97,0,13
1483235920261,32.66672975660793,-117.08010113988635,-7.854243686887924,98,99,15,11
1483235920372,32.66675676920332,-117.0801115377888,-7.850715177805709,101,101,15,11
1483235920454,32.66678381385225,-117.08012190089975,-7.850308401095722,104,102,15,11
1483235920600,32.6668109239842,-117.08013226089437,-7.851745217507208,105,104,15,11
1483235920737,32.66683806261609,-117.080142623096,-7.850826452884085,107,105,15,11
1483235921022,32.666946618812425,-117.08018395669231,-7.886890850217775,114,111,15,11
1483235921176,32.66697368747015,-117.08019431826455,-7.898284010892859,116,113,15,11
1483235921286,32.66700075929927,-117.08020465201272,-7.914520428186129,118,115,15,11
1483235921403,32.66702790785044,-117.080214987861,-7.9265051830063875,120,116,15,11
1483235921520,32.66705504165794,-117.08022524429329,-7.94924722162116,122,118,15,11
1483235921635,32.66708218931049,-117.08023558275987,-7.968189748318783,123,119,14,11
1483235921769,32.66710936099724,-117.08024590057072,-7.985692926447928,125,121,14,11
1483235921988,32.6671909797439,-117.08027694863712,-8.050695913702059,127,124,14,11
1483235922126,32.667218207627684,-117.08028735776905,-8.07234734714203,128,125,14,11
1483235922250,32.66724537833487,-117.08029771334323,-8.099403733024824,129,127,14,11
1483235922363,32.667272594399854,-117.08030809195759,-8.12981595891078,130,128,14,11
1483235922482,32.667299842197146,-117.0803185296315,-8.157012284622503,130,129,15,11
1483235922599,32.66732706386656,-117.08032895869167,-8.18158283010211,131,131,15,11
1483235922798,32.66743587921024,-117.08037062767713,-8.302972783885885,134,136,14,11
1483235923004,32.667463244299164,-117.08038109452558,-8.334637981878378,133,137,14,11
1483235923140,32.667490490901976,-117.0803914994673,-8.367783210179201,133,139,13,11
1483235923259,32.66751769370234,-117.08040195420239,-8.40164334959486,133,140,13,11
1483235923372,32.66754491197412,-117.08041242963428,-8.435075556444582,132,141,13,11
1483235923483,32.66757218299318,-117.08042294402019,-8.466143416791034,132,142,13,11
1483235923601,32.667599479845784,-117.08043340129771,-8.502287425142372,132,143,13,11
1483235923791,32.66770866883556,-117.08047518667608,-8.615091657223795,129,147,14,11
1483235923964,32.667735993261424,-117.08048563711905,-8.645203051288183,128,148,14,11
1483235924188,32.6677632962348,-117.08049605361364,-8.668435503753411,127,148,14,11
1483235924312,32.667790780845074,-117.08050661712291,-8.68811597496755,126,149,14,11
1483235924425,32.6678181005986,-117.08051707959066,-8.7087382930736,125,149,14,11
1483235924615,32.667927473099695,-117.08055889242938,-8.808888776170544,122,151,15,11
1483235924779,32.66795503816698,-117.08056939860803,-8.835591656199433,122,151,15,11
1483235924893,32.66798237023174,-117.08057988545812,-8.857664647118341,121,151,15,11
1483235925048,32.668009761055565,-117.08059032926757,-8.879620811703436,120,151,15,11
1483235925213,32.66803711936086,-117.08060080126192,-8.900951982363146,119,150,15,11
1483235925338,32.668064513451235,-117.08061128377486,-8.921559017715303,118,150,15,11
1483235925458,32.6680918787293,-117.0806217837912,-8.943996297530079,116,150,15,11
1483235925616,32.66820169851731,-117.0806639125134,-9.033566617076128,111,147,15,11
1483235925752,32.66822909861654,-117.0806744250878,-9.05892349527225,111,147,15,11
1483235925865,32.668256530342404,-117.08068495276574,-9.080964707838811,110,146,15,11
1483235926229,32.668366207628225,-117.08072729252358,-9.153830585392997,105,144,15,11
1483235926343,32.668393633451785,-117.08073796010626,-9.167101111452471,104,143,14,11
1483235926461,32.668421096048945,-117.08074856719148,-9.184271028055154,102,142,14,11
1483235926592,32.66844854248073,-117.08075922577594,-9.201991107660904,101,142,14,11
1483235926704,32.668476034266455,-117.08076981980706,-9.220422556243758,100,141,14,11
1483235926840,32.66850348727996,-117.08078048317593,-9.22806892201088,98,140,14,11
1483235927135,32.66861343513405,-117.08082308154648,-9.285315322230158,92,136,14,11
1483235927249,32.66864094950671,-117.08083374103988,-9.30038508871259,91,135,14,11
1483235927359,32.66866848421677,-117.08084441244856,-9.311609413912468,89,134,14,11
1483235927473,32.668695965438936,-117.08085510370722,-9.325714293459473,88,132,14,11
1483235927614,32.66872350626847,-117.08086580643302,-9.340272148050083,85,130,14,11
1483235927724,32.66875101040043,-117.08087649748516,-9.352577187552408,83,128,14,11
1483235927905,32.668833608203954,-117.08090852254628,-9.400523025737453,78,121,15,11
1483235928074,32.668861141549904,-117.08091915433424,-9.41422863114563,76,119,15,11
1483235928196,32.668888689837196,-117.08092980665943,-9.43086267241217,74,117,15,11
