1620506952677,32.81767513192078,-117.00088204032788,145.2542980995109,64,94,11,11
1620506952842,32.81770456453062,-117.00088026350164,145.10889664577041,64,94,11,11
1620506952974,32.817733995727295,-117.000878594283,144.95271039430892,65,95,11,11
1620506953140,32.81782222307272,-117.0008742043604,144.451914145153,66,96,11,11
1620506953231,32.81785165278874,-117.00087294578138,144.2942544571531,67,97,11,11
1620506953398,32.81788107559949,-117.00087177606184,144.1339206174673,67,97,11,11
1620506953516,32.81791048904157,-117.00087070887936,143.97084448755743,68,98,11,11
1620506953628,32.81793989880837,-117.00086975105913,143.80993809180194,69,99,11,11
1620506953741,32.817969311754624,-117.00086890325547,143.65422612083574,69,99,11,11
1620506953908,32.81799873911665,-117.00086818216882,143.5078867742778,69,100,11,11
1620506954137,32.81811637828505,-117.00086690124438,142.92457585877222,69,100,11,11
1620506954236,32.81814575377289,-117.00086698848659,142.7732737030565,67,99,11,11
1620506954408,32.81817510896503,-117.00086724881369,142.6220752359734,65,98,11,11
1620506954620,32.81820445497318,-117.00086764158492,142.4716692604291,64,97,11,11
1620506954832,32.81832168069163,-117.00087047284465,141.90592215875608,61,94,10,11
1620506954944,32.818350948472506,-117.00087144707511,141.7764039626671,61,94,10,11
1620506955130,32.81838020469505,-117.00087253989561,141.65170484901176,61,95,10,11
1620506955278,32.81840944973464,-117.00087374396924,141.52541121854617,62,95,10,11
1620506955370,32.818438638338314,-117.00087505813515,141.38312285959606,62,95,11,11
1620506955546,32.818467800435045,-117.00087648219629,141.2384239168917,62,95,11,11
1620506955659,32.81849695779655,-117.00087799802397,141.09881057124846,63,96,11,11
1620506955831,32.81861356420732,-117.0008850380246,140.5092531013318,64,97,11,11
1620506955975,32.81864269448967,-117.00088705370126,140.3558736894606,64,96,11,11
1620506956108,32.81867182783066,-117.00088920734603,140.20401179728378,62,95,11,11
1620506956224,32.81870095237521,-117.00089151247634,140.0501197676872,61,94,11,11
1620506956314,32.818730068903676,-117.00089398845454,139.89321055602738,61,94,11,11
1620506956486,32.81875917204303,-117.00089662514439,139.73303041570696,59,92,11,11
1620506956608,32.81878825063262,-117.00089938152294,139.56966310709598,57,90,11,11
1620506956834,32.81890455274387,-117.00091149188246,138.954399842526,54,87,11,11
1620506956991,32.8189335956161,-117.00091479260264,138.80033125204142,53,86,11,11
1620506957129,32.81896261445172,-117.00091820968322,138.64547378232604,54,86,11,11
1620506957276,32.818991616790356,-117.00092176306293,138.49453911629635,53,86,11,11
1620506957366,32.81902061933712,-117.00092543090922,138.3489614406797,53,85,11,11
1620506957534,32.8190495989399,-117.00092920500151,138.19725866747154,53,85,11,11
1620506957644,32.819078552278704,-117.00093309760373,138.0404079490164,52,84,11,11
1620506957717,32.819165289374915,-117.00094540380901,137.5761918732327,50,81,11,11
1620506957921,32.819194150512416,-117.00094973730421,137.42346189308728,49,79,11,11
1620506958034,32.8192229941823,-117.00095418074345,137.27764541816774,48,78,11,11
1620506958199,32.81925183125346,-117.00095873113305,137.13632720096473,47,77,11,11
1620506958311,32.8192806172436,-117.00096336438479,136.98894803546804,47,77,11,11
1620506958435,32.81930937612577,-117.0009681146561,136.8405574358733,47,76,11,11
1620506958632,32.81942408766361,-117.00098827404992,136.26317741383042,45,74,11,11
1620506958800,32.81945267970395,-117.00099361978516,136.12579724419325,45,73,11,11
1620506958932,32.81948124103629,-117.00099906402465,135.98726105387922,45,73,11,11
1620506959045,32.819509770959385,-117.00100460192738,135.84396683662473,45,72,11,11
1620506959204,32.81959509014819,-117.00102180009658,135.42817455194128,50,76,11,11
1620506959369,32.81962347227039,-117.00102772516338,135.2963043527093,52,77,11,11
1620506959481,32.819651823272466,-117.00103373776717,135.16233540086225,53,78,11,11
1620506959596,32.81968012383762,-117.00103983340979,135.0196956721529,54,79,11,11
1620506959717,32.819708417163575,-117.00104606004672,134.87549684747142,54,80,11,11
1620506959883,32.81973669844095,-117.00105237059391,134.74218383046025,55,81,11,11
1620506960015,32.81976498440801,-117.00105876984823,134.61002536279636,56,81,11,11
1620506960200,32.81987797955455,-117.00108499402266,134.08378225065255,56,83,11,11
1620506960367,32.819906141425804,-117.0010917958527,133.94248325354758,56,84,11,11
1620506960478,32.81993430765937,-117.00109870238556,133.8064579733077,56,84,11,11
1620506960597,32.819962379686366,-117.0011056593363,133.6761246492717,56,85,11,11
1620506960711,32.8199905190511,-117.00111273263641,133.5582506961875,56,85,11,11
1620506960850,32.82001874760397,-117.00111986712317,133.4372244998749,56,85,11,11
1620506961137,32.82013096128295,-117.00114888753852,132.93299705198532,55,86,11,11
1620506961260,32.82015895274543,-117.00115629228009,132.8045037267042,54,86,11,11
1620506961396,32.820187145062384,-117.00116380876497,132.67953931620386,54,86,11,11
1620506961508,32.82021510103341,-117.00117138321798,132.5502927376442,53,85,11,11
1620506961620,32.82024298363157,-117.00117901285097,132.43023735160912,52,85,11,11
1620506961735,32.820270932445986,-117.00118677821307,132.32216021938882,51,84,11,11
1620506961899,32.82029884319207,-117.00119459836753,132.208857766107,49,83,11,11
1620506962138,32.82040999789977,-117.00122765547387,131.7222095842483,47,80,11,11
1620506962228,32.82043775288584,-117.00123613394427,131.60108551212798,47,80,11,11
1620506962395,32.82046549803673,-117.0012447188914,131.47751298423907,47,80,11,11
1620506962507,32.820493188987285,-117.00125340148566,131.34976163993943,46,79,11,11
1620506962620,32.8205208680025,-117.00126216872177,131.2173253585793,46,79,11,11
1620506962730,32.8205485346679,-117.00127103228908,131.09310648328898,46,79,11,11
