1616700569767,32.77751710748175,-117.20016101376271,-25.97132906389223,24,58,11,11
1616700569946,32.77752714496084,-117.20015234678031,-25.959776438624875,24,57,12,11
1616700570060,32.77753703983329,-117.20014378077876,-25.950282473411097,24,58,12,11
1616700570175,32.7775468080513,-117.2001353132291,-25.94011268137832,25,58,12,11
1616700570285,32.777556415760166,-117.2001269503076,-25.93389161382644,25,58,12,11
1616700570523,32.777593335151614,-117.20009468892827,-25.93761817222021,25,58,12,11
1616700570693,32.77760220701965,-117.20008691418695,-25.934397411865024,25,58,12,11
1616700570808,32.777610906834525,-117.20007924276804,-25.9293610451696,25,57,12,11
1616700571084,32.77764425895177,-117.20004959364249,-25.882415115278203,25,57,12,11
1616700571207,32.77765223059506,-117.20004251418644,-25.87527728428506,24,56,12,11
1616700571415,32.77766006142783,-117.20003555915507,-25.86714815670866,23,55,12,11
1616700571529,32.77766775273087,-117.20002868614093,-25.857730994919276,23,55,12,11
1616700571644,32.777675300169946,-117.20002190546495,-25.8474230431604,23,55,12,11
1616700571759,32.777682709069474,-117.20001526387414,-25.84135372515977,24,55,12,11
1616700572018,32.777710944410394,-117.1999899135038,-25.82434153901759,24,56,12,11
1616700572129,32.77771765558589,-117.19998387386849,-25.820909065298554,25,56,12,11
1616700572233,32.77772422660223,-117.19997796096185,-25.816647257889215,25,56,12,11
1616700572380,32.77773064601898,-117.19997216169912,-25.81348642676405,25,56,12,11
1616700572554,32.77773692765207,-117.1999665079121,-25.808639050547498,24,55,12,11
1616700572664,32.77774307922639,-117.19996095031,-25.805853975183837,25,55,12,11
1616700572816,32.77776078568285,-117.19994493654666,-25.796451359838702,25,56,12,11
1616700572969,32.77776649883108,-117.19993978018852,-25.797637646660544,25,56,12,11
1616700573084,32.77777213531749,-117.199934669942,-25.796266468858143,26,57,12,11
1616700573198,32.777777702414255,-117.19992961332268,-25.793509134737455,26,57,12,11
1616700573301,32.77778322270435,-117.19992463730246,-25.79039516293079,27,58,12,11
1616700573506,32.77778869532203,-117.19991971688393,-25.785038912101733,27,58,12,11
1616700573626,32.77779409801088,-117.1999148605287,-25.78369582776763,27,58,12,11
1616700573832,32.77781473710263,-117.19989644291344,-25.74773443639521,24,55,12,11
1616700573985,32.77781959439932,-117.19989213489734,-25.734367036238698,22,54,12,11
1616700574098,32.777824317436554,-117.19988795396625,-25.728266085843913,22,54,12,11
1616700574191,32.777828870251156,-117.19988393202644,-25.720196719613206,22,53,12,11
1616700574324,32.77783326507699,-117.19988006010823,-25.71395085304266,22,53,13,11
1616700574463,32.77783750282964,-117.19987634731605,-25.7056436775308,22,52,13,11
1616700574612,32.77784930407235,-117.19986603574202,-25.68903037319074,22,52,13,11
1616700574726,32.77785294757679,-117.19986287526811,-25.683934681844626,22,53,12,11
1616700574894,32.77785643196745,-117.19985985940838,-25.68018354948721,22,53,12,11
1616700575046,32.777859758534,-117.19985700772868,-25.676817083370437,22,53,12,11
1616700575156,32.77786295000177,-117.19985428294153,-25.673308447465686,23,53,12,11
1616700575269,32.77786598940538,-117.19985168126259,-25.668022079842373,22,52,12,11
1616700575415,32.77787428457298,-117.19984460904126,-25.6590484520835,23,52,12,11
1616700575530,32.777876738838714,-117.19984253254984,-25.658399554724518,23,53,12,11
1616700575644,32.77787902231597,-117.19984060873433,-25.65084257042955,22,52,12,11
1616700575758,32.77788115363229,-117.19983881527213,-25.64761582031088,22,52,12,11
1616700575924,32.777883137273825,-117.19983714665696,-25.641511613081715,21,51,12,11
1616700576082,32.77788499681321,-117.19983561345681,-25.640773151463375,22,51,12,11
1616700576195,32.77788669558394,-117.19983422227443,-25.636830695394494,21,51,12,11
1616700576430,32.77789201303796,-117.19982978356178,-25.626760453983206,20,49,13,11
1616700576540,32.77789312236347,-117.19982886531763,-25.629624145475617,20,49,13,11
1616700576711,32.77789422273297,-117.19982793473913,-25.632565603157488,21,50,13,11
1616700576828,32.777895322767925,-117.19982701652025,-25.63209669791122,21,50,13,11
1616700577117,32.777899807049074,-117.19982330843877,-25.633233322711977,22,52,13,11
1616700577226,32.77790102163079,-117.19982230979319,-25.63504088044081,23,52,13,11
1616700577429,32.77790234913679,-117.19982121479728,-25.635888036040566,23,53,13,11
1616700577543,32.77790380366915,-117.19981998533056,-25.635189061810845,23,53,13,11
1616700577656,32.777905444751504,-117.19981866951692,-25.63578973598664,23,53,13,11
1616700577772,32.777907279294276,-117.19981717711285,-25.63681896271054,24,54,13,11
1616700577920,32.77791401065939,-117.1998116399221,-25.63170269507223,25,55,13,11
1616700578032,32.777916703743685,-117.19980943896155,-25.626569226924033,25,55,13,11
1616700578148,32.77791964094317,-117.19980705981851,-25.620334026796087,25,55,13,11
1616700578248,32.77792282424877,-117.19980450441358,-25.61405954405154,25,55,13,11
1616700578366,32.77792625618674,-117.19980179800174,-25.603400156196656,25,56,12,11
1616700578514,32.77792994754278,-117.19979895215263,-25.58981285718591,25,56,12,11
1616700578858,32.77794720804232,-117.19978631600706,-25.54930516663332,25,56,12,11
1616700579005,32.777952141718615,-117.19978287584242,-25.537693646226003,26,57,12,11
1616700579117,32.77795730329092,-117.19977937817772,-25.531480151403542,26,57,12,11
1616700579247,32.77796271556997,-117.19977585271435,-25.522207146831203,25,56,12,11
1616700579348,32.77796834787224,-117.1997722392658,-25.519511514900646,25,56,12,11
1616700579631,32.777993238698876,-117.19975736472344,-25.504039423739073,24,55,12,11
1616700579748,32.77800001892314,-117.19975358407846,-25.502825732657243,25,55,13,11
1616700579916,32.778006996008614,-117.1997498616846,-25.510565946689983,25,56,13,11
