1633099414270,32.773302438635504,-117.20736724527487,-27.956285661532526,50,146,15,11
1633099414487,32.77341602346287,-117.20739593427294,-27.835974854794475,49,143,15,11
1633099414665,32.77344444675018,-117.2074031240344,-27.80782665533782,49,142,15,11
1633099414786,32.77347288864139,-117.20741030409309,-27.765941683377907,48,141,15,11
1633099414947,32.77350135021943,-117.20741746357768,-27.729149605780265,48,140,15,11
1633099415064,32.77352981620761,-117.20742464593013,-27.695644140955682,48,139,15,11
1633099415299,32.77364382385552,-117.20745315231444,-27.566091770613905,46,136,15,11
1633099415467,32.773672318935986,-117.20746030950845,-27.531925462253117,46,135,15,11
1633099415570,32.773700804141,-117.20746748625754,-27.494856142508695,46,135,15,11
1633099415776,32.77372927494905,-117.2074746839409,-27.453395100457954,46,134,15,11
1633099415868,32.77375770688306,-117.20748188038932,-27.41240140139539,46,133,15,11
1633099416108,32.77387100762696,-117.2075106202281,-27.289846946862824,46,133,15,11
1633099416225,32.7738992012844,-117.20751774557303,-27.260628061787386,46,133,15,11
1633099416395,32.77392734838683,-117.20752484636049,-27.229264176748266,46,133,15,11
1633099416509,32.77395542081337,-117.20753193775204,-27.196218819592524,46,133,15,11
1633099416610,32.77398341243405,-117.2075390172653,-27.163967523569916,46,133,15,11
1633099416795,32.77401135668776,-117.20754607286406,-27.13606184215777,46,133,15,11
1633099416967,32.77412235196815,-117.20757399463133,-27.031515171485378,47,133,15,11
1633099417115,32.77415000567636,-117.20758091511256,-26.988998031520303,47,132,15,11
1633099417227,32.77417760803011,-117.20758782559929,-26.951294528390356,47,133,15,11
1633099417343,32.77420512970385,-117.20759474886434,-26.91728135718444,47,132,15,11
1633099417703,32.77431516085846,-117.20762225973098,-26.794697710629784,46,131,15,11
1633099417792,32.77434269083862,-117.20762911346148,-26.774839975579706,46,131,15,11
1633099417940,32.77437018190363,-117.20763594718005,-26.752997588349025,46,130,15,11
1633099418073,32.77439771366076,-117.2076427536304,-26.73151148830359,46,130,15,11
1633099418187,32.77442527712035,-117.20764954675926,-26.71191983747822,46,129,15,11
1633099418302,32.774452903513875,-117.20765632908062,-26.695983384141613,45,129,15,11
1633099418505,32.77453580127926,-117.2076766757832,-26.65321552196256,45,128,15,11
1633099418680,32.774563507295525,-117.2076834494333,-26.626036509517334,45,127,15,11
1633099418791,32.774591281550244,-117.20769024028621,-26.60001149906048,45,127,15,11
1633099418881,32.77461909970882,-117.2076970399214,-26.581543186921653,44,127,15,11
1633099419039,32.774646923859855,-117.20770385149949,-26.55808520254086,44,126,15,11
1633099419174,32.774674820749574,-117.20771068632361,-26.53667082467524,44,126,15,11
1633099419483,32.77478678416392,-117.2077380315467,-26.47132932941309,43,123,15,11
1633099419612,32.7748148602492,-117.20774491516156,-26.45088713394673,43,123,15,11
1633099419756,32.7748429863472,-117.20775181067432,-26.43174029411464,43,123,15,11
1633099419997,32.77495570135964,-117.20777944222382,-26.374910397581864,43,122,15,11
1633099420117,32.77498392321104,-117.20778635266798,-26.362163555853023,43,122,15,11
1633099420230,32.77501213328125,-117.20779326875991,-26.35267023594409,43,121,15,11
1633099420406,32.77504034531441,-117.20780018877915,-26.34886182190897,42,120,15,11
1633099420550,32.77506853609227,-117.20780711153205,-26.34037571124457,42,119,15,11
1633099420708,32.77515305842972,-117.20782793748559,-26.324220961958186,41,117,15,11
1633099420821,32.77518113253517,-117.20783483971239,-26.31912292471631,41,117,15,11
1633099420910,32.77520912345829,-117.20784175250344,-26.316238279885983,40,116,15,11
1633099421079,32.77523706096863,-117.20784865576915,-26.310770907322777,40,115,15,11
1633099421193,32.77526491064487,-117.2078555221865,-26.310835502477804,40,115,15,11
1633099421305,32.77529276201217,-117.20786240134102,-26.310288572421033,40,114,15,11
1633099421517,32.77537560292139,-117.20788283260579,-26.307893979127233,40,114,15,11
1633099421662,32.77540311497678,-117.20788959252896,-26.31378328524497,40,114,15,11
1633099421808,32.775430561742105,-117.2078963233025,-26.32186667960507,40,114,15,11
1633099421919,32.775458097647174,-117.2079030532209,-26.32911616798472,40,114,15,11
1633099422034,32.7754855177745,-117.20790973237227,-26.332504115571247,40,114,15,11
1633099422300,32.775595176121584,-117.20793607503305,-26.3568840378478,40,113,15,11
1633099422413,32.77562272395351,-117.20794255591632,-26.364744589034295,40,113,15,11
1633099422547,32.77565011465725,-117.20794893423324,-26.37174993528788,40,113,15,11
1633099422690,32.77567747996091,-117.20795526943832,-26.381273733201155,40,113,15,11
1633099422836,32.77570480807259,-117.20796160754341,-26.39451769458919,41,113,15,11
1633099422947,32.77573205833157,-117.20796796499491,-26.404590736300754,41,113,15,11
1633099423062,32.77575923894246,-117.20797432170308,-26.416016669938802,41,114,15,11
1633099423292,32.77586701048407,-117.20799975397829,-26.463276741079813,41,114,15,11
1633099423467,32.775893647126516,-117.20800609331047,-26.48442352507792,41,113,15,11
1633099423602,32.77592018393482,-117.20801240205347,-26.502979690865335,41,112,15,11
1633099423749,32.77594676142173,-117.20801875199781,-26.517997819994612,40,111,15,11
1633099423904,32.775973121124096,-117.20802510094201,-26.53276670509296,40,111,15,11
1633099424107,32.776078223997345,-117.20805088555318,-26.580084055151463,40,110,15,11
1633099424219,32.77610459686675,-117.20805751345762,-26.599891033584626,40,110,15,11
1633099424333,32.77613082712534,-117.2080641727103,-26.621454220414385,39,108,15,11
