1620002757260,32.8404235452314,-117.2219607284097,15.815110637889626,21,46,15,11
1620002757395,32.84041567022756,-117.22199372717877,15.739894067398003,21,47,15,11
1620002757495,32.84040788031547,-117.2220267519187,15.66547918522695,21,46,15,11
1620002757695,32.840377412111756,-117.22215925609808,15.36908501339747,20,45,15,11
1620002757840,32.84036998737216,-117.22219240670277,15.291462756942636,20,44,15,11
1620002758007,32.84036263098484,-117.22222556451233,15.210841315434092,19,44,15,11
1620002758293,32.84033391394935,-117.22235873115231,14.908660374791749,20,44,15,11
1620002758443,32.8403268712726,-117.22239201735022,14.832654015737585,20,44,15,11
1620002758553,32.84031985160026,-117.2224252853899,14.755040666046044,21,45,15,11
1620002758669,32.84031282432593,-117.22245881917121,14.680424145383233,21,45,15,11
1620002758781,32.84030590060234,-117.22249209590066,14.609488452419745,21,45,15,11
1620002758981,32.84029905482516,-117.22252541815371,14.540872610123747,21,45,15,11
1620002759234,32.840272111387314,-117.22265892610807,14.31030870603798,21,45,15,11
1620002759314,32.84026548661294,-117.22269224906516,14.27921600431628,20,44,15,11
1620002759463,32.840258881488396,-117.22272557086336,14.242268290267273,20,44,15,11
1620002759579,32.840252329793536,-117.22275890257501,14.189278182776446,21,45,15,11
1620002759701,32.840245799320726,-117.22279220701132,14.126971251594265,22,46,14,11
1620002759814,32.84023928788459,-117.22282551423255,14.071035969178983,22,46,14,11
1620002760021,32.84022002547929,-117.2229256830395,13.888503980481318,22,46,14,11
1620002760138,32.840213691777635,-117.22295895070637,13.827442324106222,22,46,13,11
1620002760259,32.840207357018784,-117.22299222385497,13.766770815045508,22,46,13,11
1620002760359,32.84020103634787,-117.22302548362775,13.703949270712597,23,46,13,11
1620002760509,32.84019472683946,-117.22305872511154,13.640341608815383,23,46,13,11
1620002760630,32.840188437173595,-117.22309196737923,13.57976014011878,23,46,13,11
1620002760753,32.84018217029602,-117.22312521560484,13.520304964861747,23,46,13,11
1620002761054,32.84015728011938,-117.22325808054538,13.277570187451031,25,47,13,11
1620002761165,32.84015108923823,-117.22329127385791,13.212083381774468,24,47,13,11
1620002761300,32.8401449128146,-117.22332444694786,13.147116736774757,25,47,13,11
1620002761393,32.84013873932047,-117.22335758619671,13.082723362740339,26,48,15,11
1620002761540,32.84013255646894,-117.22339074164687,13.022306180629434,26,48,15,11
1620002761655,32.84012641305073,-117.22342390890667,12.95637835795468,25,48,15,11
1620002761771,32.840120278093295,-117.22345703902165,12.891552092366057,25,48,15,11
1620002762068,32.84009587258428,-117.2235894767752,12.632997179891117,25,48,15,11
1620002762214,32.840089768254074,-117.22362250782103,12.568914546787912,26,49,15,11
1620002762358,32.84008368520708,-117.22365556060883,12.507292760778848,26,49,15,11
1620002762493,32.840077634757435,-117.22368860672029,12.442936156544643,27,50,15,11
1620002762643,32.84007159687836,-117.22372163139144,12.376493705598648,27,50,14,11
1620002762831,32.840047598030274,-117.22385366628568,12.125495154465925,25,50,14,11
1620002762955,32.840041614026845,-117.22388664437881,12.054728199363044,25,50,14,11
1620002763138,32.8400356418703,-117.22391958816958,11.979430873967098,25,50,14,11
1620002763254,32.84002967293329,-117.22395251918564,11.913595594451863,25,50,14,11
1620002763388,32.84002369439955,-117.22398544473677,11.852493730375961,25,50,14,11
1620002763468,32.84001771928638,-117.22401836851805,11.790743975273356,25,50,13,11
1620002763615,32.84001172615667,-117.22405122924532,11.721837946825682,26,51,13,11
1620002763825,32.839987734450936,-117.22418256276033,11.484654718454175,26,51,12,11
1620002763912,32.83998171720449,-117.22421535356172,11.423593379308002,26,51,12,11
1620002764223,32.839975715062565,-117.22424813527336,11.36225657094951,26,52,12,11
1620002764342,32.839969722866876,-117.2242808667219,11.296996937040912,27,52,12,11
1620002764520,32.8399457049095,-117.22441169153696,11.056473258292064,28,53,13,11
1620002764660,32.839939677771234,-117.22444434119438,10.99815127129712,29,54,15,11
1620002764773,32.83993367813652,-117.22447696029566,10.936637567622416,29,55,15,11
1620002764865,32.83992771266045,-117.22450959014455,10.879342512181609,29,54,15,11
1620002765068,32.83992173037753,-117.22454218694321,10.820281500210053,29,55,15,11
1620002765292,32.839897883332945,-117.22467236038082,10.59954318086894,29,55,15,11
1620002765435,32.83989191866884,-117.22470483892403,10.548556280081504,29,56,15,11
1620002765564,32.83988597025336,-117.22473732924574,10.499076411041804,29,56,15,11
1620002765678,32.839880039144745,-117.22476976036805,10.439854521437633,29,56,15,11
1620002765813,32.839874125488855,-117.22480222468317,10.380123193444888,29,56,15,11
1620002765906,32.83986822233796,-117.22483462736399,10.316558771408317,28,55,15,11
1620002766137,32.839850511745105,-117.22493175754613,10.13655534477177,26,53,15,11
1620002766271,32.83984462072537,-117.22496409461705,10.068565187709696,25,52,15,11
1620002766351,32.83983869545862,-117.22499649301808,10.011477322702374,25,52,14,11
1620002766498,32.83983279986718,-117.22502881420804,9.944433047728413,24,51,14,11
1620002766620,32.8398268948056,-117.22506111201608,9.87375936833271,24,51,14,11
1620002766736,32.839820989475456,-117.22509340257693,9.804688314404785,23,50,14,11
1620002766868,32.839815089722066,-117.22512569576442,9.739722215335853,23,50,14,11
1620002767137,32.83979146927818,-117.2252548211988,9.474216246257901,23,49,14,11
1620002767279,32.83978555381701,-117.22528705821435,9.40024177095297,23,49,14,11
1620002767358,32.839779632208035,-117.22531927443475,9.330785763930871,23,48,14,11
