1616374515797,32.84757330529148,-117.17792708508776,61.04574440052704,28,61,13,11
1616374516081,32.84767846908437,-117.17799181007635,61.02265251244391,28,62,13,11
1616374516200,32.847704571271514,-117.17800778899208,61.034986963520296,28,62,13,11
1616374516356,32.84773060546664,-117.1780237290952,61.04662603307617,28,62,13,11
1616374516469,32.84775660057581,-117.17803963357714,61.06109557090149,28,61,13,11
1616374516581,32.84778253172069,-117.17805549193088,61.06751232437711,28,61,13,11
1616374516694,32.84780845698312,-117.17807132511963,61.08011946850325,28,61,13,11
1616374516785,32.847834411128424,-117.17808715992494,61.079859064206666,28,61,13,11
1616374516978,32.847911632455705,-117.17813433731041,61.036118528358124,27,60,13,11
1616374517144,32.84793739648101,-117.1781500185089,61.05404990231838,27,60,13,11
1616374517223,32.84796310313306,-117.17816570310215,61.06711884832308,27,60,13,11
1616374517388,32.84798886686893,-117.17818151864951,61.07056484988925,27,60,13,11
1616374517501,32.84801442746559,-117.17819728474502,61.07218758329456,27,60,13,11
1616374517732,32.84811673533932,-117.1782601991072,61.10294308516345,28,61,13,11
1616374517845,32.84814244672433,-117.17827597777384,61.095933884684065,28,61,13,11
1616374517982,32.84816795570604,-117.17829163721542,61.09093145402937,27,60,13,11
1616374518127,32.848193464483785,-117.17830725910807,61.07960856232121,27,60,13,11
1616374518307,32.84821894319961,-117.17832287731292,61.06198485647054,27,60,13,11
1616374518441,32.848244373799254,-117.17833849015554,61.05582629729373,27,60,13,11
1616374518554,32.84826985237308,-117.17835406453474,61.071430733628,27,60,13,11
1616374518732,32.84837177410404,-117.17841644067133,61.093117708571725,26,59,13,11
1616374518846,32.84839709579662,-117.17843201284816,61.067535443329014,26,58,13,11
1616374519042,32.8484224816202,-117.1784475254723,61.06738096495177,26,58,13,11
1616374519328,32.84852405259887,-117.17850923139662,61.103449413802885,26,57,13,11
1616374519456,32.84854941743511,-117.17852464839432,61.12118068932066,26,57,13,11
1616374519571,32.84857478972267,-117.17854007708539,61.13778424745319,26,57,13,11
1616374519662,32.84860015518188,-117.17855552780587,61.156917763189455,25,57,13,11
1616374519829,32.84862549104604,-117.17857096572097,61.1579043583744,25,56,13,11
1616374519942,32.848650821736925,-117.17858642343244,61.16199203808445,25,56,13,11
1616374520235,32.84875233555493,-117.1786484790535,61.20791648461569,25,56,13,11
1616374520349,32.84877773626304,-117.17866404671423,61.19825665504069,25,56,13,11
1616374520471,32.84880313851293,-117.17867966721774,61.195849365089636,26,57,13,11
1616374520584,32.848828540529446,-117.17869535955472,61.21177266069828,26,57,13,11
1616374520673,32.84885395684192,-117.1787110941647,61.2215155350173,26,57,13,11
1616374520839,32.84887942195676,-117.17872688731978,61.23103413400805,27,58,13,11
1616374521083,32.84895599234476,-117.17877425885412,61.242704875019534,29,61,13,11
1616374521162,32.848981568966096,-117.17879006642104,61.25492974734563,30,62,13,11
1616374521345,32.849007202670364,-117.1788059087432,61.27464516601153,30,62,13,11
1616374521457,32.849032854067524,-117.17882177638893,61.293012140050806,31,63,13,11
1616374521571,32.84905853134115,-117.17883766517835,61.31126586048088,31,64,13,11
1616374521684,32.84908424756248,-117.17885352803422,61.33641495243691,32,64,13,11
1616374521775,32.8491099912151,-117.17886936165245,61.37018291933696,32,65,13,11
1616374522003,32.84921354182504,-117.17893285499214,61.55148017297249,31,65,13,11
1616374522168,32.84923949949773,-117.1789487446537,61.60145980065667,31,65,13,11
1616374522313,32.84926551793927,-117.17896462020866,61.651543941217234,31,65,13,11
1616374522443,32.849291573095826,-117.17898051203646,61.69761687643776,30,64,13,11
1616374522577,32.849317672103695,-117.17899643539592,61.74532434118019,30,64,13,11
1616374522688,32.849343859724804,-117.1790124294161,61.7985083762139,29,64,13,11
1616374522777,32.84936999025765,-117.17902833260273,61.84946332145745,30,64,13,11
1616374522981,32.84944813236874,-117.17907605634838,62.01036152896158,31,66,13,11
1616374523094,32.849474074190056,-117.17909197821693,62.07222467844127,31,66,13,11
1616374523263,32.84950010494078,-117.17910790335635,62.13610185926488,31,66,13,11
1616374523402,32.84952593778667,-117.17912371068263,62.198317679105386,31,67,13,11
1616374523537,32.84955167893106,-117.17913944913039,62.25617012829556,32,67,13,11
1616374523727,32.849653823057984,-117.17920185030326,62.52050526906365,31,67,13,11
1616374523842,32.84967899761486,-117.17921725976557,62.59018945535227,31,66,13,11
1616374523977,32.8497040659984,-117.17923259846091,62.66315057470242,31,66,13,11
1616374524124,32.84972901777571,-117.17924784846875,62.7433886693064,30,65,13,11
1616374524237,32.84975386338574,-117.1792630382278,62.82231218871988,30,65,13,11
1616374524424,32.84977859269932,-117.17927815333255,62.89449865376188,29,64,13,11
1616374524536,32.84980325139835,-117.17929319995821,62.96582730386226,29,64,13,11
1616374524739,32.849901255079004,-117.17935307716006,63.24960410790533,29,63,13,11
1616374524849,32.84992562248782,-117.17936797811552,63.31523525595529,30,63,13,11
1616374525095,32.849949948386644,-117.17938283640042,63.387218996060334,30,63,13,11
1616374525335,32.850046901614746,-117.17944211625499,63.678957180612166,29,62,13,11
1616374525451,32.85007109984888,-117.17945685460278,63.747143940818795,29,62,13,11
1616374525566,32.850095310643425,-117.1794715745689,63.82210164319306,29,62,13,11
1616374525688,32.85011952035203,-117.17948627604301,63.89851664194464,29,62,13,11
1616374525824,32.85014374338678,-117.17950095847944,63.97509739895658,30,63,13,11
1616374525934,32.850167980057904,-117.17951563675005,64.04852292209242,30,63,13,11
