1618182585249,32.82650615528707,-117.23222067438066,-8.897987738698193,42,65,9,11
1618182585384,32.826534329153276,-117.23223010448531,-8.915241934284646,42,65,9,11
1618182585630,32.82664713585883,-117.2322665040829,-8.991548728033278,42,64,9,11
1618182585771,32.82667534995684,-117.23227529045306,-9.013267473785934,42,64,9,11
1618182585864,32.8267035636768,-117.2322839346194,-9.033226508426843,41,64,9,11
1618182586011,32.826731806037884,-117.23229244119575,-9.046085637112148,42,64,8,11
1618182586136,32.82676003299715,-117.2323008089067,-9.067337464316514,42,64,8,11
1618182586254,32.826788261620216,-117.23230905705661,-9.089611196990976,42,63,8,11
1618182586387,32.826816490723076,-117.23231718023581,-9.111878769771591,41,63,8,11
1618182586673,32.82692941612802,-117.23234852873757,-9.183320186549784,43,63,8,11
1618182586807,32.826957663687686,-117.23235604558334,-9.19413707416238,43,64,9,11
1618182586899,32.826985916545276,-117.23236343604651,-9.20619720497471,44,64,9,11
1618182587054,32.82701417879922,-117.23237071978959,-9.216965131571675,44,65,11,11
1618182587178,32.827042465427304,-117.23237785277978,-9.228440284700577,45,65,11,11
1618182587296,32.82707076295071,-117.23238484729164,-9.240323618853289,46,66,11,11
1618182587545,32.82718407135046,-117.23241143548326,-9.245864224895637,49,68,10,11
1618182587661,32.82721242300615,-117.23241778433061,-9.245120779752448,50,69,9,11
1618182587777,32.8272407836157,-117.23242401841036,-9.246678581912926,50,69,9,11
1618182587904,32.82726914636412,-117.23243011057114,-9.248443177017787,51,69,9,11
1618182588050,32.827297524751536,-117.23243608031801,-9.241942940792539,51,70,9,11
1618182588165,32.82732591693037,-117.23244191910284,-9.230660191469068,52,70,9,11
1618182588278,32.82735431852601,-117.23244762695057,-9.21245768948949,52,70,9,11
1618182588529,32.827467941993156,-117.23246929802218,-9.13141148964096,51,70,9,11
1618182588699,32.8274963526254,-117.23247441922337,-9.108242897259514,51,70,9,11
1618182588833,32.82752477191985,-117.23247939024202,-9.083073424740661,51,70,9,11
1618182588921,32.827553200135306,-117.23248422390664,-9.054176187401282,52,71,9,11
1618182589073,32.82758162460432,-117.23248893139318,-9.024926943792462,51,70,9,11
1618182589206,32.82761004561224,-117.23249352585077,-8.997925705418279,50,70,9,11
1618182589319,32.8276384604171,-117.23249797947503,-8.975296425118428,50,69,11,11
1618182589550,32.82775212683495,-117.23251451875501,-8.829075391256813,49,69,11,11
1618182589661,32.82778051921937,-117.23251832413226,-8.79094607929253,50,69,11,11
1618182589799,32.82780891675834,-117.23252199812771,-8.740147000653595,50,69,11,11
1618182589888,32.82783730161458,-117.23252554774332,-8.684507133966816,49,69,11,11
1618182590034,32.8278656820782,-117.2325289718062,-8.626899171654578,49,69,11,11
1618182590159,32.8278940418709,-117.2325322776899,-8.57100258715105,49,68,11,11
1618182590270,32.82792239767874,-117.2325354641883,-8.512472897789502,48,68,11,11
1618182590412,32.82795075920623,-117.23253851993825,-8.45041817106275,49,69,11,11
1618182590665,32.828064055809314,-117.23254953052111,-8.220521741310236,54,73,11,11
1618182590784,32.82809235355556,-117.2325519510706,-8.157525531108213,55,73,11,11
1618182590909,32.828120610844074,-117.23255426548849,-8.099371003843336,55,73,11,11
1618182591056,32.828148851529924,-117.23255646699455,-8.037714161904347,54,72,11,11
1618182591184,32.82817708464425,-117.23255855230947,-7.970989747982927,54,72,11,11
1618182591297,32.82820530684869,-117.2325605380452,-7.903304214913094,53,72,10,11
1618182591434,32.828233514067634,-117.23256242787538,-7.836559673353969,52,72,10,11
1618182591636,32.82834616400361,-117.23256895184326,-7.567050845722566,50,71,10,11
1618182591770,32.82837428343846,-117.23257032879852,-7.500777428124637,50,71,10,11
1618182591862,32.82840239589657,-117.23257161141056,-7.426651309685973,50,70,10,11
1618182592009,32.82843049277747,-117.23257286267187,-7.348437404699089,48,70,10,11
1618182592136,32.82845855889667,-117.23257400773899,-7.276366594718378,48,69,10,11
1618182592317,32.82848660836851,-117.23257507356884,-7.1989557645165325,46,68,10,11
1618182592537,32.82859876811212,-117.23257873977181,-6.8776073840606164,46,67,10,11
1618182592719,32.8286267648431,-117.23257956116679,-6.796274136017444,46,68,10,11
1618182592884,32.828654751895094,-117.23258038510923,-6.720293704113567,46,68,10,11
1618182592978,32.828682710939134,-117.23258118385935,-6.642999358487899,46,68,10,11
1618182593136,32.82871067607206,-117.23258193143477,-6.563202674046077,45,68,10,11
1618182593249,32.82873864533252,-117.23258263832447,-6.483481829297288,45,68,10,11
1618182593477,32.82885043332613,-117.23258523229856,-6.168321583535187,45,68,10,11
1618182593556,32.82887835057326,-117.23258580388986,-6.0912008483034885,45,68,11,11
1618182593750,32.828906245447506,-117.23258636182945,-6.0202870670682636,45,68,11,11
1618182593884,32.828934250019906,-117.23258689329006,-5.950378444631886,44,68,11,11
1618182593993,32.82896213037341,-117.2325874081328,-5.883340753861515,44,68,11,11
1618182594248,32.82907355679297,-117.23258911779746,-5.626026951050703,44,68,11,11
1618182594361,32.82910153505484,-117.2325894396405,-5.5635442761931415,43,68,11,11
1618182594488,32.82912934795803,-117.23258975589154,-5.502851060994482,43,68,11,11
1618182594679,32.82915716995675,-117.23259003920751,-5.4422418250832525,43,68,11,11
1618182594939,32.82926853224411,-117.23259095993333,-5.1944900430993535,43,68,11,11
1618182595050,32.829296265892,-117.23259115864244,-5.1308949927978755,43,68,11,11
1618182595165,32.829324027863926,-117.23259133474713,-5.066026410562344,42,68,11,11
1618182595269,32.8293517332126,-117.23259148350617,-5.001589985451209,42,68,11,11
1618182595413,32.82937946340388,-117.23259162220496,-4.93223348589537,42,68,11,11
