1616281073887,32.871947943276126,-117.2338750007215,47.820154801352984,61,136,10,11
1616281074037,32.87194796586244,-117.23387498012417,47.82464013703815,61,136,10,11
1616281074272,32.87194799174676,-117.23387497910767,47.840251425384245,62,138,10,11
1616281074382,32.8719479893661,-117.23387495742048,47.84485096434489,62,138,10,11
1616281074517,32.87194798168952,-117.23387496851645,47.849439588311746,63,139,10,11
1616281074635,32.87194799049232,-117.23387496768474,47.852312617709266,63,139,10,11
1616281074789,32.87194800182875,-117.2338749770142,47.85753191095525,63,139,10,11
1616281074908,32.87194802996087,-117.23387495559848,47.86050864612309,63,140,10,11
1616281075051,32.87194800899808,-117.23387494353256,47.867136385490404,63,140,10,11
1616281075204,32.871948048678576,-117.23387495114659,47.880935130112015,63,140,10,11
1616281075350,32.87194804646721,-117.23387495505041,47.88411344716049,63,139,10,11
1616281075463,32.871948060239724,-117.23387492648413,47.88901334602534,63,139,10,11
1616281075620,32.87194807441886,-117.23387494747188,47.89268283143879,63,139,10,11
1616281075800,32.87194806643048,-117.23387490942416,47.89584936209684,63,139,10,11
1616281075912,32.871948081901664,-117.23387492886037,47.90123453441237,62,138,10,11
1616281076063,32.87194808863669,-117.23387492126751,47.90531375431679,62,138,10,11
1616281076267,32.8719481339668,-117.23387491056397,47.91721227358149,62,137,10,11
1616281076380,32.87194812470806,-117.23387491306077,47.921369924854474,62,137,10,11
1616281076494,32.87194813406424,-117.2338749180418,47.92411433965993,61,136,10,11
1616281076651,32.871948132656804,-117.23387491188961,47.92703453394276,61,136,10,11
1616281076766,32.871948132560206,-117.23387490703186,47.931204514698116,61,136,10,11
1616281076910,32.871948145422735,-117.23387493615954,47.93257357585726,61,135,10,11
1616281077023,32.87194814100606,-117.23387491403682,47.93501606014862,61,135,10,11
1616281077273,32.87194815509006,-117.23387493883006,47.9471279389266,61,134,10,11
1616281077385,32.87194817545191,-117.23387495972403,47.9516324972096,60,134,10,11
1616281077539,32.87194816634766,-117.23387494381109,47.9540374569914,60,134,10,11
1616281077655,32.871948175805414,-117.23387495045502,47.95715729006161,60,134,10,11
1616281077827,32.87194817265732,-117.2338749507854,47.959337514253896,61,134,10,11
1616281077938,32.87194816982279,-117.23387495245576,47.96257023896717,61,134,10,11
1616281078142,32.87194817584625,-117.23387498079356,47.972252284436536,61,135,10,11
1616281078276,32.87194817911951,-117.23387497391433,47.973759203986084,61,135,10,11
1616281078419,32.87194818425463,-117.23387497789251,47.976690439125505,61,135,10,11
1616281078584,32.871948192808304,-117.23387497072574,47.979337818191,61,136,10,11
1616281078709,32.87194819676584,-117.23387498794078,47.9810183678541,62,136,10,11
1616281078831,32.8719482022752,-117.23387498097715,47.984236188134034,62,136,10,11
1616281078934,32.871948200334046,-117.23387499103036,47.98648400710036,62,136,10,11
1616281079141,32.87194822088761,-117.23387498159472,47.99437914731681,62,136,10,11
1616281079275,32.87194822746514,-117.23387497354992,47.99643507469555,62,136,10,11
1616281079429,32.87194822183376,-117.23387499172401,47.99730010889188,62,136,10,11
1616281079587,32.87194823214471,-117.2338749998822,47.99838568288237,62,137,10,11
1616281079701,32.87194823509191,-117.23387501022005,48.00313293590919,62,137,10,11
1616281079958,32.87194824192014,-117.2338750167273,48.00842904068562,62,137,10,11
1616281080069,32.87194823882151,-117.23387500641344,48.008786218517386,62,137,10,11
1616281080194,32.87194825805531,-117.23387501418254,48.010928281293616,62,137,10,11
1616281080327,32.87194825478405,-117.2338750300697,48.01241026218526,62,137,10,11
1616281080547,32.8719482494743,-117.23387503661125,48.013351825425545,62,136,10,11
1616281080661,32.87194825977783,-117.23387503896258,48.014421960777476,62,136,10,11
1616281080762,32.87194822933049,-117.23387504267082,48.01510180573926,62,136,10,11
1616281080883,32.87194823463806,-117.2338750584622,48.01552463684381,62,136,10,11
1616281081032,32.8719482404619,-117.23387504275557,48.01780178326627,62,136,10,11
1616281081152,32.87194822965569,-117.23387505522938,48.01685110987432,61,135,10,11
1616281081280,32.871948231920776,-117.23387507058344,48.01814402103922,61,135,10,11
1616281081424,32.871948230061975,-117.23387506883749,48.0184232224561,61,135,10,11
1616281081658,32.871948193122,-117.23387510768744,48.01689644935597,60,133,10,11
1616281081761,32.871948199353895,-117.23387512200829,48.01550856140625,60,133,10,11
1616281081882,32.87194819815515,-117.23387511727336,48.015251356471204,60,132,10,11
1616281081994,32.87194819363117,-117.23387514380846,48.01402906851246,60,132,10,11
1616281082140,32.87194818620794,-117.23387515801056,48.01367725233075,59,131,10,11
1616281082303,32.871948187723554,-117.233875156419,48.01178204253701,59,130,10,11
1616281082404,32.87194817173622,-117.23387517739386,48.00947303270645,59,130,10,11
1616281082650,32.871948166370274,-117.23387521176112,48.00322684227379,58,128,10,11
1616281082753,32.8719481664094,-117.23387522761954,48.0028378134082,58,127,10,11
1616281082905,32.871948152418305,-117.23387525149937,48.00093936853504,58,127,10,11
1616281083030,32.87194815645542,-117.23387523845464,48.0013091854297,58,127,10,11
1616281083143,32.871948155152424,-117.23387525188788,47.99953978434245,58,127,10,11
1616281083271,32.87194815723071,-117.23387526185205,47.99872872777179,58,127,10,11
1616281083419,32.87194814611685,-117.23387525704341,47.994632445091,58,127,10,11
1616281083676,32.87194814031917,-117.23387530728203,47.98820344592762,58,126,10,11
1616281083788,32.871948130302044,-117.23387531388784,47.98735106015214,58,126,10,11
1616281083932,32.87194813822242,-117.2338753137585,47.985394887423226,58,126,10,11
1616281084022,32.87194812781924,-117.23387531708508,47.98411232189565,58,127,10,11
