1620001183341,32.8398692948308,-117.19682246951288,68.98043987321526,24,54,11,11
1620001183525,32.83979320993338,-117.19679383807932,69.64613013539834,24,55,11,11
1620001183643,32.83977410815365,-117.19678661054066,69.80250739184481,24,55,11,11
1620001183816,32.83975497657589,-117.19677940762953,69.95581743493432,24,55,11,11
1620001183991,32.839735823183894,-117.19677221610215,70.11079911043302,24,56,11,11
1620001184224,32.83965896896235,-117.19674354072393,70.75516921473388,23,55,10,11
1620001184353,32.83963976978115,-117.19673644159609,70.91355160289537,22,54,11,11
1620001184490,32.83962058240315,-117.19672938422454,71.07155203103667,21,53,11,11
1620001184582,32.83960142099652,-117.19672234163218,71.23479720150853,21,53,11,11
1620001184725,32.83958228094663,-117.19671530223371,71.39732313110294,20,51,11,11
1620001184894,32.83956321229395,-117.19670827774631,71.55143554008029,19,50,11,11
1620001184975,32.839544173436195,-117.19670129475774,71.70955575773183,19,50,11,11
1620001185133,32.83948721598345,-117.19668065481791,72.21051252003157,19,49,11,11
1620001185249,32.83946828744157,-117.19667384705113,72.37762115601338,19,49,11,11
1620001185362,32.83944940342963,-117.19666706433043,72.53948876685432,19,49,11,11
1620001185519,32.83943058482596,-117.19666029229161,72.69121498852859,19,49,12,11
1620001185639,32.83941179258402,-117.19665358106089,72.84878237385165,19,49,12,11
1620001185752,32.839393028222354,-117.19664691255726,73.01236730587796,19,49,12,11
1620001185824,32.83935558197335,-117.1966335928911,73.34494880733982,20,49,12,11
1620001185962,32.839336902918745,-117.19662692701903,73.5114712482665,20,49,12,11
1620001186101,32.839318261625436,-117.19662027548112,73.66981273379069,20,49,12,11
1620001186247,32.83929966218372,-117.19661366793422,73.81721338433516,20,50,12,11
1620001186363,32.83928110194598,-117.1966070882225,73.97237131172464,20,50,12,11
1620001186481,32.83926254052244,-117.19660052686919,74.13287351752446,20,50,12,11
1620001186616,32.83924405240414,-117.19659402378099,74.28583426466906,20,49,12,11
1620001186740,32.83922562510985,-117.19658758601692,74.43098259664703,20,49,12,11
1620001186934,32.83915254757968,-117.19656203055872,75.02316480139972,20,49,12,11
1620001187114,32.83913447663461,-117.19655569033296,75.17061014422917,20,50,12,11
1620001187225,32.839116476097836,-117.19654939788042,75.31518525321526,20,49,12,11
1620001187343,32.83909855211365,-117.1965431616032,75.46451449928387,20,49,12,11
1620001187463,32.839080707334595,-117.19653693489538,75.61259692028855,19,49,12,11
1620001187598,32.83906293444256,-117.19653074185419,75.75990361719383,19,49,12,11
1620001187832,32.83899278588464,-117.19650633759596,76.29227684867318,20,49,11,11
1620001187998,32.8389754628481,-117.19650037965805,76.40767746903964,20,49,11,11
1620001188137,32.838958244994224,-117.19649446528204,76.5238430044843,21,50,10,11
1620001188287,32.838941094032194,-117.19648866461402,76.63792167064892,21,51,9,11
1620001188418,32.838924026634785,-117.19648290176119,76.7468218236504,22,51,9,11
1620001188621,32.83885680625847,-117.19646030762627,77.14697770672004,23,52,10,11
1620001188787,32.83884024491666,-117.19645475162524,77.25124382083062,23,52,10,11
1620001188867,32.838823797826315,-117.196449241865,77.34849921927683,23,52,10,11
1620001189036,32.83880746312428,-117.19644378837398,77.4448472608777,23,51,10,11
1620001189165,32.838791219047,-117.19643838191095,77.55068931773829,23,51,10,11
1620001189319,32.83877505612108,-117.19643299308687,77.6614205691016,22,50,10,11
1620001189432,32.838759038518184,-117.19642761409084,77.75992756871992,22,50,10,11
1620001189620,32.8386961260943,-117.19640634327831,78.09850076284555,23,50,10,11
1620001189786,32.838680648763784,-117.19640106361507,78.18123106182954,23,50,10,11
1620001189988,32.83866524515251,-117.19639580525771,78.26070336937103,23,50,12,11
1620001190223,32.83860434146917,-117.1963746416608,78.5922290290454,26,53,10,11
1620001190362,32.838589163297044,-117.19636931715044,78.67742616351806,27,54,10,11
1620001190507,32.83857412755054,-117.19636402273355,78.74884783360972,28,55,9,11
1620001190607,32.83855914398942,-117.19635872412184,78.81769664826167,28,56,10,11
1620001190757,32.83854420533795,-117.19635354484797,78.88816549558128,29,57,9,11
1620001190923,32.83852929352367,-117.19634832590322,78.96743966387568,30,58,9,11
1620001190997,32.83848473684936,-117.19633282696797,79.1880086149719,32,61,8,11
1620001191125,32.83846998668153,-117.19632771909289,79.2557563372198,33,62,8,11
1620001191240,32.838455277132574,-117.19632261515477,79.32153751410333,34,63,8,11
1620001191356,32.83844060923062,-117.1963175463488,79.38186692828347,35,64,8,11
1620001191491,32.83842600682595,-117.19631248071013,79.44145338007846,36,65,8,11
1620001191583,32.83841135003355,-117.19630741691644,79.5040219027165,36,66,8,11
1620001191727,32.83839684618935,-117.1963024340146,79.56444100196424,37,66,8,11
1620001191845,32.83838242445034,-117.19629748740537,79.61815752920573,37,67,8,11
1620001192024,32.838339713218474,-117.19628289275363,79.75316163288534,36,69,11,11
1620001192170,32.83832559576734,-117.19627808904141,79.7954446673261,35,68,11,11
1620001192282,32.838311693340856,-117.19627332010324,79.83281404597118,33,68,11,11
1620001192405,32.83829788725071,-117.19626861198023,79.87171472796929,32,67,11,11
1620001192540,32.83828417834858,-117.196263957792,79.91025194028543,31,66,11,11
1620001192632,32.83827056909237,-117.19625935364822,79.94943469240195,31,66,11,11
1620001192781,32.83825706441118,-117.19625477329588,79.98295368567433,29,65,11,11
1620001193021,32.8382042066525,-117.19623675216914,80.0669503461347,20,54,11,11
1620001193170,32.83819126522742,-117.19623236160574,80.09494337130356,19,52,12,11
1620001193280,32.8381784575699,-117.1962279897388,80.12809722864769,19,51,12,11
1620001193412,32.83816579119151,-117.19622367482525,80.15316034186536,18,50,12,11
