1612484065960,32.805397528770484,-117.22295290321044,-28.166543488934185,87,124,15,11
1612484066030,32.80539719938879,-117.22295294547474,-28.16855975076391,87,124,15,11
1612484066127,32.80539697202311,-117.22295297011462,-28.171343070407712,86,124,15,11
1612484066231,32.8053968294262,-117.22295298143356,-28.173842146811538,86,124,15,11
1612484066322,32.80539673578021,-117.22295298960593,-28.177038014811277,86,124,15,11
1612484066476,32.80539666256854,-117.22295298720154,-28.179340602884082,86,123,15,11
1612484066557,32.80539659557506,-117.22295298849693,-28.181020913657548,86,123,15,11
1612484066640,32.805396534911665,-117.22295298618882,-28.183530904151635,86,123,15,11
1612484066758,32.80539647477898,-117.22295297509397,-28.18456256756233,86,123,15,11
1612484066906,32.805396419856905,-117.22295297366186,-28.186016391630947,85,123,15,11
1612484066988,32.805396368790554,-117.22295295288973,-28.187608717024066,85,123,15,11
1612484067066,32.80539631411868,-117.22295294684561,-28.188938927620594,85,123,15,11
1612484067149,32.80539625880701,-117.22295293869884,-28.189875681935735,85,123,15,11
1612484067256,32.8053962165637,-117.22295291691199,-28.190242233608373,85,123,15,11
1612484067413,32.80539617252681,-117.22295289643444,-28.190762300821742,84,123,15,11
1612484067494,32.805396134888056,-117.22295287544941,-28.19093321311312,84,123,15,11
1612484067575,32.805396094324884,-117.22295285179067,-28.191253477096538,84,123,15,11
1612484067753,32.805395948207035,-117.2229527623651,-28.19136740062673,83,123,15,11
1612484067828,32.805395913133154,-117.2229527350414,-28.191278771303292,83,123,15,11
1612484067950,32.805395881716045,-117.22295271326287,-28.191310754831363,83,123,15,11
1612484068054,32.80539584542594,-117.22295268667148,-28.191106546501256,83,123,15,11
1612484068144,32.80539581772924,-117.22295266821384,-28.191308198487036,83,123,15,11
1612484068294,32.80539578918046,-117.22295264151897,-28.190851053759243,83,123,15,11
1612484068372,32.80539575993687,-117.22295261609968,-28.19077137990391,83,123,15,11
1612484068455,32.80539574017008,-117.22295259210306,-28.190433800801415,82,123,15,11
1612484068555,32.80539571715189,-117.22295256628364,-28.190266876767883,82,123,15,11
1612484068690,32.80539569608002,-117.22295254697575,-28.190137555471782,82,122,15,11
1612484068782,32.805395678249724,-117.22295252044314,-28.18971623554969,82,122,15,11
1612484068868,32.805395663650394,-117.22295249351423,-28.189264791095436,82,122,15,11
1612484068958,32.80539564644757,-117.22295246937924,-28.188486224807953,82,122,15,11
1612484069066,32.805395630226,-117.22295245244933,-28.188211509567765,82,122,15,11
1612484069212,32.80539561300895,-117.22295242337705,-28.187762884563835,82,122,15,11
1612484069300,32.80539559601399,-117.22295240675076,-28.187201252582554,82,122,15,11
1612484069389,32.80539557932186,-117.22295237876514,-28.1862380353409,82,122,15,11
1612484069474,32.805395563347815,-117.2229523589345,-28.18571324803148,81,122,15,11
1612484069576,32.80539554781837,-117.22295233819477,-28.18489386065641,81,122,15,11
1612484069769,32.805395526783734,-117.2229523174648,-28.184670662509102,81,122,15,11
1612484069858,32.80539551189509,-117.22295230191224,-28.18395894663672,81,122,15,11
1612484069930,32.80539549228122,-117.22295227324926,-28.18318689149187,81,122,15,11
1612484070027,32.80539547730438,-117.22295225565347,-28.182629724618355,81,122,15,11
1612484070131,32.805395463212626,-117.22295224150939,-28.181854881953242,81,122,15,11
1612484070212,32.80539544469171,-117.22295221974919,-28.18139106159096,81,122,15,11
1612484070360,32.80539542803724,-117.2229521985305,-28.18029863198426,81,122,15,11
1612484070441,32.80539541593306,-117.22295218735256,-28.17995454984985,81,122,15,11
1612484070532,32.805395394918875,-117.22295216650095,-28.17909934730049,81,122,15,11
1612484070635,32.80539538531138,-117.22295215121976,-28.17846369614472,81,122,15,11
1612484070784,32.80539536985162,-117.22295213411545,-28.177686494861838,81,122,15,11
1612484070875,32.805395361158226,-117.22295212034318,-28.17724681237746,81,122,15,11
1612484070956,32.805395348377274,-117.22295210742375,-28.176122932623695,81,122,15,11
1612484071117,32.805395334431275,-117.22295209335397,-28.17556963908344,81,122,15,11
1612484071218,32.80539532023821,-117.2229520827946,-28.175296355590316,81,122,15,11
1612484071307,32.80539531485115,-117.22295207633219,-28.17470899930881,81,122,15,11
1612484071455,32.80539530225342,-117.22295206735777,-28.17444707052946,81,122,15,11
1612484071536,32.805395296352046,-117.22295205543176,-28.173947601744082,81,122,15,11
1612484071618,32.80539529000198,-117.22295205030228,-28.173796312816666,81,122,15,11
1612484071720,32.80539528066385,-117.2229520457377,-28.173471852843356,81,122,15,11
1612484071910,32.80539527715299,-117.22295204138436,-28.173570066649628,80,122,15,11
1612484072001,32.80539527349013,-117.22295203635186,-28.173567730838798,80,122,15,11
1612484072073,32.805395265909496,-117.22295202424885,-28.17330502720851,80,122,15,11
1612484072171,32.8053952610313,-117.22295202364784,-28.173308642462498,80,122,15,11
1612484072277,32.80539526187934,-117.22295201871594,-28.172864560896457,80,122,15,11
1612484072363,32.80539525877998,-117.22295201882868,-28.172476376750843,80,122,15,11
1612484072514,32.80539525646267,-117.22295202078142,-28.172848225185128,80,121,15,11
1612484072598,32.80539525653587,-117.22295202385847,-28.172520797081464,80,121,15,11
1612484072749,32.80539525092835,-117.22295202761322,-28.1729498922574,80,121,15,11
1612484072853,32.805395256053124,-117.22295202948362,-28.17336494005336,80,121,15,11
1612484072947,32.805395254949566,-117.22295204148385,-28.173336208943276,80,121,15,11
1612484073054,32.80539525909945,-117.22295203626611,-28.17380827231805,80,121,15,11
1612484073146,32.80539526147199,-117.22295204605275,-28.174280493668498,80,121,15,11
1612484073291,32.80539527054499,-117.22295205117355,-28.174626473569866,80,121,15,11
1612484073369,32.8053952801092,-117.22295205425533,-28.175401907821122,80,121,15,11
1612484073464,32.80539527765247,-117.22295206054085,-28.176084396719602,80,121,15,11
1612484073567,32.805395288763016,-117.22295206697852,-28.177135488546135,80,121,15,11
1612484073759,32.8053952967208,-117.22295207297529,-28.1780947551918,80,121,15,11
1612484073858,32.805395303002406,-117.22295207389796,-28.179086510496642,80,121,15,11
1612484073927,32.805395310907684,-117.2229520897049,-28.180567574119078,80,121,15,11
1612484074027,32.805395317032655,-117.22295209103903,-28.18192898383083,80,121,15,11
1612484074142,32.80539532987465,-117.2229520962694,-28.183211577621783,80,121,15,11
1612484074225,32.8053953361933,-117.22295210631752,-28.18479740011686,80,121,15,11
1612484074373,32.805395345554714,-117.22295211868017,-28.186156315129672,80,121,15,11
1612484074456,32.80539535302104,-117.22295212769833,-28.188043498150837,80,121,15,11
1612484074536,32.80539536300905,-117.22295213502868,-28.189624499720892,80,121,15,11
1612484074639,32.80539537448897,-117.22295214528451,-28.19121168260498,80,121,15,11
1612484074775,32.80539538342921,-117.22295215342825,-28.192744573225838,80,121,15,11
1612484074855,32.80539539168257,-117.22295216171455,-28.19445441518284,80,121,15,11
1612484074947,32.80539540029434,-117.22295217097218,-28.19573509641299,80,121,15,11
1612484075033,32.805395412244444,-117.22295218003222,-28.19726917580004,80,121,15,11
1612484075136,32.80539541806074,-117.22295218729211,-28.198598820172034,80,121,15,11
1612484075232,32.805395432685806,-117.22295219681112,-28.200752214689015,80,121,15,11
1612484075313,32.805395437764375,-117.22295220321027,-28.202295517315793,80,121,15,11
1612484075473,32.805395451729524,-117.22295220762038,-28.20358507481465,80,121,15,11
1612484075564,32.80539546281272,-117.22295221465032,-28.205173577037275,80,121,15,11
1612484075668,32.80539546627301,-117.22295222100038,-28.20725662243406,80,121,15,11
1612484075864,32.8053954787711,-117.22295222844222,-28.208393753763758,80,121,15,11
1612484075943,32.80539548648371,-117.22295223902988,-28.210635023344334,80,121,15,11
1612484076024,32.80539550086236,-117.22295225092567,-28.21277675686906,80,121,15,11
