1619906527315,32.799172348515754,-117.15908105872812,78.4441323652048,22,31,11,11
1619906527428,32.799186491021366,-117.15907272360337,78.46684137548442,22,31,11,11
1619906527546,32.799200577319475,-117.1590644152891,78.48687613815966,22,32,11,11
1619906527681,32.799214621032924,-117.15905611452365,78.51067173269894,22,32,11,11
1619906527878,32.79927035367394,-117.15902310429384,78.625063782454,21,30,11,11
1619906528023,32.799284159238745,-117.15901489565395,78.64863450002194,21,30,11,11
1619906528173,32.7992979427944,-117.15900671778651,78.67785615999678,21,31,11,11
1619906528289,32.79931167006961,-117.15899852313652,78.70454931454368,21,30,11,11
1619906528401,32.79932533428259,-117.15899034213017,78.72998995002763,21,30,11,11
1619906528519,32.799338982917305,-117.15898219014568,78.76428664501417,21,30,11,11
1619906528655,32.79935261094655,-117.15897405448008,78.8017816304049,21,30,12,11
1619906528800,32.799393246326474,-117.15894979938602,78.89497348844105,22,31,12,11
1619906528990,32.799406720071396,-117.15894171562921,78.92892367573309,22,31,11,11
1619906529102,32.79942015057707,-117.15893364790239,78.96216044617404,22,32,11,11
1619906529246,32.79943355913823,-117.15892558988858,78.99041642910377,22,31,11,11
1619906529362,32.79944692946875,-117.15891757867657,79.0197056129008,21,31,11,11
1619906529478,32.799460280183986,-117.15890959177159,79.04704122811854,21,31,11,11
1619906529711,32.7995134520088,-117.15887776866131,79.11801720463355,20,30,11,11
1619906529850,32.79952662573256,-117.15886986399421,79.11307783051146,20,30,11,11
1619906530042,32.79953976656737,-117.15886199158305,79.11434454452024,20,30,11,11
1619906530153,32.799552916833065,-117.15885409267437,79.130060896219,20,30,11,11
1619906530301,32.79956601598865,-117.15884624693224,79.1509583313461,20,30,11,11
1619906530416,32.799579097655375,-117.15883847141525,79.17141937525496,20,30,11,11
1619906530608,32.79963119663216,-117.15880792727138,79.21186505903978,20,30,11,11
1619906530831,32.79964410242566,-117.15880047125687,79.21432830096677,20,30,11,11
1619906530964,32.79965698073577,-117.15879305838608,79.22194179457959,20,30,11,11
1619906531200,32.79970820888198,-117.15876406045109,79.2605956325089,21,31,10,11
1619906531312,32.799720895408356,-117.15875705114722,79.27185162058257,21,31,10,11
1619906531431,32.799733531865854,-117.15875013090965,79.27999591388058,21,31,10,11
1619906531566,32.79974612634374,-117.15874328826683,79.28890669082115,21,31,10,11
1619906531680,32.7997586727316,-117.1587365239244,79.29701535145182,21,31,10,11
1619906531765,32.799771195749905,-117.15872988937213,79.307940388508,22,31,10,11
1619906531985,32.799783701353256,-117.15872336657348,79.31830938614999,22,31,11,11
1619906532200,32.79983331905965,-117.15869842250716,79.32559480714004,22,32,11,11
1619906532312,32.799845647929466,-117.1586924565233,79.33381758167401,22,32,11,11
1619906532430,32.79985793646445,-117.15868658512503,79.34133207372713,22,32,11,11
1619906532566,32.799870169795525,-117.15868083000368,79.34191209662714,22,31,11,11
1619906532687,32.79988236075813,-117.15867518342955,79.33838842790793,21,31,11,11
1619906532862,32.79989449063117,-117.15866964429716,79.33774148911137,21,31,11,11
1619906532972,32.79993058568155,-117.15865356018597,79.35282446049949,21,30,11,11
1619906533180,32.799942490325364,-117.15864839271865,79.35910632604485,21,31,11,11
1619906533296,32.79995433063971,-117.15864326955692,79.35692776869122,21,31,11,11
1619906533415,32.79996610197374,-117.15863821044834,79.35894021507924,21,31,11,11
1619906533526,32.79997778952098,-117.15863316211511,79.36264447347345,21,31,11,11
1619906533664,32.799989391574684,-117.15862812874059,79.36600747196064,21,31,11,11
1619906533784,32.80002371712664,-117.15861320876093,79.38159534733883,21,30,11,11
1619906533870,32.80003499830662,-117.15860830161496,79.38455451584423,20,29,11,11
1619906534025,32.8000461952752,-117.15860338540156,79.39232773013705,20,29,12,11
1619906534168,32.800057328298315,-117.15859847582601,79.405399704115,20,29,12,11
1619906534282,32.800068351254254,-117.15859356958526,79.41576176008594,20,29,12,11
1619906534395,32.800079263880036,-117.15858865402843,79.42116022828644,20,30,12,11
1619906534507,32.800090097575364,-117.15858372796414,79.42512911529231,21,30,12,11
1619906534812,32.80013242658699,-117.15856386609497,79.44609464371368,21,30,12,11
1619906535004,32.80014273227108,-117.15855886681935,79.44956259872814,21,30,12,11
1619906535116,32.800152928332096,-117.15855385062468,79.45145884682334,21,30,12,11
1619906535263,32.800163019293535,-117.15854881735153,79.45370603208968,21,30,12,11
1619906535376,32.80017299217223,-117.15854378885835,79.45671443436676,22,31,12,11
1619906535489,32.80018284840639,-117.15853876337407,79.46008510426569,22,31,12,11
1619906535602,32.800192600856775,-117.15853372472063,79.463457747984,22,31,12,11
1619906535809,32.80023050839028,-117.15851369929702,79.48796086302089,23,31,12,11
1619906535930,32.80023971772337,-117.15850875014792,79.49501499047184,23,31,11,11
1619906536075,32.8002488181431,-117.15850381351792,79.50176012579527,23,31,11,11
1619906536223,32.800257819180864,-117.15849892585845,79.50568481289916,23,31,11,11
1619906536335,32.800266709225674,-117.1584940846363,79.50759256985964,23,31,11,11
1619906536448,32.80027549585373,-117.15848927397697,79.50879128663287,23,31,11,11
1619906536558,32.800284183870076,-117.15848451655862,79.51221620544037,23,31,11,11
1619906536827,32.800317905178126,-117.15846595916965,79.53900783643788,25,33,11,11
1619906536977,32.800326087984274,-117.15846145834038,79.54491753691498,26,34,11,11
1619906537088,32.800334155556456,-117.15845698067031,79.54979395167452,26,34,11,11
1619906537247,32.800342115378854,-117.15845254898613,79.55199971501521,26,34,11,11
1619906537357,32.80034998249424,-117.15844819211073,79.55458119291937,27,35,11,11
