1483232620227,32.88011261125497,-117.23534043049129,75.94888978673518,54,115,11,11
1483232620342,32.88011259849366,-117.23534043596075,75.94915514258071,54,115,11,11
1483232620455,32.880112578455716,-117.23534044399611,75.94755805219775,54,115,11,11
1483232620569,32.88011256062103,-117.23534043155855,75.94844088998254,54,115,11,11
1483232620677,32.88011254129882,-117.23534043429157,75.94611178639892,54,116,11,11
1483232620866,32.880112521140106,-117.23534043210884,75.94816567092533,54,116,11,11
1483232620980,32.88011250051802,-117.23534043992336,75.94531875285517,54,115,11,11
1483232621093,32.88011248804355,-117.23534045108116,75.94550948424296,55,116,11,11
1483232621209,32.88011247196311,-117.23534045267932,75.94376481728649,55,116,11,11
1483232621349,32.880112455457734,-117.23534043858379,75.94340511083988,55,116,11,11
1483232621538,32.880112377623405,-117.23534047627825,75.94326408349879,54,115,11,11
1483232621645,32.88011236549722,-117.2353404729191,75.94221706763912,54,115,11,11
1483232621799,32.88011236462572,-117.23534047371108,75.94406638856542,54,115,11,11
1483232621944,32.88011232656655,-117.23534048345859,75.94266270731056,54,114,11,11
1483232622057,32.88011232275657,-117.2353404849878,75.94293754571403,54,114,11,11
1483232622220,32.88011225333945,-117.23534048212657,75.94205344539742,54,115,11,11
1483232622339,32.88011225135094,-117.23534047897658,75.94273574033642,54,115,11,11
1483232622460,32.88011223710012,-117.23534049246437,75.94225557409224,54,115,11,11
1483232622574,32.8801122261004,-117.23534048086822,75.94368206278237,54,114,11,11
1483232622683,32.8801122113267,-117.23534049478874,75.94313900990944,54,114,11,11
1483232622835,32.88011218460115,-117.23534049758257,75.94326572349352,54,114,11,11
1483232622982,32.88011217409154,-117.2353405007344,75.94455752730708,54,114,11,11
1483232623220,32.88011210764133,-117.2353404971951,75.94611497098455,53,114,11,11
1483232623332,32.880112093056816,-117.23534049777068,75.94701938470277,53,113,11,11
1483232623446,32.880112071091666,-117.2353405037843,75.9482878946321,53,113,11,11
1483232623615,32.88011205718549,-117.23534049300929,75.94921373244675,53,113,11,11
1483232623749,32.88011203990746,-117.23534050815721,75.94821377057076,53,114,11,11
1483232623875,32.88011203597777,-117.23534049797732,75.94931887052671,54,114,11,11
1483232624030,32.8801119816359,-117.23534048949628,75.9524464674228,53,113,11,11
1483232624168,32.8801119628098,-117.23534049503932,75.95372089328296,53,113,11,11
1483232624278,32.880111953527326,-117.2353405062491,75.9543066320835,53,113,11,11
1483232624392,32.88011194511393,-117.23534050467758,75.95620806619019,53,113,11,11
1483232624506,32.88011193239945,-117.23534050724764,75.95574145340751,53,112,11,11
1483232624623,32.88011191210238,-117.2353405017635,75.95947432244967,52,112,11,11
1483232624755,32.880111918677215,-117.23534052243394,75.95930851029667,52,111,11,11
1483232625026,32.88011186265672,-117.23534053700357,75.9641828332198,50,109,11,11
1483232625170,32.88011185143567,-117.23534053325493,75.96628436060152,50,109,11,11
1483232625281,32.88011184708578,-117.23534053362663,75.96845690998244,50,108,11,11
1483232625395,32.88011182916826,-117.23534055373598,75.96877347080664,50,108,11,11
1483232625508,32.88011182055057,-117.23534053736454,75.97066054601301,50,108,11,11
1483232625683,32.880111808002134,-117.23534054689819,75.97160826153436,50,107,11,11
1483232625920,32.880111774433885,-117.23534056991345,75.973504537155,50,107,11,11
1483232626098,32.88011175618154,-117.2353405622617,75.97497037920306,50,107,11,11
1483232626234,32.88011174781879,-117.2353405649338,75.97519756081913,50,107,11,11
1483232626344,32.88011172699308,-117.23534056925052,75.97451054986207,50,107,11,11
1483232626462,32.88011172578028,-117.2353405750417,75.97722354611945,51,107,11,11
1483232626575,32.88011171983013,-117.2353405613692,75.97731904144075,51,107,11,11
1483232626696,32.88011168928348,-117.23534057491213,75.97830395010159,51,108,11,11
1483232626924,32.88011166258701,-117.2353405853566,75.98230719702119,51,108,11,11
1483232627059,32.88011164296187,-117.23534057686967,75.98372715452614,51,107,11,11
1483232627160,32.8801116347895,-117.23534058545053,75.9839675801951,51,107,11,11
1483232627339,32.88011162045605,-117.23534056598477,75.98621155918325,51,107,11,11
1483232627453,32.88011161110799,-117.235340586878,75.98532133826947,51,107,11,11
1483232627566,32.88011161312223,-117.23534058161368,75.98687527268531,51,107,11,11
1483232627792,32.88011156358997,-117.23534056728084,75.99099612994722,51,106,11,11
1483232628060,32.880111551507355,-117.23534058224344,75.99190367879426,51,106,11,11
1483232628171,32.88011154161257,-117.23534057884595,75.9936692586775,50,105,11,11
1483232628275,32.88011152419355,-117.23534056517806,75.99488917595421,50,105,11,11
1483232628418,32.88011152488065,-117.23534055906727,75.99578948137618,50,105,11,11
1483232628533,32.88011152919066,-117.23534057266633,75.99725777420223,49,104,11,11
1483232628712,32.880111490506046,-117.23534059076925,75.9993530757444,49,103,11,11
1483232628857,32.88011148423772,-117.23534057945855,76.00104802045023,49,103,11,11
1483232628979,32.88011147769899,-117.23534059105408,76.00170141004466,49,103,11,11
1483232629089,32.880111463037814,-117.23534058869431,76.00238773522744,48,102,11,11
1483232629227,32.88011145400544,-117.23534060221417,76.00355640455024,48,102,11,11
1483232629340,32.880111462442066,-117.2353406038423,76.00414781109863,48,102,11,11
1483232629464,32.88011144278513,-117.23534061905228,76.00311268102037,48,101,11,11
1483232629546,32.88011143333635,-117.23534060625279,76.00481315747633,48,101,11,11
1483232629822,32.88011139904926,-117.23534064559139,76.00666967484139,46,99,11,11
1483232630003,32.880111399746816,-117.23534063378237,76.00951663818186,46,98,11,11
1483232630167,32.880111392026016,-117.23534063458405,76.00932053960123,46,98,11,11
1483232630279,32.88011139117271,-117.2353406456577,76.00963097219045,46,97,11,11
1483232630423,32.88011138389388,-117.2353406522637,76.00877730801622,45,97,11,11
