1610059044101,32.88033338589671,-117.23154744783709,70.04586928225753,81,124,13,11
1610059044193,32.880336818345526,-117.23153653056087,70.02900943744082,81,124,13,11
1610059044274,32.880340232117646,-117.2315256291569,70.01338276810363,81,123,13,11
1610059044355,32.8803436692192,-117.2315148283926,69.99616961177713,81,123,13,11
1610059044438,32.8803470850856,-117.23150407467772,69.9807735426903,81,123,12,11
1610059044592,32.880350522736414,-117.23149339605085,69.96677237313725,81,123,12,11
1610059044672,32.880353946823185,-117.23148283869371,69.95305536037253,81,123,12,11
1610059044773,32.88035731787142,-117.23147245475624,69.9360633892907,81,124,12,11
1610059044859,32.880360657378525,-117.23146222647829,69.91286558932559,81,123,12,11
1610059044942,32.88036400359061,-117.2314521736399,69.89350710247696,81,123,12,11
1610059045041,32.88036727624308,-117.23144227847307,69.88231978933688,81,123,13,11
1610059045265,32.88037049703681,-117.23143256018624,69.87247554764177,81,123,13,11
1610059045344,32.880373678369466,-117.23142301862613,69.86275290140742,81,123,13,11
1610059045427,32.880376822495506,-117.23141365511893,69.85368047363326,81,123,13,11
1610059045511,32.88037991539144,-117.23140459237774,69.84394325851021,81,123,13,11
1610059045656,32.88038297990044,-117.23139568388504,69.83153856585167,81,123,13,11
1610059045755,32.88038603357175,-117.23138690486645,69.81916805600262,82,123,13,11
1610059045882,32.8803979333008,-117.23135292833175,69.78129564245693,83,123,13,11
1610059046035,32.880400838674056,-117.23134472613467,69.7701645217925,83,123,13,11
1610059046116,32.88040376445841,-117.23133665041262,69.75982117542112,84,124,13,11
1610059046197,32.88040670184377,-117.23132870576875,69.75046708231352,84,124,13,11
1610059046279,32.88040960950157,-117.23132086201593,69.73946397146189,85,124,13,11
1610059046426,32.880412537592356,-117.2313131405277,69.72926620912693,85,124,13,11
1610059046535,32.880415505669305,-117.23130555000282,69.72145437384549,85,124,13,11
1610059046616,32.880418466942686,-117.23129807579272,69.71845653026124,85,124,13,11
1610059046701,32.8804213881821,-117.2312907346366,69.71320533927381,86,124,13,11
1610059046781,32.88042428585217,-117.23128354860319,69.70851903697249,86,124,13,11
1610059046962,32.880427169751634,-117.23127651629643,69.70581036342502,87,124,13,11
1610059047044,32.880430000803926,-117.23126967345766,69.70231243753561,87,124,13,11
1610059047125,32.88043272407291,-117.2312630585374,69.69869742073426,87,124,13,11
1610059047206,32.88043540918541,-117.23125671976621,69.69873761504225,88,124,13,11
1610059047290,32.880437949667176,-117.23125065991084,69.69548457678805,88,124,13,11
1610059047448,32.880440409273014,-117.23124485290596,69.69542514067633,88,124,13,11
1610059047533,32.88044277648319,-117.23123929493431,69.69635476810973,89,124,13,11
1610059047614,32.880445040155955,-117.2312339761562,69.69758799749441,89,124,12,11
1610059047695,32.88044721902857,-117.23122889762594,69.70266290390107,89,124,12,11
1610059047774,32.88044926458043,-117.23122403788406,69.71176781914335,90,124,12,11
1610059047867,32.880451211023235,-117.23121943636978,69.71734946713813,90,124,12,11
1610059048016,32.88045308531529,-117.23121509567878,69.721141352828,91,124,12,11
1610059048117,32.88045485409626,-117.2312109986597,69.72681374327692,91,124,12,11
1610059048198,32.88045650275337,-117.23120713294095,69.73214725081607,92,124,12,11
1610059048289,32.88045806160499,-117.23120350119194,69.73742541269358,92,124,12,11
1610059048440,32.88045952374948,-117.23120007159082,69.74493048054262,92,124,12,11
1610059048545,32.880460895916464,-117.23119684359395,69.75106898814536,93,124,12,11
1610059048624,32.88046215895966,-117.23119379534435,69.75856861589976,93,124,12,11
1610059048723,32.88046332893175,-117.23119089807469,69.76822258848945,93,124,12,11
1610059048804,32.88046444960252,-117.23118811246309,69.7743286996527,94,124,12,11
1610059048975,32.88046554556481,-117.23118536377208,69.78130274635528,93,124,12,11
1610059049128,32.88046661509089,-117.23118261846787,69.79185354673001,94,124,12,11
1610059049209,32.880467648355996,-117.2311798751967,69.80274245085127,94,124,12,11
1610059049290,32.88046867039022,-117.23117713003768,69.81371168665515,94,124,12,11
1610059049372,32.880469694495694,-117.23117438101778,69.825607451176,94,124,12,11
1610059049515,32.88047071825619,-117.23117160758748,69.83708764943239,94,124,12,11
1610059049616,32.88047173413832,-117.23116879953302,69.84818086270607,94,124,12,11
1610059049696,32.88047276868395,-117.23116591455222,69.85879983059898,94,124,12,11
1610059049846,32.8804738371937,-117.23116293322347,69.87097284218343,93,124,12,11
1610059049938,32.88047494576151,-117.23115983407806,69.88436885246509,93,124,12,11
1610059050029,32.88047608887099,-117.23115659864777,69.89526171941256,93,125,12,11
1610059050179,32.880477289842474,-117.2311532282324,69.9052179475869,93,125,12,11
1610059050260,32.88047851159348,-117.23114962282477,69.91871592984613,92,124,12,11
1610059050339,32.88047977504952,-117.23114586756233,69.93281618620789,92,124,12,11
1610059050421,32.88048111223448,-117.23114200352651,69.94664854296794,91,124,12,11
1610059050557,32.880482499892516,-117.23113799451363,69.95960905306234,91,124,12,11
1610059050663,32.880483932203454,-117.23113383866635,69.97274459114968,90,124,12,11
1610059050746,32.88048542099864,-117.23112954849813,69.9843010587345,90,124,12,11
1610059050827,32.88048696443995,-117.23112511232753,69.99682129833143,89,124,12,11
1610059050908,32.88048855964654,-117.23112052767398,70.0066237432438,89,124,12,11
1610059051002,32.88049022325478,-117.23111578724692,70.01624302176579,88,124,12,11
1610059051240,32.880491969202616,-117.2311108906409,70.02807809661664,88,124,12,11
1610059051321,32.88049377432207,-117.23110581304614,70.03867613999557,87,124,12,11
1610059051402,32.880495640112784,-117.23110057175059,70.05095041807975,87,124,12,11
1610059051484,32.88049757570124,-117.23109517057553,70.05701515248634,86,124,12,11
1610059051623,32.88049957001968,-117.23108958343806,70.06871931447913,86,124,12,11
1610059051705,32.880501626240765,-117.23108382553737,70.07978586095115,86,124,12,11
1610059051798,32.880503766334506,-117.23107791184634,70.08942435680922,85,124,12,11
1610059051971,32.880512845063976,-117.23105259854,70.11539082401347,84,124,12,11
1610059052063,32.88051521365143,-117.2310458853839,70.11780550829346,84,124,12,11
1610059052169,32.88051764746981,-117.2310390512842,70.11648608888468,84,124,12,11
1610059052254,32.880520146870786,-117.23103208703381,70.11913702384045,84,124,12,11
1610059052431,32.88052266471825,-117.23102500315055,70.1216653747328,84,124,12,11
1610059052540,32.88052522114367,-117.23101786584313,70.11570363502548,84,124,12,11
1610059052621,32.88052783481301,-117.23101067858842,70.10891236473331,84,124,12,11
1610059052700,32.88053047174776,-117.23100342932038,70.10235445142895,84,124,12,11
1610059052781,32.88053317625048,-117.23099615833982,70.09121157656311,84,124,12,11
1610059052874,32.8805358791938,-117.23098883311891,70.08672963069122,84,124,12,11
1610059053035,32.880538624409716,-117.23098144924734,70.08808319116784,84,124,12,11
1610059053120,32.88054140799089,-117.23097406677806,70.08532619876713,83,124,12,11
1610059053203,32.880544273628466,-117.23096669633668,70.090605248355,83,124,12,11
1610059053275,32.880547095236366,-117.23095924462983,70.10073066795876,83,124,12,11
1610059053427,32.88054989277311,-117.23095176244688,70.09654240608928,83,124,12,11
1610059053533,32.88055279475703,-117.23094428369492,70.09600561135058,83,124,12,11
1610059053619,32.88055578422425,-117.23093674553692,70.10143154233873,83,124,12,11
1610059053705,32.88055875454646,-117.23092917829089,70.09992034691449,83,123,11,11
1610059053793,32.880561739402005,-117.23092154385799,70.09894500977265,83,123,11,11
1610059053955,32.880564775713786,-117.23091387072593,70.10058148931797,84,123,11,11
1610059054103,32.88056785317849,-117.23090619190832,70.09870295548606,84,123,11,11
