3600048477164,32.67383427985196,-117.11036034564087,-21.005690237171073,80,123,15,11
3600048477399,32.67380743116413,-117.11037328908145,-20.99361162047066,80,123,15,11
3600048477479,32.673780758925666,-117.11038611718183,-20.976262487615276,80,123,15,11
3600048477584,32.67375407566171,-117.11039891805247,-20.959159673652653,80,123,15,11
3600048477665,32.673727370286635,-117.11041171879828,-20.939032168614716,79,123,15,11
3600048477811,32.673700652680985,-117.11042451575874,-20.922092461206024,79,123,15,11
3600048477888,32.67367392365689,-117.11043732257991,-20.90890367025398,79,123,15,11
3600048477976,32.67364700744378,-117.11045020344605,-20.89889668276259,79,123,15,11
3600048478076,32.673620269897164,-117.11046301219444,-20.886077089419746,79,123,15,11
3600048478159,32.67359352416814,-117.11047585653446,-20.875034245253264,79,123,15,11
3600048478247,32.673566784249225,-117.11048871740827,-20.868783381561528,79,123,15,11
3600048478437,32.673540037992176,-117.11050159645978,-20.86258880958066,79,123,15,11
3600048478556,32.67351328492027,-117.1105144902937,-20.853485395198092,79,123,15,11
3600048478659,32.67348632956793,-117.11052748801893,-20.841684510542045,79,123,15,11
3600048478772,32.67345956529529,-117.11054038784675,-20.832992432986636,79,123,15,11
3600048478843,32.673432786730835,-117.11055328780444,-20.821739988159617,79,123,15,11
3600048478940,32.67340599295975,-117.11056618022945,-20.810099617815506,79,123,15,11
3600048479025,32.673379186163515,-117.11057906697222,-20.7933113627551,79,123,15,11
3600048479126,32.6733523683203,-117.11059198014634,-20.77285245113448,79,123,15,11
3600048479207,32.673325366471225,-117.1106049849403,-20.752250591704755,79,123,15,11
3600048479286,32.673298565559975,-117.11061790655621,-20.73017501356265,79,123,15,11
3600048479450,32.67327174851775,-117.11063083011221,-20.704280361733996,79,123,15,11
3600048479609,32.67324491546902,-117.1106437534868,-20.679454785499704,79,123,15,11
3600048479712,32.67321805734434,-117.11065664963327,-20.653485761621965,79,123,15,11
3600048479796,32.67319120966661,-117.11066954237103,-20.62895928592399,79,123,15,11
3600048479936,32.67316415406251,-117.1106825217539,-20.601107454689473,78,123,15,11
3600048480007,32.67313730433315,-117.11069540058651,-20.579860353756143,78,123,15,11
3600048480099,32.67311043143791,-117.11070826412015,-20.554248815355134,78,123,15,11
3600048480208,32.67308354253014,-117.11072111624703,-20.52214948898435,78,123,15,11
3600048480352,32.672975757288036,-117.11077247286282,-20.382560556260046,78,122,15,11
3600048480466,32.672948841817266,-117.11078525082523,-20.34413393529453,78,122,15,11
3600048480564,32.672921894544416,-117.11079799893781,-20.303425434845007,78,122,15,11
3600048480654,32.672894949968196,-117.1108107425718,-20.265357593682758,78,122,15,11
3600048480750,32.672867992771195,-117.11082346064013,-20.23076269546177,78,122,15,11
3600048480858,32.67284085626721,-117.1108362521792,-20.193962217935624,78,122,15,11
3600048480959,32.672813888670746,-117.11084890450826,-20.16109327082302,78,122,15,11
3600048481061,32.672786894032875,-117.11086148937851,-20.127313348630235,78,122,15,11
3600048481146,32.672759876279095,-117.11087399919182,-20.093523759244142,78,122,15,11
3600048481367,32.67273282244763,-117.1108864342932,-20.056808989884427,78,122,15,11
3600048481466,32.67270574176009,-117.11089877941379,-20.02349189134715,78,122,15,11
3600048481569,32.67267844715482,-117.1109111116616,-19.990520142556612,78,122,15,11
3600048481653,32.672651302972845,-117.1109232774652,-19.958863275272257,78,122,15,11
3600048481795,32.67262411598783,-117.11093535603464,-19.933403646647903,78,122,15,11
3600048481877,32.67259691435432,-117.1109473151778,-19.914199295714802,78,122,15,11
3600048481963,32.67256966291088,-117.1109591531659,-19.895498416920226,78,122,15,11
3600048482070,32.672542365679824,-117.11097086894834,-19.87555519012663,78,122,15,11
3600048482153,32.67251483984798,-117.11098254125805,-19.85807150005641,78,122,15,11
3600048482299,32.67248746753955,-117.11099402420336,-19.84098873389589,78,122,15,11
3600048482449,32.67246005908532,-117.11100538893682,-19.82181543613343,78,122,15,11
3600048482542,32.67243260433799,-117.1110166391213,-19.80278891368971,78,122,15,11
3600048482654,32.6724051029863,-117.11102779267942,-19.78731362504066,78,122,15,11
3600048482735,32.67237759373493,-117.11103885239926,-19.77634493778116,78,122,15,11
3600048482821,32.672349862984845,-117.11104989695392,-19.764324844131004,78,122,15,11
3600048482901,32.6723222944836,-117.11106078213237,-19.75318564581539,78,122,15,11
3600048482983,32.67229469741672,-117.11107157484962,-19.744613007082638,78,122,15,11
3600048483085,32.67226708153473,-117.11108227302543,-19.73667598411682,78,122,15,11
3600048483178,32.67223944558918,-117.11109286837642,-19.723178097926894,78,122,15,11
3600048483259,32.672211774681664,-117.11110334585504,-19.709521679501808,78,122,15,11
3600048483397,32.67218391241013,-117.11111376597172,-19.698521308504965,78,122,15,11
3600048483485,32.672156216908164,-117.11112400798663,-19.68975449589227,78,122,15,11
3600048483661,32.672128506189516,-117.11113408796801,-19.67731057924083,78,122,15,11
3600048483752,32.672100773743544,-117.1111440592887,-19.657721603343663,79,122,15,11
3600048483896,32.67207302940066,-117.11115392744811,-19.639039669972703,79,122,15,11
3600048483976,32.67204526969492,-117.11116369414405,-19.620942347342897,79,122,15,11
3600048484063,32.67201750042038,-117.11117334489744,-19.603577470864852,79,122,15,11
3600048484166,32.67198969538691,-117.11118286356928,-19.58188636275465,80,122,15,11
3600048484247,32.671961872441614,-117.11119222684019,-19.56621954411528,80,122,15,11
3600048484327,32.67193402278822,-117.11120143733518,-19.551925315408287,80,122,15,11
3600048484442,32.671850354945306,-117.11122826125485,-19.522717767039122,81,122,15,11
3600048484552,32.67182243591789,-117.1112369602626,-19.519008183209838,81,122,15,11
3600048484659,32.67179450124529,-117.11124553724473,-19.51529392250884,81,122,15,11
3600048484750,32.67176654403537,-117.11125400213865,-19.509136021794014,82,122,15,11
3600048484854,32.67173858638782,-117.1112623484754,-19.507897549349266,82,122,15,11
3600048484958,32.67171060962632,-117.1112705657619,-19.503725774407265,82,122,15,11
3600048485054,32.67168261477485,-117.11127864889349,-19.498119933563185,82,122,15,11
3600048485144,32.671654601944134,-117.11128661348882,-19.492048311881792,82,122,15,11
3600048485292,32.671626574402836,-117.11129445571363,-19.48821659705003,83,122,15,11
3600048485443,32.671598535212944,-117.11130216954305,-19.484616097034642,83,122,15,11
3600048485543,32.671570479585846,-117.11130976844842,-19.477711536409828,83,122,15,11
3600048485641,32.67154240246381,-117.11131725281587,-19.468969791243033,83,122,15,11
3600048485787,32.67151431600967,-117.11132461960997,-19.46448259489378,83,122,15,11
3600048485872,32.671486217064015,-117.11133186021293,-19.460167218932245,83,122,15,11
3600048485955,32.67145811081769,-117.11133899645492,-19.460193266294567,83,122,15,11
3600048486059,32.671429990397,-117.11134602659313,-19.46130097629325,84,122,15,11
3600048486138,32.6714018551061,-117.11135294592316,-19.464496162100247,84,122,15,11
3600048486286,32.671373723363644,-117.11135975899754,-19.474482046156368,84,122,15,11
3600048486419,32.67134557544415,-117.11136647364306,-19.480725593526596,84,122,15,11
3600048486511,32.67131742710492,-117.11137307920846,-19.487141134856184,84,122,15,11
3600048486611,32.67128926344558,-117.11137957605504,-19.489478127900377,84,122,15,11
3600048486716,32.67126110137254,-117.11138595646737,-19.491115303767884,84,122,15,11
3600048486804,32.6712329209495,-117.11139223166694,-19.485552806324527,84,122,15,11
3600048486893,32.67120473924681,-117.11139840292307,-19.480224497937158,84,123,15,11
3600048486976,32.67117653645639,-117.11140446421442,-19.471668569627706,84,122,15,11
3600048487078,32.67114833626563,-117.1114103956983,-19.470693732114505,84,122,15,11
3600048487159,32.671120143979785,-117.11141617051261,-19.47216194254379,85,122,15,11
3600048487312,32.67109194639348,-117.11142187185979,-19.461830011428543,85,123,15,11
