1632266194023,32.95420673556241,-117.1293365035145,130.87111583340325,32,78,15,11
1632266194167,32.954201887578094,-117.129366721039,130.7311562395081,32,77,15,11
1632266194304,32.954197077930296,-117.12939694069948,130.58969252000904,31,77,15,11
1632266194472,32.95419228791658,-117.12942715835622,130.44660671013492,31,77,15,11
1632266194801,32.95417328433217,-117.12954813840042,129.91733656251185,31,75,15,11
1632266194917,32.95416853968353,-117.1295784251618,129.77252273872662,30,75,15,11
1632266195027,32.95416382567661,-117.1296086376069,129.6269229233261,30,74,15,11
1632266195133,32.954159120430354,-117.1296388552418,129.47897240126719,30,73,15,11
1632266195284,32.954154463966674,-117.12966911466941,129.3444952055038,29,72,15,11
1632266195421,32.95414980321169,-117.12969940255525,129.20875037332254,29,71,15,11
1632266195555,32.954135880458004,-117.1297902153372,128.76463964354107,29,70,10,11
1632266195672,32.9541312505204,-117.12982045431276,128.6226779066116,29,69,9,11
1632266195790,32.95412662289675,-117.12985070375781,128.47494477998268,30,70,6,11
1632266195926,32.95412201369028,-117.12988092975753,128.3166729082057,31,71,0,13
1632266196067,32.954117428666216,-117.12991115992126,128.1605613156282,32,72,0,13
1632266196166,32.95411285001404,-117.1299413985585,128.007588836754,33,73,0,13
1632266196290,32.954099220762295,-117.13003205896267,127.5591511736396,38,77,0,13
1632266196383,32.954094718012,-117.13006228186346,127.41423225971734,39,79,0,13
1632266196583,32.95409023025477,-117.1300924980456,127.2680534403271,41,80,0,13
1632266196712,32.95408574969484,-117.13012270739263,127.1227074177967,42,81,0,13
1632266196842,32.954081287020244,-117.13015292160661,126.98018306565271,44,83,0,13
1632266197064,32.954063593275514,-117.13027377186022,126.41873604647213,51,89,0,13
1632266197179,32.95405920091668,-117.13030397249304,126.27847427281098,53,90,0,13
1632266197357,32.95405482297856,-117.13033420839973,126.14802828653416,56,92,0,13
1632266197523,32.95405046186076,-117.13036444703157,126.0119255235828,58,94,0,13
1632266197635,32.95404612061806,-117.13039463611084,125.86218357753341,60,95,0,13
1632266197784,32.954041791618586,-117.13042483454797,125.72273517637161,62,97,0,13
1632266197904,32.954037473444764,-117.13045509545123,125.601513411929,64,99,0,13
1632266198104,32.95402032331931,-117.13057600357381,125.05720401944025,75,106,0,13
1632266198194,32.95401607100919,-117.13060621556707,124.92261445797295,77,107,0,13
1632266198398,32.95401184437379,-117.13063645423925,124.79998366051433,80,109,0,13
1632266198514,32.95400763372834,-117.13066671151482,124.68350613625907,83,111,0,13
1632266198836,32.95399096361284,-117.13078737363418,124.17988185841918,94,118,12,11
1632266198959,32.953986811600764,-117.13081793665611,124.05602600793702,97,120,12,11
1632266199082,32.95398268754606,-117.1308481942226,123.94084354489884,100,122,12,11
1632266199197,32.95397862404012,-117.13087849227927,123.83237148912805,103,124,12,11
1632266199310,32.9539745226019,-117.1309087684185,123.71920152024681,106,126,12,11
1632266199477,32.95397046574962,-117.13093904206143,123.60247603673231,109,128,12,11
1632266199597,32.95396638863017,-117.13096933491987,123.49048213130095,112,130,12,11
1632266199852,32.95395030529191,-117.13109044883988,123.03500526908299,123,138,15,11
1632266199963,32.95394630306333,-117.13112081490401,122.9232360726248,125,140,15,11
1632266200054,32.9539423707907,-117.13115111959343,122.80070920660755,127,142,15,11
1632266200198,32.95393841696687,-117.13118144877946,122.68683887071307,128,143,15,11
1632266200334,32.953934411782896,-117.13121184973052,122.57879146863978,129,145,15,11
1632266200540,32.95392271550674,-117.13130291776956,122.27353856519365,129,150,15,11
1632266200652,32.953918850778734,-117.13133335342005,122.17448432344061,128,152,15,11
1632266200791,32.95391502417774,-117.13136389492632,122.06691197722327,128,153,15,11
1632266200909,32.95391124309551,-117.13139422079571,121.96074724618917,128,155,15,11
1632266201030,32.953907425568545,-117.13142466391389,121.866392695516,128,157,15,11
1632266201124,32.95390360645489,-117.13145512693369,121.77864276910105,127,158,15,11
1632266201270,32.95389982291147,-117.13148550760037,121.69725588321434,125,159,15,11
1632266201548,32.953884716717475,-117.1316075342107,121.32232738288629,118,163,15,11
1632266201660,32.9538809859058,-117.13163797468104,121.23391251223602,115,164,15,11
1632266201794,32.95387729818336,-117.13166844448158,121.14856116441995,113,165,15,11
1632266201908,32.95387361164155,-117.13169893115571,121.05062800940676,111,165,15,11
1632266202020,32.953869902051025,-117.1317296223425,120.95861618402591,108,165,15,11
1632266202110,32.95386627064276,-117.13176003404234,120.8710124731031,105,165,15,11
1632266202275,32.9538626110365,-117.13179056758878,120.78410067468486,102,165,15,11
1632266202511,32.9538519415896,-117.1318819717303,120.53443730077073,98,165,15,11
1632266202623,32.953848416987526,-117.13191272050611,120.46021945322472,99,167,15,11
1632266202734,32.953844942879655,-117.13194322674622,120.38769623527804,100,169,15,11
1632266202868,32.95384148655148,-117.13197371108728,120.31191895912058,100,171,15,11
1632266202981,32.9538380500395,-117.13200414120993,120.22944637627127,101,172,15,11
1632266203091,32.9538346113912,-117.13203465450204,120.15504244430204,101,173,15,11
1632266203185,32.953831216199866,-117.13206512966568,120.07891598573379,101,174,15,11
1632266203323,32.95382118712513,-117.13215668947629,119.8917819238366,98,176,15,11
1632266203481,32.95381789824775,-117.13218719763537,119.83207821529543,96,176,15,11
1632266203596,32.95381455052882,-117.13221773802013,119.77368184825303,95,177,15,11
1632266203710,32.95381127055838,-117.13224824504132,119.71587474724603,94,177,15,11
1632266203846,32.95380796143599,-117.13227881327376,119.6499677748522,92,177,15,11
1632266203958,32.953804748497134,-117.13230935680622,119.58100840158231,90,176,15,11
1632266204082,32.95380151475485,-117.13233991138884,119.51594949017733,87,174,15,11
1632266204173,32.95379829788583,-117.13237053977424,119.45372188148073,85,173,15,11
