1631741941189,32.79031306746506,-117.20687873926249,-26.448089797871837,49,100,13,11
1631741941290,32.79033848860873,-117.20688134234467,-26.455873734475013,49,100,13,11
1631741941498,32.79041475286226,-117.20688949227022,-26.493289927283495,50,100,13,11
1631741941665,32.79044019262467,-117.20689230470985,-26.50142076445457,50,100,13,11
1631741941779,32.79046563023904,-117.20689514864955,-26.51021453665796,50,100,12,11
1631741941930,32.79049107086927,-117.20689804343235,-26.518427112317056,51,101,12,11
1631741942055,32.79051645037402,-117.20690099106763,-26.522561588612277,52,102,10,11
1631741942268,32.790618176524674,-117.20691330966844,-26.53791243783851,59,107,0,13
1631741942439,32.79064361049914,-117.20691651273837,-26.540957463886382,60,108,0,13
1631741942528,32.790669047286265,-117.2069197660357,-26.544404412181137,63,110,0,13
1631741942708,32.79069447888567,-117.2069230609914,-26.55094662933921,65,112,0,13
1631741942792,32.79071991810532,-117.20692640400881,-26.554789258586577,67,113,0,13
1631741942950,32.79074534808291,-117.20692978906936,-26.562005261726267,69,115,0,13
1631741943037,32.79077078756652,-117.20693321536503,-26.566312808541436,71,116,0,13
1631741943267,32.790872549976505,-117.20694735489049,-26.591402259549852,81,123,0,13
1631741943464,32.79089799401929,-117.20695102283156,-26.59798248195286,83,124,0,13
1631741943549,32.790923428409805,-117.206954748373,-26.607571365414987,86,126,0,13
1631741943728,32.790948870119685,-117.20695853843772,-26.614973022439933,89,128,0,13
1631741943811,32.790974305946705,-117.20696238273786,-26.62597721224025,91,130,0,13
1631741943927,32.7909997354834,-117.20696627986125,-26.637732709065723,94,132,0,13
1631741944075,32.79107602697204,-117.20697833460427,-26.65100064266057,103,137,0,13
1631741944177,32.79110030866762,-117.20698228290506,-26.655441604594966,106,139,8,11
1631741944336,32.79112686526134,-117.20698665321967,-26.663053657990528,109,141,0,13
1631741944515,32.7911522850397,-117.20699088393408,-26.66910986183048,113,143,0,13
1631741944633,32.79117770597691,-117.2069951525307,-26.676540866773955,116,144,0,13
1631741944809,32.791203121741006,-117.20699945601974,-26.68655618017301,119,146,0,13
1631741944982,32.791304788033464,-117.20701706708209,-26.73060084670437,131,154,11,11
1631741945121,32.791330222045445,-117.20702163158799,-26.740397698029025,133,156,11,11
1631741945213,32.7913556431247,-117.20702624031503,-26.749753538710316,136,158,12,11
1631741945417,32.791381050428576,-117.20703089199242,-26.760049668086154,139,160,12,11
1631741945595,32.79145725018394,-117.20704511407617,-26.772218010398447,146,165,13,11
1631741945705,32.79148275716506,-117.20705000335444,-26.777588269845843,148,167,13,11
1631741945821,32.791508110442116,-117.20705496012772,-26.78617717906851,150,169,13,11
1631741945933,32.791533441751035,-117.20705993083577,-26.799441877811102,151,171,13,11
1631741946054,32.791558753820475,-117.20706498875077,-26.811961335962085,152,172,13,11
1631741946208,32.79158409964943,-117.20707004468288,-26.827483254602534,153,174,13,11
1631741946321,32.79160939875568,-117.20707518512863,-26.84251801776905,153,175,13,11
1631741946582,32.7917107345875,-117.2070966625055,-26.89499544540476,146,180,13,11
1631741946697,32.79173598578151,-117.20710221385795,-26.903662219772603,142,180,13,11
1631741946813,32.79176125876756,-117.20710772546234,-26.917115594591976,139,181,13,11
1631741946928,32.79178655444354,-117.20711332344554,-26.927338746723624,137,182,13,11
1631741947041,32.79181182433737,-117.20711896908676,-26.9462804866252,135,182,13,11
1631741947172,32.791837115468105,-117.20712467380467,-26.96411071203806,133,183,12,11
1631741947309,32.79186238360708,-117.20713055016365,-26.984979895869312,131,183,12,11
1631741947469,32.79193824699768,-117.20714796971097,-27.032806157882643,125,185,12,11
1631741947635,32.79196351505654,-117.20715390658437,-27.05010035458701,123,185,12,11
1631741947747,32.791988758768376,-117.2071598814294,-27.06890956616063,120,184,12,11
1631741947863,32.79201404193581,-117.20716584504223,-27.084333580027867,118,184,12,11
1631741947982,32.792039247367,-117.2071719275619,-27.10056331439083,116,184,12,11
1631741948094,32.79206449756642,-117.20717803160149,-27.107852424423413,112,183,12,11
1631741948228,32.792089685922846,-117.20718414667336,-27.112755269031513,109,182,12,11
1631741948341,32.792114907981144,-117.20719036158857,-27.11305301854736,106,181,12,11
1631741948479,32.792190110627224,-117.2072089865263,-27.133013688335474,101,179,12,11
1631741948644,32.792215180011894,-117.20721528765635,-27.137516573115693,99,179,12,11
1631741948756,32.79224014191868,-117.20722165743469,-27.13973565060864,97,178,12,11
1631741948868,32.79226501677151,-117.20722800559265,-27.14867232671004,95,177,13,11
1631741948986,32.79228985584756,-117.20723438735857,-27.151096906046252,93,175,13,11
1631741949101,32.79231461961637,-117.20724073184876,-27.161735442207895,92,175,13,11
1631741949246,32.79233924037849,-117.20724717062006,-27.1751864040737,90,174,13,11
1631741949401,32.792412905352464,-117.20726676827735,-27.178832368369008,85,168,13,11
1631741949522,32.79243723606466,-117.20727333546907,-27.18343454195012,84,168,13,11
1631741949690,32.792461484661786,-117.20727991572114,-27.186919794744405,83,167,13,11
1631741949800,32.79248565837142,-117.20728651322733,-27.19414064937847,82,166,13,11
1631741949919,32.79250988998598,-117.20729320537882,-27.200067493884063,80,164,13,11
1631741950037,32.79253383303325,-117.207299860613,-27.207722045825843,79,163,13,11
1631741950151,32.792557694993306,-117.20730656655975,-27.209238903826037,78,162,13,11
1631741950285,32.79258147047617,-117.20731326994968,-27.208895965913687,77,161,13,11
1631741950412,32.79260513373572,-117.20731999045444,-27.2116342492354,77,160,13,11
1631741950659,32.792699086115405,-117.2073472515346,-27.241723409116325,74,156,13,11
1631741950773,32.79272237369894,-117.20735418013915,-27.263841096276582,73,156,13,11
1631741950892,32.792745627494824,-117.20736112171521,-27.28783764231588,73,156,13,11
1631741951007,32.792768862086014,-117.20736809797975,-27.310019716167037,72,155,13,11
1631741951119,32.79279197977168,-117.20737511964408,-27.333589839938444,72,154,13,11
1631741951251,32.79281510665126,-117.20738219966223,-27.3565338255246,72,154,13,11
