1613863825237,32.78602188743014,-117.14668794075962,64.267164330685,46,94,10,11
1613863825388,32.78597574663459,-117.14665230851477,64.38547804302875,44,90,12,11
1613863825510,32.785960445638494,-117.1466406457324,64.41492862845934,43,89,12,11
1613863825634,32.78594517414882,-117.14662914647647,64.4458356533223,42,88,12,11
1613863825724,32.78592993585006,-117.146617749984,64.47758353153475,42,88,11,11
1613863825891,32.785914744052064,-117.14660649054903,64.50262437967051,42,88,11,11
1613863826011,32.785899607179324,-117.14659536772686,64.52606830240948,42,87,11,11
1613863826123,32.78588453364237,-117.14658435932463,64.55059893064595,42,87,11,11
1613863826311,32.78583966569263,-117.14655207935576,64.64150087420256,43,86,11,11
1613863826421,32.785824841057575,-117.146541585941,64.6707733882727,43,86,11,11
1613863826543,32.78581011384242,-117.14653123791192,64.69210697894283,44,86,11,11
1613863826655,32.78579548145351,-117.1465210374923,64.71690789750505,44,86,11,11
1613863826746,32.78578091962426,-117.14651095796336,64.75916172910465,44,85,11,11
1613863826913,32.78576640040636,-117.14650103800183,64.81008918938346,44,85,11,11
1613863827034,32.78575199460467,-117.14649123451663,64.85456357736412,44,84,11,11
1613863827271,32.78569528084313,-117.14645332238442,65.00168013841272,44,82,11,11
1613863827416,32.78568130437218,-117.1464441744636,65.03794236036173,44,82,11,11
1613863827536,32.785667439635645,-117.14643516100051,65.06611673357322,44,82,13,11
1613863827648,32.785653661987915,-117.14642626921692,65.10147134084923,44,81,13,11
1613863827738,32.7856399367062,-117.14641754859004,65.13194436249985,44,81,13,11
1613863827873,32.785626347195965,-117.14640893127353,65.16290681672172,44,80,13,11
1613863828028,32.78561285186691,-117.14640044488432,65.1937125816735,44,80,13,11
1613863828140,32.78559947963819,-117.14639206871637,65.2339083113724,43,79,13,11
1613863828284,32.78556005427911,-117.14636780602638,65.3387394572323,43,78,12,11
1613863828433,32.785547217557,-117.14635995631485,65.37715401457561,43,77,12,11
1613863828548,32.78553452555422,-117.14635223815469,65.41358836212488,42,76,12,11
1613863828664,32.78552194824644,-117.14634468794844,65.44392213830912,42,76,12,11
1613863828761,32.78550954779339,-117.14633726602325,65.47101086066984,42,75,12,11
1613863828929,32.78549731709882,-117.14633000110972,65.4890103414677,42,75,12,11
1613863829054,32.785485245223455,-117.14632286760349,65.51474809759554,42,75,12,11
1613863829162,32.7854500166457,-117.14630209794521,65.65693431281932,38,71,12,11
1613863829295,32.7854385718352,-117.14629541959938,65.69264487820718,38,70,12,11
1613863829446,32.78542731349739,-117.14628884550952,65.73489193276589,37,68,12,11
1613863829560,32.78541618784472,-117.14628242237485,65.76682119444456,36,67,12,11
1613863829672,32.785405232475384,-117.14627611699652,65.79554273488655,36,67,12,11
1613863829802,32.78539441363779,-117.14626991977084,65.8263088718007,36,66,12,11
1613863829939,32.78538377449377,-117.14626383489046,65.8550198835958,36,66,12,11
1613863830064,32.78537332619713,-117.14625784708633,65.87499221145194,36,66,12,11
1613863830332,32.78533314003088,-117.14623496164087,65.96998871587341,39,68,12,11
1613863830494,32.78532353502499,-117.14622948647593,65.99568217626727,40,68,12,11
1613863830612,32.785314101629695,-117.146224104241,66.0225722446218,40,68,12,11
1613863830725,32.78530484259263,-117.1462188105538,66.04904570229196,40,68,12,11
1613863830817,32.78529574152229,-117.14621363562958,66.06666711111609,41,69,12,11
1613863830951,32.78528681950035,-117.14620854888543,66.08157921862644,42,69,12,11
1613863831213,32.78525279465554,-117.14618918861294,66.13713267911668,46,73,12,11
1613863831319,32.785244669563575,-117.14618456882255,66.15279705492397,47,73,12,11
1613863831470,32.785236675024116,-117.1461800557876,66.17208258202211,47,74,12,11
1613863831584,32.785228812291855,-117.14617560986702,66.18864384956876,47,74,12,11
1613863831706,32.78522106603317,-117.14617121903166,66.20528386985328,48,75,12,11
1613863831820,32.785213446673595,-117.14616692253536,66.22259591595072,48,75,12,11
1613863831947,32.78520594081039,-117.14616270913734,66.24142856734403,48,75,12,11
1613863832194,32.785177097180366,-117.14614648400703,66.31770712314801,47,75,12,11
1613863832389,32.78517015684403,-117.14614255616624,66.33078521394343,47,76,12,11
1613863832503,32.785163353102774,-117.14613871441661,66.35521289946168,46,75,12,11
1613863832621,32.78515666271818,-117.14613491438698,66.3774457747526,45,75,12,11
1613863832734,32.78515007175302,-117.14613117090424,66.39876653058991,44,75,12,11
1613863832868,32.78514358511905,-117.14612748312432,66.42499889238405,43,74,12,11
1613863832978,32.785137200980635,-117.14612384164144,66.45164049132782,42,73,12,11
1613863833078,32.7851186569525,-117.14611325890111,66.53765622461317,39,71,12,11
1613863833255,32.7851126492912,-117.14610982087157,66.55758889810326,39,71,12,11
1613863833357,32.78510674721604,-117.14610643473975,66.5825301830783,39,70,12,11
1613863833504,32.78510094286728,-117.14610309562981,66.60858195550435,38,70,12,11
1613863833619,32.78509521137207,-117.14609980011679,66.63063167746176,38,69,12,11
1613863833746,32.78508957594639,-117.14609653991388,66.65255293877823,38,69,12,11
1613863833860,32.78508402283978,-117.14609332447829,66.6750184832147,38,69,12,11
1613863834008,32.7850785502468,-117.1460901439244,66.69424314697652,38,69,12,11
1613863834194,32.785057624146546,-117.14607796750674,66.7635090234565,40,70,12,11
1613863834352,32.7850527007147,-117.14607508990362,66.77965020463428,40,70,12,11
1613863834473,32.78504791477067,-117.14607227940786,66.79686815135314,40,71,12,11
1613863834674,32.78504326730232,-117.14606955505302,66.81237814521452,41,71,12,11
1613863834885,32.785026118384515,-117.14605949281736,66.86454525833342,40,71,12,11
1613863835000,32.78502215555,-117.14605716038496,66.87534847954186,40,71,12,11
1613863835131,32.78501831596404,-117.14605489763493,66.88485662578287,40,71,12,11
1613863835329,32.785014600564374,-117.14605270430465,66.89840826881135,40,71,12,11
