1631981413128,32.8716090645072,-117.23322798005195,46.688292101065436,48,84,12,11
1631981413275,32.87160538703472,-117.23316246520601,46.66771920483429,48,85,12,11
1631981413440,32.871604255083845,-117.23314009816067,46.65684151376116,48,85,12,11
1631981413557,32.87160315709799,-117.23311750560899,46.65193365494571,48,85,12,11
1631981413674,32.87160205152818,-117.23309466257774,46.65705130924591,48,85,12,11
1631981413794,32.8716009358763,-117.23307161078091,46.66297515461964,48,85,12,11
1631981414106,32.87159675167411,-117.23297767692557,46.66199981078756,45,83,14,11
1631981414251,32.87159572879603,-117.23295385021977,46.664701887849496,44,83,14,11
1631981414336,32.871594718876466,-117.23292990641406,46.67201542742337,44,82,14,11
1631981414480,32.87159371324091,-117.23290586194005,46.67931372419895,43,82,14,11
1631981414630,32.87159271997192,-117.23288173146241,46.68668034116131,43,81,14,11
1631981414746,32.871591741967286,-117.23285749855764,46.6924781212399,42,81,14,11
1631981414874,32.87159079572714,-117.23283314949042,46.717490516373275,41,80,14,11
1631981414987,32.87158986536172,-117.23280874034008,46.74180689968386,41,79,14,11
1631981415304,32.87158632323413,-117.2327104105281,46.84579709124898,39,77,14,11
1631981415385,32.87158552588657,-117.23268564661943,46.87923575854986,38,76,14,11
1631981415550,32.87158473965444,-117.23266084093038,46.92518837648538,38,75,14,11
1631981415646,32.87158390460205,-117.23263596224649,46.96567813767318,37,75,13,11
1631981415792,32.87158307533527,-117.23261102515308,47.01043590709908,36,74,13,11
1631981415904,32.87158223798856,-117.23258609209745,47.062255732879976,36,74,13,11
1631981416178,32.87157935752514,-117.23248605696266,47.27952364803411,35,72,13,11
1631981416291,32.87157866119986,-117.23246098087165,47.338467511905755,34,72,13,11
1631981416371,32.871577995156876,-117.23243595594809,47.38566149397973,34,71,13,11
1631981416541,32.87157743215127,-117.2324109255823,47.441234123036544,34,71,13,11
1631981416633,32.87157688602347,-117.23238578417731,47.50417585983117,33,71,13,11
1631981416788,32.871576342577285,-117.2323607538509,47.5636306325558,33,71,13,11
1631981416899,32.87157580984809,-117.23233573329632,47.616834896490545,33,71,13,11
1631981417089,32.87157396475785,-117.2322356303709,47.87914338433106,33,70,13,11
1631981417251,32.87157355127626,-117.23221064718614,47.943648979572075,33,70,13,11
1631981417402,32.87157322762295,-117.23218565914146,47.99824363261825,32,70,14,11
1631981417573,32.8715729502413,-117.23216070705656,48.04928201064542,32,69,14,11
1631981417697,32.87157269497046,-117.2321357666488,48.09934687799678,32,69,14,11
1631981417892,32.87157171696922,-117.23203604630474,48.31382799283449,32,68,13,11
1631981418004,32.87157146231511,-117.23201126373505,48.36338202601956,32,68,13,11
1631981418175,32.87157131253431,-117.23198651546053,48.44044289677855,32,68,13,11
1631981418285,32.87157123115476,-117.23196173078344,48.5450811335264,32,69,13,11
1631981418365,32.87157113046663,-117.23193674958476,48.65635165058494,32,69,13,11
1631981418620,32.87157095426989,-117.23191201162354,48.728358873629176,32,69,14,11
1631981418802,32.87157022189859,-117.23181355241671,49.006604661455775,33,69,14,11
1631981418935,32.871570072184106,-117.23178892976392,49.08527484016222,33,69,14,11
1631981419049,32.87156986381271,-117.2317644680534,49.16476234403655,33,69,14,11
1631981419238,32.87156962648668,-117.23174000862161,49.24257174639051,33,69,14,11
1631981419394,32.871569017567445,-117.23166706887584,49.49346963285094,33,70,13,11
1631981419517,32.87156878116088,-117.23164262493471,49.561296537588944,33,70,13,11
1631981419645,32.871568600810576,-117.23161847047004,49.62789743591102,34,70,13,11
1631981419758,32.8715684154045,-117.23159435920246,49.704417198767366,34,71,13,11
1631981419874,32.87156813157065,-117.23157029583946,49.78744218930629,35,71,13,11
1631981420017,32.871567933227865,-117.23154629614889,49.87346081977128,35,72,13,11
1631981420134,32.87156771269032,-117.23152234336565,49.97089326117506,36,73,13,11
1631981420254,32.871566806474334,-117.23145078776993,50.204410292274595,37,72,13,11
1631981420419,32.87156645629541,-117.23142718702422,50.272382080001776,37,72,12,11
1631981420535,32.871566088877685,-117.23140370873159,50.33615345448999,37,72,12,11
1631981420628,32.87156570501167,-117.23138033338304,50.40825592423313,37,72,13,11
1631981420772,32.871565222379864,-117.23135687989998,50.47383259005641,37,72,13,11
1631981420883,32.871564715513465,-117.23133373201483,50.54565540869313,38,72,13,11
1631981421027,32.871564173565226,-117.23131068951321,50.62407005936856,38,72,13,11
1631981421189,32.87156257001348,-117.23124223248176,50.837463432889024,39,72,13,11
1631981421325,32.87156203774037,-117.23121966356175,50.897634447288596,39,72,13,11
1631981421492,32.87156152255578,-117.23119720635967,50.97280725639085,40,72,13,11
1631981421606,32.87156097902902,-117.23117482836078,51.05837463003093,40,72,13,11
1631981421699,32.871560461110775,-117.23115259650483,51.12901537066726,41,72,13,11
1631981421847,32.871559978303154,-117.23113051421663,51.192070125984785,41,73,14,11
1631981421959,32.87155953611193,-117.231108503907,51.270272081672154,41,72,14,11
1631981422221,32.871557913762985,-117.23102180532767,51.51334641925143,42,72,14,11
1631981422300,32.87155751662653,-117.23100047514998,51.571434713358876,42,73,14,11
1631981422478,32.87155713213483,-117.23097929118313,51.62390086749965,43,73,14,11
1631981422589,32.87155675980876,-117.23095826949194,51.67016537081913,43,73,14,11
1631981422681,32.87155637806703,-117.23093739380226,51.71724400360617,44,74,14,11
1631981422826,32.87155600127254,-117.2309166686087,51.76542229262606,44,74,14,11
1631981422939,32.871555612345766,-117.2308961021369,51.811080788278,45,74,14,11
1631981423075,32.87155454281784,-117.23083525785637,51.96548635181094,46,75,13,11
1631981423196,32.871554234859985,-117.23081527968883,52.00809626715697,46,75,13,11
1631981423347,32.87155395274235,-117.23079546570781,52.04057690661811,46,76,13,11
