1618180529028,32.79790543177848,-117.21545469145202,-30.8588109984549,74,126,10,11
1618180529162,32.79790647249489,-117.2154514918241,-30.855196337638983,74,127,10,11
1618180529250,32.79790751709709,-117.21544821518764,-30.854960397980882,74,127,10,11
1618180529404,32.79790853092353,-117.21544510296782,-30.86070066569002,72,127,10,11
1618180529560,32.79791156993504,-117.21543570777301,-30.860351947448343,70,127,10,11
1618180529672,32.79791254534411,-117.21543253542204,-30.860186933363376,70,128,10,11
1618180529802,32.79791345423054,-117.21542941352043,-30.862228913404287,69,128,10,11
1618180529916,32.79791426623594,-117.21542623276963,-30.86198155808981,69,128,10,11
1618180530032,32.79791505626034,-117.21542312122199,-30.862461985273413,68,128,10,11
1618180530166,32.797915752195024,-117.21541998985082,-30.867572835740614,67,128,11,11
1618180530254,32.79791640529854,-117.21541679188789,-30.870591344318196,67,128,11,11
1618180530498,32.79791808853186,-117.2154040273972,-30.890656165453997,66,129,10,11
1618180530644,32.797918247342956,-117.21540080958242,-30.89402318868733,66,129,10,11
1618180530806,32.79791825654524,-117.21539765375276,-30.899544820072126,67,130,10,11
1618180530936,32.7979182263127,-117.21539451162361,-30.903321876470862,67,131,10,11
1618180531048,32.79791801995406,-117.21539138852876,-30.90787957716024,68,132,10,11
1618180531184,32.79791768593768,-117.21538830439307,-30.911090046055598,68,132,10,11
1618180531273,32.79791722248266,-117.21538527461604,-30.917008032659407,68,132,10,11
1618180531566,32.79791414854775,-117.21537379547811,-30.937523460242033,69,133,9,11
1618180531678,32.7979131008669,-117.21537112085605,-30.940976249327548,69,133,9,11
1618180531794,32.79791193682828,-117.21536856585473,-30.94507841820985,69,132,9,11
1618180531930,32.797910693792915,-117.2153661273796,-30.951317411548374,69,133,9,11
1618180532042,32.79790935902921,-117.21536380538414,-30.95853688110529,69,132,9,11
1618180532178,32.79790793142677,-117.21536159319471,-30.96389236251218,68,131,10,11
1618180532288,32.7979064469919,-117.2153595179961,-30.970240726369223,68,130,10,11
1618180532562,32.7979003358484,-117.2153527465999,-30.986936688339238,68,129,11,11
1618180532708,32.79789884496659,-117.21535143712623,-30.987891717469726,68,129,11,11
1618180532851,32.79789741037997,-117.21535028280437,-30.989492312247215,67,128,11,11
1618180532966,32.7978960742385,-117.21534930012731,-30.99111314612965,68,128,11,11
1618180533081,32.79789484211309,-117.21534846061456,-30.993046498034943,68,128,11,11
1618180533215,32.79789372723849,-117.21534773613183,-30.995112588863513,67,127,11,11
1618180533339,32.79789274559721,-117.21534711078625,-30.997630913455485,67,126,11,11
1618180533564,32.79789002867497,-117.21534560189524,-31.006692098515295,65,123,11,11
1618180533724,32.79788960985177,-117.21534539105197,-31.008910956424977,64,122,11,11
1618180533839,32.79788928136109,-117.21534524534623,-31.010950413714323,64,122,11,11
1618180533953,32.797889056049,-117.21534515138094,-31.013110902272064,64,122,11,11
1618180534084,32.79788893485776,-117.21534511408181,-31.015465741897454,65,122,11,11
1618180534215,32.79788891709883,-117.21534513004141,-31.018119873008143,65,122,11,11
1618180534431,32.79788897309312,-117.2153450825933,-31.02996244733249,65,123,11,11
1618180534651,32.7978890146586,-117.21534506757297,-31.032359333831593,64,123,11,11
1618180534762,32.79788901880828,-117.21534509069805,-31.034933540629837,64,123,11,11
1618180534875,32.79788902225133,-117.215345052462,-31.03552059719003,64,123,11,11
1618180534991,32.797889032816315,-117.21534505457755,-31.039463045594776,64,124,11,11
1618180535113,32.797889033302816,-117.21534502972844,-31.04110481523284,64,124,11,11
1618180535247,32.79788902431395,-117.2153450438066,-31.04439058978286,64,125,11,11
1618180535359,32.797889056457365,-117.21534504359232,-31.047091722303335,64,125,11,11
1618180535568,32.79788905125932,-117.21534498581568,-31.055186019294563,65,128,11,11
1618180535712,32.79788904603878,-117.2153449723277,-31.0564790423791,65,128,11,11
1618180535832,32.79788904452128,-117.21534497461256,-31.058772074955616,65,129,11,11
1618180535946,32.79788905450899,-117.21534497858467,-31.06161282361474,66,130,10,11
1618180536065,32.79788903960576,-117.2153449810597,-31.063551981302886,66,131,10,11
1618180536199,32.79788905410607,-117.21534498032833,-31.06567419519577,66,131,10,11
1618180536312,32.797889062355914,-117.21534494803949,-31.0679008531349,66,131,10,11
1618180536570,32.79788906100846,-117.21534491208133,-31.07826433668077,66,133,10,11
1618180536718,32.79788904814698,-117.21534488920558,-31.08127219155601,66,133,11,11
1618180536834,32.79788907329993,-117.2153449002382,-31.083565236666324,66,134,11,11
1618180536945,32.79788905079453,-117.21534489828204,-31.085400500137197,66,134,11,11
1618180537059,32.79788904281071,-117.21534489580758,-31.089802837465058,66,134,11,11
1618180537191,32.79788905197222,-117.21534487998322,-31.093363139729675,66,134,11,11
1618180537303,32.79788903843207,-117.21534487948736,-31.09822571896783,66,134,11,11
1618180537389,32.79788906129697,-117.2153448683849,-31.100636697258455,65,134,11,11
1618180537524,32.79788903077694,-117.21534485026798,-31.11176735907426,65,135,11,11
1618180537637,32.7978889973188,-117.21534483724305,-31.11562666586749,65,135,11,11
1618180537786,32.797889021502634,-117.21534483802728,-31.118899196697544,65,135,11,11
1618180537897,32.797889001303275,-117.21534483984574,-31.12294369463452,65,136,11,11
1618180538011,32.797888991019136,-117.2153448260671,-31.12651788025944,65,136,11,11
1618180538145,32.79788897216111,-117.21534482485409,-31.131457949878616,65,136,11,11
1618180538263,32.79788896734963,-117.21534481744565,-31.136120944116545,65,136,11,11
1618180538350,32.79788896251315,-117.21534480606334,-31.140156395179527,65,136,11,11
1618180538523,32.79788892096656,-117.21534477554269,-31.15547401908476,64,136,11,11
1618180538635,32.79788893027377,-117.21534475748732,-31.158184786365876,64,136,11,11
1618180538818,32.7978889198896,-117.21534476328755,-31.163625066383144,64,136,11,11
1618180538937,32.79788891201379,-117.21534474400649,-31.168991597999426,64,135,11,11
1618180539049,32.79788890090251,-117.21534474010922,-31.17422713191844,64,136,11,11
1618180539188,32.79788887759631,-117.21534473672178,-31.177950241300856,64,136,11,11
