1614545706070,32.73056474903226,-117.17431180476815,-27.989442051488282,37,77,12,11
1614545706180,32.73054864665715,-117.17430581960362,-28.0148724071797,37,77,12,11
1614545706315,32.73053267608246,-117.17429995371033,-28.042940830768323,37,76,12,11
1614545706445,32.73051682924409,-117.17429417893558,-28.067820291929966,36,75,12,11
1614545706592,32.73050109330307,-117.17428850646938,-28.08533797787628,36,74,12,11
1614545706705,32.73048548902083,-117.17428295244427,-28.106965768268314,35,74,12,11
1614545706798,32.73047001182652,-117.17427748354194,-28.132122338604916,36,74,12,11
1614545707026,32.73045468967681,-117.17427207587912,-28.16365750932154,37,75,12,11
1614545707146,32.730394866955905,-117.1742509142322,-28.29231579331106,40,77,12,11
1614545707341,32.7303802408206,-117.1742457674264,-28.31759807047381,40,77,12,11
1614545707469,32.730365763400485,-117.17424074674405,-28.35144085086793,40,77,12,11
1614545707616,32.73035144810612,-117.17423581573405,-28.395981558929222,40,77,12,11
1614545707753,32.7303093393898,-117.17422124600755,-28.48519069967897,40,77,12,11
1614545707863,32.730295621590095,-117.17421643836421,-28.513875163915436,40,77,12,11
1614545707985,32.73028207225487,-117.17421158218623,-28.540784451185676,41,78,12,11
1614545708065,32.73026869591245,-117.1742067415029,-28.572528014413393,42,79,12,11
1614545708209,32.73025549051506,-117.17420192120096,-28.608600923857445,42,80,12,11
1614545708344,32.730242443744665,-117.17419711619802,-28.64232345767892,43,80,12,11
1614545708472,32.730229555303076,-117.17419231094766,-28.671958927819396,43,81,12,11
1614545708750,32.730179702527884,-117.17417288843775,-28.775786041271232,44,82,12,11
1614545708868,32.730167651638915,-117.17416807426207,-28.79814419505755,43,81,12,11
1614545708982,32.73015574160643,-117.17416340355945,-28.816194545708072,43,82,12,11
1614545709098,32.73014396878053,-117.17415878358653,-28.83055184385148,43,82,12,11
1614545709295,32.730132345262064,-117.17415420724622,-28.838263386419793,43,82,12,11
1614545709454,32.73009852625749,-117.17414048665857,-28.871270678146143,43,82,12,11
1614545709566,32.7300876134266,-117.17413592211659,-28.88145135366003,42,82,12,11
1614545709655,32.73007688315806,-117.17413135751835,-28.89326354594565,42,82,12,11
1614545709886,32.73006629015969,-117.17412685441117,-28.897509279116218,42,82,12,11
1614545709998,32.730055824878974,-117.17412245473164,-28.897390337398704,42,82,12,11
1614545710122,32.73004552573435,-117.17411814272033,-28.904988138102716,43,83,12,11
1614545710235,32.73003538467731,-117.17411385047976,-28.90908935940372,43,83,12,11
1614545710449,32.72999628302662,-117.17409747656602,-28.925501630764806,44,84,12,11
1614545710564,32.729986891690096,-117.17409357549147,-28.937838472928156,44,85,12,11
1614545710659,32.729977656704214,-117.17408969094573,-28.943628207971873,44,85,12,11
1614545710824,32.72996860064093,-117.1740857916034,-28.94606978655564,44,85,12,11
1614545710997,32.729959698266526,-117.17408199377942,-28.95438143162382,42,84,12,11
1614545711112,32.72995096480348,-117.17407822771821,-28.960755481471693,42,84,12,11
1614545711344,32.72991739511056,-117.17406367181891,-28.971898215104048,42,84,12,11
1614545711492,32.72990920134286,-117.17406012563457,-28.979225819516152,41,83,12,11
1614545711611,32.72990098390222,-117.17405664073968,-28.979605456234587,40,82,12,11
1614545711702,32.72989276627497,-117.17405313872192,-28.977871715784758,40,83,12,11
1614545711870,32.72988458759009,-117.17404960219278,-28.977214064330724,40,82,12,11
1614545711952,32.72987646909513,-117.17404606484058,-28.976018495764315,39,81,12,11
1614545712153,32.72986840209145,-117.17404260277844,-28.977379508170735,38,81,12,11
1614545712269,32.729860443549285,-117.17403912887787,-28.977931883550646,37,80,12,11
1614545712333,32.72983738933941,-117.17402887760973,-28.97605825926539,37,79,12,11
1614545712456,32.72982989738673,-117.17402567743191,-28.975883288828207,36,79,12,11
1614545712569,32.72982258550317,-117.1740224873961,-28.981182977212306,36,78,12,11
1614545712685,32.72981549771224,-117.1740192466124,-28.992893654525737,36,78,12,11
1614545712803,32.72980853931181,-117.1740161306599,-29.014732894232218,36,77,12,11
1614545713008,32.729801682210116,-117.17401314780733,-29.04114691934676,35,76,12,11
1614545713122,32.72979494908535,-117.17401012040963,-29.052566717482396,35,76,12,11
1614545713344,32.72976925325792,-117.17399865926456,-29.075430538708495,35,75,12,11
1614545713491,32.729763171480556,-117.17399593930467,-29.078168062767823,36,76,12,11
1614545713604,32.72975726128643,-117.17399325048326,-29.087107134757236,37,77,12,11
1614545713714,32.72975148760975,-117.17399062990734,-29.09268964023371,37,77,12,11
1614545713829,32.72974586715006,-117.17398808462778,-29.09737124061006,38,78,12,11
1614545714029,32.72974036885969,-117.17398563011506,-29.106967416775905,39,78,12,11
1614545714266,32.72971937936144,-117.1739761956515,-29.13964703546301,40,79,12,11
1614545714395,32.729714361493635,-117.17397395716806,-29.148222812804395,40,80,12,11
1614545714538,32.729709418392105,-117.17397177052003,-29.161854910120397,40,80,12,11
1614545714658,32.72970455228758,-117.17396959150868,-29.174487387030265,41,80,12,11
1614545714738,32.7296997380584,-117.17396743206879,-29.184179964844404,41,80,12,11
1614545714939,32.72969496306439,-117.17396534282602,-29.19818611907299,41,80,12,11
1614545715085,32.72969015364258,-117.17396322035314,-29.206647096675194,41,81,12,11
1614545715286,32.72967097825462,-117.17395480468504,-29.238678661057545,41,83,12,11
1614545715417,32.729666144284806,-117.17395280473322,-29.24015242701507,41,83,12,11
1614545715562,32.72966129603055,-117.1739508366724,-29.24385401809669,40,83,12,11
1614545715678,32.729656479037956,-117.17394897604005,-29.249186747089794,40,83,12,11
1614545715798,32.72965166248349,-117.17394726062203,-29.263553791921034,40,83,12,11
1614545716065,32.72963217447385,-117.17394136697968,-29.30388935984059,39,83,12,11
1614545716176,32.72962734983841,-117.17394029011223,-29.321821122751825,39,83,12,11
