1616281825849,32.79682395394444,-117.22827500849476,-30.907077227897965,46,70,11,11
1616281825990,32.796823944784755,-117.2282750104059,-30.908038650776476,46,70,11,11
1616281826145,32.79682399754384,-117.2282749944543,-30.91079542773602,47,71,11,11
1616281826287,32.79682398856908,-117.22827497228211,-30.911237279735467,47,71,11,11
1616281826431,32.796823999603404,-117.22827498472846,-30.912352002016664,47,71,11,11
1616281826585,32.79682400418114,-117.22827497236035,-30.912576476095044,47,72,11,11
1616281826702,32.796824004332166,-117.22827495909378,-30.91259235638603,47,72,11,11
1616281826826,32.796824004808165,-117.22827497278952,-30.91368095641583,47,72,11,11
1616281826961,32.79682402324436,-117.22827497194548,-30.912911442117622,48,72,11,11
1616281827071,32.79682403156872,-117.22827495694159,-30.91294606137844,48,73,11,11
1616281827232,32.796824053078154,-117.22827494046285,-30.914772212418484,48,73,11,11
1616281827383,32.79682406291886,-117.22827493648846,-30.915120064849084,48,73,11,11
1616281827546,32.7968240628449,-117.22827495521642,-30.91590465449973,49,73,11,11
1616281827660,32.79682407149051,-117.22827494607893,-30.916477004361287,49,73,11,11
1616281827829,32.79682407134189,-117.22827493843933,-30.916948293796803,49,74,11,11
1616281827965,32.796824082448325,-117.22827493658124,-30.917572363998065,49,74,11,11
1616281828076,32.796824076581565,-117.22827493014312,-30.918400585671158,49,74,11,11
1616281828244,32.796824101894096,-117.22827494557274,-30.920647844721472,49,74,11,11
1616281828358,32.79682410322806,-117.22827492731538,-30.920000031642505,49,74,11,11
1616281828547,32.796824123884676,-117.2282749282015,-30.920473228415755,49,74,11,11
1616281828659,32.7968241189313,-117.22827492328547,-30.92183133569764,49,74,11,11
1616281828771,32.796824139444674,-117.22827490266562,-30.9215033583147,49,75,11,11
1616281828877,32.796824133235205,-117.22827489338239,-30.9224327456585,49,75,11,11
1616281829020,32.79682413487713,-117.22827489966689,-30.92198234349911,49,74,11,11
1616281829218,32.79682417527187,-117.22827488432489,-30.924960101044903,48,73,11,11
1616281829365,32.7968241701144,-117.22827490636685,-30.92670708440718,47,72,11,11
1616281829520,32.7968241858062,-117.22827488149608,-30.92741020425195,47,72,11,11
1616281829633,32.796824183042325,-117.22827487572113,-30.92861896280493,47,71,11,11
1616281829805,32.79682419699404,-117.22827486707419,-30.927883752153598,47,71,11,11
1616281829936,32.796824207820535,-117.22827487001557,-30.92865460439628,46,71,11,11
1616281830047,32.79682420455968,-117.2282748649002,-30.928433002321864,46,71,11,11
1616281830216,32.79682424346324,-117.2282748513123,-30.92968750975633,46,70,11,11
1616281830371,32.79682424714962,-117.22827485066908,-30.93053868051686,45,69,11,11
1616281830571,32.79682424376478,-117.22827485551018,-30.93068361434377,45,69,11,11
1616281830690,32.79682424755722,-117.22827484885735,-30.931206193517756,45,69,11,11
1616281830834,32.796824248131685,-117.22827484465172,-30.931615864954864,45,68,11,11
1616281830970,32.79682425901887,-117.22827485239024,-30.932905623922366,45,68,11,11
1616281831178,32.79682425841649,-117.22827485143088,-30.934156536936896,44,67,11,11
1616281831320,32.79682427452853,-117.22827484473156,-30.93302915539245,44,67,11,11
1616281831431,32.796824274526806,-117.22827483219282,-30.933542580014173,44,67,11,11
1616281831512,32.79682426726888,-117.2282748302852,-30.93351662469082,44,67,11,11
1616281831701,32.79682427974592,-117.22827484848258,-30.934452755351916,44,67,11,11
1616281831850,32.79682428964669,-117.22827485076662,-30.93474269603198,44,67,11,11
1616281831964,32.79682429279803,-117.22827485499262,-30.935430414651545,44,66,11,11
1616281832077,32.79682428943373,-117.22827484362305,-30.93522188679711,44,66,11,11
1616281832207,32.796824293392255,-117.2282748378751,-30.93569099027159,44,66,11,11
1616281832349,32.79682430051959,-117.22827484861173,-30.935848552563314,44,66,11,11
1616281832494,32.79682429467454,-117.22827484550304,-30.935897296614453,44,66,11,11
1616281832648,32.79682428682921,-117.22827484042112,-30.93609580001874,44,66,11,11
1616281832764,32.79682430020024,-117.22827484804674,-30.936557042276668,44,66,11,11
1616281832953,32.79682431390955,-117.22827485709921,-30.936561418432234,44,66,11,11
1616281833066,32.796824309323554,-117.2282748526306,-30.93746040658812,44,66,11,11
1616281833194,32.79682430297122,-117.22827486368062,-30.9377738516752,44,66,11,11
1616281833346,32.79682430976622,-117.22827485342341,-30.938226031256004,44,66,11,11
1616281833493,32.79682431616335,-117.22827485144742,-30.93819128583635,44,65,11,11
1616281833774,32.79682432774419,-117.22827487706861,-30.94287934642182,44,65,11,11
1616281833884,32.79682431703663,-117.22827486988136,-30.942978254277914,44,65,11,11
1616281833999,32.79682431892798,-117.22827487254632,-30.944092254176933,44,65,11,11
1616281834109,32.796824321981916,-117.22827486813954,-30.944181654849068,44,65,11,11
1616281834243,32.79682431907074,-117.22827488327663,-30.94433408214188,44,65,11,11
1616281834418,32.7968243336133,-117.22827487006094,-30.946012171975493,44,65,11,11
1616281834530,32.79682433026042,-117.22827486860962,-30.94733346036562,44,64,11,11
1616281834765,32.7968243273915,-117.22827485706087,-30.950249808699976,43,63,11,11
1616281834875,32.796824324499106,-117.22827486594696,-30.95100011022554,42,63,11,11
1616281835002,32.79682432789981,-117.22827487211097,-30.952079828136963,42,62,11,11
1616281835115,32.79682432540693,-117.22827486551377,-30.952813135860477,42,62,11,11
1616281835246,32.79682433137805,-117.22827487661814,-30.953018850712873,42,62,11,11
1616281835394,32.796824309048475,-117.22827488032874,-30.953369941218778,42,62,11,11
1616281835539,32.79682431552106,-117.22827489087042,-30.954538998209287,42,62,11,11
1616281835631,32.7968243150344,-117.22827489614231,-30.956548213307364,42,61,11,11
1616281835771,32.79682431078044,-117.22827489703403,-30.9568101644833,42,61,11,11
1616281835882,32.796824323933386,-117.22827489620815,-30.95637893707694,42,61,11,11
