1613158820800,32.880070728396824,-117.23367277099729,72.71442122887697,47,67,11,11
1613158820919,32.88007083720141,-117.23366646119145,72.70760988981479,48,68,11,11
1613158821122,32.88007151247159,-117.2336412806835,72.65916888859684,48,68,10,11
1613158821201,32.880071802568544,-117.23363494595168,72.64703605390517,48,68,10,11
1613158821352,32.88007209378612,-117.23362863638236,72.63439003798258,48,69,10,11
1613158821501,32.880072455958086,-117.23362228849115,72.62321614982672,48,69,10,11
1613158821608,32.88007286327095,-117.23361598861484,72.60826883878286,48,69,10,11
1613158821755,32.88007331307154,-117.23360970193603,72.59061080166964,48,69,10,11
1613158821871,32.88007384656294,-117.23360339959994,72.56688939286167,48,69,10,11
1613158821953,32.880074417318255,-117.23359703893547,72.5492447647568,48,69,10,11
1613158822167,32.88007719720534,-117.23357075797873,72.51505093648106,48,69,10,11
1613158822356,32.880078150357214,-117.23356395771835,72.50933199796089,48,69,10,11
1613158822472,32.880079135071135,-117.23355717917678,72.49440716289133,47,69,10,11
1613158822584,32.880080052371355,-117.23355024520451,72.47897442138165,47,69,11,11
1613158822788,32.88008103655115,-117.23354314536368,72.47214316786877,47,69,11,11
1613158822904,32.88008196143108,-117.23353602908706,72.46317536666918,48,70,11,11
1613158823163,32.880086280395695,-117.2335068490188,72.42951605271881,49,71,11,11
1613158823242,32.880087509596905,-117.2334993927742,72.42159639558,49,71,11,11
1613158823426,32.88008884982974,-117.23349192222206,72.40797484317446,49,72,11,11
1613158823542,32.88009016996141,-117.23348441818551,72.38918484922874,50,72,11,11
1613158823649,32.880091520583626,-117.23347693144014,72.36468701431016,50,73,11,11
1613158823808,32.88009295454112,-117.23346941689233,72.34583952533964,50,73,11,11
1613158823921,32.88009445114629,-117.2334619119787,72.33169875448718,51,73,11,11
1613158824101,32.88010037310088,-117.23343160402877,72.2594020452277,53,76,11,11
1613158824271,32.880102012548384,-117.23342405632539,72.23924753363994,53,76,11,11
1613158824402,32.88010374304254,-117.23341650937128,72.21749083194469,53,76,11,11
1613158824548,32.88010561512453,-117.23340891944197,72.20565346575977,54,77,11,11
1613158824805,32.88011388154635,-117.23337900353363,72.15782747408997,56,79,11,11
1613158824923,32.88011620267132,-117.23337163854391,72.14654711584366,56,79,11,11
1613158825059,32.88011861793278,-117.23336423219948,72.13738964551837,56,80,11,11
1613158825231,32.88012112195323,-117.23335693761052,72.12638366727602,57,80,11,11
1613158825321,32.88012368636239,-117.23334975291823,72.11271054733703,58,81,11,11
1613158825470,32.880126316829596,-117.23334265337694,72.10061689561371,58,81,11,11
1613158825595,32.88013476088755,-117.23332201926392,72.0738720711193,60,82,11,11
1613158825714,32.88013769059013,-117.23331538195303,72.06001808112566,60,83,11,11
1613158825826,32.88014066687862,-117.23330884159158,72.04295000372447,61,83,11,11
1613158825959,32.8801436715571,-117.23330241036528,72.02637219743752,61,83,10,11
1613158826097,32.88014674834658,-117.2332960988945,72.01202232070112,62,83,10,11
1613158826228,32.880149866768605,-117.23328993248381,71.99288243370653,62,83,10,11
1613158826311,32.88015299726424,-117.23328375973061,71.98115184329869,62,84,10,11
1613158826643,32.88016568991333,-117.23326038824858,71.92602560821483,62,85,9,11
1613158826759,32.880168879573446,-117.23325481315408,71.9104362328624,62,85,9,11
1613158826872,32.88017210032484,-117.23324937502674,71.89407176026867,62,85,10,11
1613158826986,32.88017522167129,-117.2332441662514,71.8775395099934,62,86,10,11
1613158827121,32.88017831607567,-117.2332391066653,71.85754104409918,63,86,10,11
1613158827245,32.880181388626674,-117.2332342031505,71.83453193527389,63,86,10,11
1613158827324,32.88018447765993,-117.23322948956668,71.80583686533127,63,86,10,11
1613158827460,32.880193642340195,-117.23321627735601,71.74226085332933,62,85,10,11
1613158827610,32.88019661475712,-117.23321214540472,71.71633134258826,62,85,10,11
1613158827726,32.88019957621911,-117.23320815483007,71.6921873662871,62,85,10,11
1613158827839,32.88020249573917,-117.23320426495872,71.67258136981646,62,84,10,11
1613158827955,32.880205356196086,-117.23320047359944,71.65421386745092,62,84,10,11
1613158828093,32.88020812848371,-117.233196770225,71.64147854649634,61,84,10,11
1613158828203,32.88021089514882,-117.23319315853192,71.63065715051482,61,83,10,11
1613158828282,32.88021364488579,-117.23318965037465,71.61310243799663,60,82,10,11
1613158828611,32.88022385242212,-117.23317645267474,71.56541553589281,63,84,10,11
1613158828741,32.88022629284528,-117.23317300146807,71.54607746937423,61,83,10,11
1613158828854,32.88022872507872,-117.23316994495167,71.5250155895947,60,82,10,11
1613158828972,32.88023114446384,-117.23316671795997,71.50880149104097,59,82,10,11
1613158829105,32.880233440161014,-117.23316350726516,71.49740221443096,58,81,10,11
1613158829218,32.88023569416171,-117.23316052695453,71.48610018245644,58,81,11,11
1613158829300,32.88023793822519,-117.23315756581643,71.47636874688978,58,81,11,11
1613158829597,32.88024609216909,-117.23314672146367,71.44759112483491,55,80,10,11
1613158829721,32.880247956859726,-117.23314447467679,71.4368512852483,55,79,10,11
1613158829843,32.880249718450806,-117.23314209535098,71.43030489750784,55,79,10,11
1613158829959,32.88025144935055,-117.23314002757712,71.41956250055358,55,78,10,11
1613158830091,32.880253126860445,-117.23313808511261,71.41420292854298,55,78,10,11
1613158830205,32.88025472740295,-117.23313626251496,71.41096737833057,55,78,10,11
1613158830341,32.880256239944586,-117.2331345751019,71.40802820575607,56,78,10,11
1613158830590,32.880261638231104,-117.23312830355002,71.39156988090349,55,76,10,11
1613158830740,32.88026279756295,-117.23312692662125,71.39021793054278,55,76,10,11
1613158830855,32.88026388620725,-117.23312561484875,71.38887316268088,54,75,10,11
1613158830970,32.8802648905449,-117.23312440410746,71.38751774379983,54,74,10,11
