1616284562331,32.84093779473248,-117.21661461929209,9.471592553017235,26,45,8,11
1616284562480,32.840948107549245,-117.21662715904598,9.468266585761176,27,45,8,11
1616284562632,32.84095826833714,-117.2166395065946,9.441696999383721,27,45,8,11
1616284562777,32.840968227596505,-117.2166517368929,9.405743998512675,26,44,8,11
1616284562890,32.84097808284979,-117.21666384510519,9.389552978050158,27,44,8,11
1616284563002,32.840987815214866,-117.21667582578893,9.387793720701902,27,45,8,11
1616284563243,32.84102545448848,-117.2167224318848,9.439205775449516,30,47,8,11
1616284563324,32.84103454293723,-117.2167337241501,9.461002707384838,31,47,8,11
1616284563469,32.84104349762233,-117.21674487885284,9.487066488000972,31,48,8,11
1616284563589,32.84105224711374,-117.2167559117257,9.502311554205574,30,47,8,11
1616284563770,32.84106086147291,-117.21676674581398,9.506671209759991,29,46,8,11
1616284563884,32.8410694040484,-117.2167773881664,9.515413997440007,30,47,8,11
1616284563997,32.84107782735255,-117.21678789781856,9.544369477897066,30,47,8,11
1616284564243,32.841109935835775,-117.2168282574335,9.621613023683452,27,45,8,11
1616284564325,32.84111766170046,-117.21683788120558,9.64804659608505,27,44,8,11
1616284564475,32.84112533066124,-117.21684732451598,9.684994292962237,27,44,8,11
1616284564585,32.841132869092625,-117.21685661098631,9.72227308198463,26,44,8,11
1616284564765,32.84114026568426,-117.21686567937908,9.74116492257038,26,43,8,11
1616284564879,32.84114752887711,-117.2168745063939,9.740971152918965,27,44,8,11
1616284564997,32.841154671087686,-117.21688316138852,9.746733400216327,27,44,8,11
1616284565113,32.84116167388484,-117.21689164990713,9.763954508576914,27,43,8,11
1616284565299,32.84118863446313,-117.21692391378635,9.9042429221277,28,44,8,11
1616284565464,32.84119503628379,-117.21693148159214,9.91428326653429,28,44,8,11
1616284565609,32.84120130612932,-117.2169388653995,9.927846026042868,28,44,8,11
1616284565753,32.841207460417586,-117.21694603438765,9.951199253762683,28,44,8,11
1616284565866,32.84121354970221,-117.2169529969872,9.980060544673377,29,44,8,11
1616284565990,32.84121949898162,-117.2169598095261,10.01327336955755,30,45,8,11
1616284566240,32.84124193266032,-117.21698523781949,10.130889902456905,32,47,8,11
1616284566319,32.841247202953106,-117.21699115895758,10.161199741550686,32,47,8,11
1616284566486,32.84125233873569,-117.2169968832101,10.190003060643527,32,48,8,11
1616284566632,32.84125734525892,-117.21700243696586,10.213093999126812,33,48,8,11
1616284566776,32.84126222164075,-117.21700781178754,10.230420508408871,34,49,8,11
1616284566890,32.841266955123864,-117.21701301738744,10.249275510910982,34,49,8,11
1616284567014,32.84127156685983,-117.21701804557689,10.269187079241997,35,50,8,11
1616284567239,32.84128852368362,-117.21703646653492,10.33576111712992,36,52,9,11
1616284567320,32.841292423386676,-117.21704066250831,10.349697160493738,36,52,9,11
1616284567510,32.84129620623091,-117.2170447180309,10.364098012437049,37,53,9,11
1616284567624,32.841299814249304,-117.21704869627389,10.382306308884555,36,52,9,11
1616284567768,32.84130330047874,-117.21705253855765,10.40227923816642,35,52,9,11
1616284567890,32.84130664697003,-117.21705625425955,10.424691504786315,33,51,9,11
1616284568005,32.8413098927937,-117.21705982970174,10.44371064805189,32,50,9,11
1616284568266,32.84132161535205,-117.21707268015338,10.499583998691348,28,46,9,11
1616284568379,32.84132426263342,-117.21707547186496,10.514304467459029,27,45,9,11
1616284568511,32.8413267514038,-117.21707819704942,10.535495548250996,25,43,9,11
1616284568642,32.84132910033438,-117.21708078342058,10.548181255407682,25,43,9,11
1616284568794,32.84133132489366,-117.21708320798699,10.564338129500385,25,42,9,11
1616284568917,32.841333436464524,-117.21708548108847,10.579286626965448,24,42,9,11
1616284569030,32.841335423962555,-117.21708762547424,10.592236552151569,25,41,9,11
1616284569249,32.84134240492774,-117.21709500968822,10.63397153182405,26,42,9,11
1616284569328,32.841343932863985,-117.21709662725037,10.638025537916485,27,43,9,11
1616284569514,32.84134534727446,-117.2170982196722,10.637853558710205,27,43,9,11
1616284569623,32.84134671677855,-117.21709970267847,10.641464918484502,27,43,9,11
1616284569777,32.841348001056645,-117.2171011016955,10.65630998883351,28,44,9,11
1616284569891,32.841349196885474,-117.21710238499709,10.667195648313369,28,44,9,11
1616284570003,32.84135029859287,-117.21710354755481,10.672944934299043,28,44,9,11
1616284570244,32.8413537467709,-117.21710723173167,10.690255734548245,30,45,9,11
1616284570325,32.841354401838124,-117.21710792488294,10.694478374219138,30,45,9,11
1616284570511,32.84135498716249,-117.21710855365752,10.698451111985225,30,45,9,11
1616284570620,32.84135552141538,-117.2171091249397,10.701500334536634,30,46,9,11
1616284570782,32.841356017247286,-117.2171096695475,10.704518370862353,30,46,9,11
1616284570893,32.84135648080922,-117.21711017695426,10.709804430978844,30,46,9,11
1616284571004,32.84135690545455,-117.21711065794891,10.712820168365496,30,46,9,11
1616284571254,32.84135835628763,-117.21711226781488,10.726707119103464,30,47,9,11
1616284571334,32.841358653915,-117.21711258869821,10.73010809891439,30,47,9,11
1616284571487,32.8413589287175,-117.21711288951936,10.733430421861126,30,47,9,11
1616284571637,32.84135917143137,-117.21711317003451,10.736321010638536,30,48,9,11
1616284571786,32.84135937756939,-117.21711339903136,10.738975395604665,30,48,9,11
1616284571900,32.84135957050737,-117.21711361062802,10.742550400380145,30,48,9,11
1616284572012,32.84135971814793,-117.21711377886379,10.746585698798816,29,48,9,11
1616284572260,32.84136006892387,-117.21711417226922,10.755853854536205,30,49,9,11
1616284572342,32.84136008517146,-117.21711418067729,10.758704344986304,30,49,9,11
1616284572523,32.84136007304512,-117.21711416760427,10.759386157464652,30,49,9,11
