1618183327205,32.87627655320075,-117.22983152598778,64.13139643782074,55,68,10,14
1618183327339,32.876282983272745,-117.22982924154691,64.10492767696662,57,69,9,14
1618183327426,32.876289643179135,-117.22982719233049,64.07597212508556,59,70,9,14
1618183327698,32.87631853070051,-117.22982134981545,63.976827702523984,69,76,8,14
1618183327868,32.87632627368413,-117.22982041718525,63.95187069320828,71,78,13,14
1618183328010,32.87633423208827,-117.22981963584859,63.927734851330726,74,80,11,14
1618183328268,32.876359215852794,-117.22981812780924,63.86535243744799,83,85,9,14
1618183328427,32.87636814205695,-117.229817766924,63.84401082875452,86,86,9,14
1618183328700,32.87639573968508,-117.22981674309179,63.79822657793669,95,92,0,13
1618183328806,32.876405325985694,-117.2298163713481,63.78251847622968,98,94,0,13
1618183328955,32.87641510339249,-117.2298160031366,63.76419415088689,102,95,0,13
1618183329127,32.876445598581576,-117.22981484765275,63.705947609503035,112,101,0,13
1618183329303,32.87645613968736,-117.22981441484707,63.686069801038585,116,103,0,13
1618183329545,32.87648889971117,-117.22981270836011,63.640552678060196,127,109,0,13
1618183329695,32.87650016328294,-117.22981190252486,63.62292864079922,131,111,0,13
1618183329861,32.87651159435186,-117.22981097493889,63.605817267981706,135,113,0,13
1618183330028,32.87654686238683,-117.22980736259355,63.56822866847486,148,119,0,13
1618183330149,32.87655889450149,-117.22980586714226,63.55354089839903,152,121,0,13
1618183330295,32.8765710347314,-117.22980421897893,63.5320912152395,156,123,8,11
1618183330405,32.87658328501265,-117.22980242044716,63.507985869088095,160,125,8,11
1618183330521,32.876595660173614,-117.22980045899997,63.488252536166726,164,127,8,11
1618183330727,32.87663330288087,-117.22979356605595,63.41281140213824,174,133,8,11
1618183330840,32.87664596151084,-117.22979081906142,63.38232768507023,178,135,8,11
1618183330929,32.876658686566266,-117.2297879032884,63.355434388076866,182,137,8,11
1618183331073,32.87667145892794,-117.2297847840589,63.3305389549582,186,140,8,11
1618183331232,32.87668425511348,-117.22978149081347,63.30041186724977,189,142,10,11
1618183331342,32.87669708318947,-117.22977804466447,63.26846946758787,192,144,10,11
1618183331455,32.876709963389075,-117.22977454686107,63.239741221920546,193,145,10,11
1618183331581,32.87672288124995,-117.22977092739286,63.212070079310024,193,147,10,11
1618183331740,32.87676267202882,-117.22976019603772,63.09293090068479,180,151,10,11
1618183331851,32.87677582188492,-117.22975627386143,63.05741758873739,176,152,10,11
1618183331949,32.876789058736094,-117.22975223288225,63.02419759293287,172,153,10,11
1618183332102,32.876802276196436,-117.22974794848993,62.99603108637646,168,154,10,11
1618183332237,32.87681553891892,-117.22974380101655,62.96929919333016,163,154,10,11
1618183332364,32.87682874754828,-117.22973953483984,62.93526566197577,159,155,10,11
1618183332475,32.8768419109997,-117.22973511255819,62.9016658459198,155,156,10,11
1618183332728,32.87688147978795,-117.22972158811635,62.81152862588731,143,156,10,11
1618183332843,32.876894681416246,-117.22971711691227,62.7829010507064,137,155,10,11
1618183332955,32.876907829021434,-117.2297124084239,62.7572230387159,133,154,10,11
1618183333045,32.87692102385907,-117.22970765428684,62.74102188826322,128,153,10,11
1618183333205,32.876934262319196,-117.22970296245519,62.712961759087094,125,152,10,11
1618183333347,32.8769474012856,-117.22969816141182,62.68410130804837,121,151,10,11
1618183333575,32.87700021748294,-117.22967881737478,62.56520731598778,111,149,10,11
1618183333711,32.87701341018418,-117.22967405280517,62.53831980632778,109,148,10,11
1618183333821,32.87702663196446,-117.22966923591665,62.51271242854306,104,145,10,11
1618183333938,32.87703983460765,-117.22966442189588,62.49034880436022,101,143,10,11
1618183334037,32.8770530055339,-117.22965951092043,62.46482797315213,99,143,10,11
1618183334182,32.87706623548577,-117.22965470857353,62.438100311772416,97,141,10,11
1618183334317,32.87707947915446,-117.22964990319272,62.415311585719195,95,140,10,11
1618183334506,32.8771323351368,-117.22963088786695,62.277008303779915,90,137,10,11
1618183334756,32.87714556146929,-117.22962619339145,62.24979212122709,89,136,10,11
1618183334868,32.87715885132751,-117.22962162975954,62.22399053670501,87,135,10,11
1618183334995,32.877172138920415,-117.22961718245476,62.19797491589999,86,134,10,11
1618183335085,32.8771854764348,-117.22961268159335,62.17059578036704,84,133,10,11
1618183335231,32.877198805709945,-117.22960817766939,62.15400112139974,82,131,10,11
1618183335366,32.87721214751662,-117.22960368054618,62.13761106135916,82,131,10,11
1618183335408,32.87725201068923,-117.22959088727897,62.041286438670774,79,128,10,11
1618183335552,32.87726541667961,-117.22958668428795,62.0065867092207,77,126,10,11
1618183335736,32.87727871818997,-117.22958248824818,61.98573967086805,76,125,10,11
1618183335848,32.877292053053694,-117.22957833885299,61.96607080376256,75,124,10,11
1618183335970,32.87730538141274,-117.22957424717954,61.94792902712893,73,122,10,11
1618183336094,32.87731871336769,-117.22957018852549,61.92434780521707,71,119,10,11
1618183336205,32.87733206366472,-117.22956621891572,61.895890003489946,70,118,10,11
1618183336352,32.8773454851179,-117.22956223850016,61.86827887629,68,116,10,11
1618183336534,32.8773987906165,-117.22954674954295,61.77253845253323,64,110,9,11
1618183336979,32.87745226875616,-117.22953150057319,61.70035669672682,59,102,9,11
1618183337128,32.87746558110086,-117.22952778087516,61.6731175430617,58,101,9,11
1618183337300,32.87747889809179,-117.2295240524968,61.651605078570384,58,101,9,11
