1616288538334,32.879849516517794,-117.2438110229912,86.77003586701325,54,72,7,11
1616288538467,32.879867750389224,-117.24381095044583,86.74618074673342,54,72,7,11
1616288538595,32.87988587897237,-117.24381092769767,86.73275971465138,55,72,7,11
1616288538699,32.87990410633079,-117.24381079785633,86.72400713753808,55,72,7,11
1616288538905,32.87992218244269,-117.24381062580389,86.69313498849175,56,73,9,11
1616288539023,32.87994026572422,-117.24381046815296,86.66536093892671,56,73,8,11
1616288539256,32.88001256888365,-117.24380970954876,86.59498233443212,56,74,8,11
1616288539375,32.88003058172771,-117.2438096534658,86.57040630536522,57,74,8,11
1616288539492,32.880048594258874,-117.24380953660294,86.55168206040186,56,73,6,11
1616288539608,32.880066598697994,-117.24380943497694,86.53872760578089,56,73,6,11
1616288539746,32.88008457536881,-117.2438093905854,86.51152367356765,57,73,6,11
1616288539869,32.880102553399695,-117.24380927528304,86.49152584840263,56,72,6,11
1616288539987,32.88012054065353,-117.24380918368625,86.46756017679344,57,73,5,11
1616288540178,32.88019224640922,-117.24380916119866,86.34477015497079,62,77,10,14
1616288540313,32.88021015744395,-117.24380914550562,86.3269050921717,63,78,10,14
1616288540427,32.88022804166426,-117.24380915927226,86.3030027175589,64,80,10,14
1616288540579,32.88024584245548,-117.24380918091103,86.26285590569391,65,81,10,14
1616288540712,32.88026362099059,-117.24380915864147,86.22612908057744,67,82,10,14
1616288540891,32.880281400076335,-117.24380908049214,86.20037748719888,68,83,10,14
1616288541017,32.880299115911356,-117.24380896026788,86.17855773853893,68,84,5,11
1616288541223,32.88036963849065,-117.24380830662632,86.07903529861706,70,88,7,11
1616288541369,32.88038714782774,-117.24380811251396,86.05134644608151,71,89,6,11
1616288541482,32.880404669444225,-117.24380790168783,86.0386349019556,71,90,6,11
1616288541602,32.880422087101444,-117.24380773588781,86.01156384764346,71,91,6,11
1616288541735,32.880439421300906,-117.2438075998647,85.97675909913524,72,92,6,11
1616288541849,32.88045674954318,-117.24380745279962,85.94786458623506,72,93,6,11
1616288541962,32.88047404418953,-117.24380721861266,85.91735202984961,72,94,6,11
1616288542074,32.880491246159124,-117.24380707742358,85.8896328525298,72,95,6,11
1616288542200,32.88054272848335,-117.2438069825816,85.83082010440874,72,98,7,11
1616288542322,32.88055981291682,-117.2438070833599,85.81314274593394,71,99,7,11
1616288542435,32.88057692506271,-117.2438072669514,85.78750410991054,70,99,7,11
1616288542556,32.880594010987366,-117.24380751216961,85.77330016913962,68,99,7,11
1616288542695,32.880611100514955,-117.24380785570116,85.76703814548297,67,99,7,11
1616288542865,32.88062821349018,-117.24380825384068,85.75784535383376,66,100,7,11
1616288542980,32.88064529769406,-117.24380874542915,85.73571007535195,66,100,7,11
1616288543238,32.88071385183816,-117.24381140302044,85.66695330686312,65,103,8,11
1616288543385,32.880730992123034,-117.24381221604372,85.64951230124903,64,103,8,11
1616288543506,32.88074809022048,-117.24381308648289,85.62961232519503,63,102,8,11
1616288543627,32.88076522627485,-117.24381398512384,85.61034114862537,63,103,8,11
1616288543764,32.88078241739923,-117.24381485701237,85.60743007112794,61,102,8,11
1616288543881,32.8807994978332,-117.2438156388154,85.58737685470655,61,102,8,11
1616288543995,32.88081658538328,-117.24381646796604,85.56983966796136,61,103,8,11
1616288544303,32.880884665396295,-117.24381936026815,85.5367979151882,61,103,10,11
1616288544414,32.880901602811306,-117.24381995118722,85.53391923116948,62,104,10,11
1616288544545,32.880918479717785,-117.24382052366215,85.52516369211952,62,105,10,11
1616288544658,32.880935385763735,-117.24382104836921,85.52795914151609,63,106,10,11
1616288544928,32.88100260049402,-117.24382316153626,85.48606043323747,64,108,10,11
1616288545044,32.88101924590783,-117.24382356789772,85.47190068381461,65,108,10,11
1616288545179,32.88103580892533,-117.24382396580198,85.4520698672122,65,109,10,11
1616288545393,32.881052365113355,-117.24382437025383,85.44207665774704,65,109,10,11
1616288545512,32.881068890326596,-117.24382483300406,85.43624824938175,66,110,10,11
1616288545625,32.88108540915981,-117.24382526851295,85.41818764867695,66,110,10,11
1616288545736,32.88110172113785,-117.24382557741797,85.38911366886049,66,111,10,11
1616288545931,32.88116636244353,-117.24382692892821,85.36946500014186,67,113,10,11
1616288546054,32.881182419581705,-117.24382728405918,85.33757741004536,67,113,10,11
1616288546186,32.88119816304645,-117.24382756725636,85.31130775445467,68,113,10,11
1616288546324,32.881213840234196,-117.24382783355081,85.30562471678765,67,113,10,11
1616288546512,32.88122942628519,-117.24382804455561,85.31082807928868,66,112,10,11
1616288546734,32.881290606865846,-117.24382871893584,85.29357257616721,66,111,9,11
1616288546846,32.88130564023728,-117.24382885142411,85.28193377211053,66,111,9,11
1616288546959,32.88132060505598,-117.24382897907888,85.2743412257829,67,111,9,11
1616288547073,32.88133548386064,-117.24382907815013,85.27174365734017,67,111,9,11
1616288547207,32.88135029051047,-117.24382916626631,85.27171751758726,67,111,9,11
1616288547406,32.881364983278196,-117.243829216258,85.2664823899444,67,110,9,11
1616288547628,32.881422704981496,-117.24382923502648,85.22288632319417,66,108,8,11
1616288547743,32.8814368432429,-117.24382921777207,85.2177864003195,65,106,8,11
1616288547862,32.881450848849546,-117.24382917620119,85.20746579696792,65,106,8,11
1616288547974,32.88146472345837,-117.2438291264951,85.19715794511903,65,106,8,11
1616288548097,32.8814784831654,-117.24382908764711,85.19323963728156,64,104,8,11
1616288548232,32.88149210395707,-117.24382904007236,85.18400155981476,64,104,8,11
1616288548405,32.8815056165174,-117.24382900669212,85.17640191881723,64,103,8,11
1616288548630,32.88155847065568,-117.24382869349894,85.12502591513973,64,102,9,11
