1483233111460,32.84557223999388,-117.20916823972617,22.90915515074524,33,56,13,11
1483233111684,32.845585014483994,-117.20913899135265,22.886054512478626,33,57,13,11
1483233111799,32.845597793717566,-117.20910977118162,22.86200357345331,34,57,13,11
1483233112062,32.84564896196585,-117.2089927725984,22.83531784540316,35,59,13,11
1483233112235,32.84566182661483,-117.20896361644857,22.829145126466642,35,59,13,11
1483233112348,32.845674719725125,-117.20893441714254,22.8368444337461,35,60,13,11
1483233112435,32.845687520968504,-117.20890519514299,22.830302143400782,35,60,13,11
1483233112571,32.84570034065372,-117.20887599007506,22.82717854212075,35,60,13,11
1483233112715,32.845713175265274,-117.2088468086553,22.82678930321853,35,60,13,11
1483233112950,32.84576447815688,-117.20873000606791,22.87458162445696,34,60,13,11
1483233113123,32.84577727062746,-117.20870086610041,22.890998082842273,34,59,13,11
1483233113237,32.84579010050068,-117.20867175434965,22.920295203167903,33,59,13,11
1483233113350,32.84580293010085,-117.20864251537289,22.965913807749146,33,58,13,11
1483233113447,32.845815745843915,-117.20861337899542,23.000198421021572,32,58,14,11
1483233113750,32.84586673669268,-117.20849684853901,23.103189844670503,32,58,13,11
1483233113869,32.8458794760081,-117.2084676497595,23.136307418057367,31,57,13,11
1483233114007,32.8458921182861,-117.20843845937223,23.16217501031439,31,57,13,11
1483233114181,32.84590470683242,-117.20840930104353,23.1760822537752,31,57,13,11
1483233114297,32.845917190721295,-117.20838010685327,23.190211354045108,31,57,13,11
1483233114409,32.84592957962223,-117.20835087519822,23.22173640794694,31,56,13,11
1483233114497,32.845941895911125,-117.20832155523965,23.26244747521259,31,56,13,11
1483233114632,32.845954170505976,-117.20829212929662,23.29249907714843,30,55,13,11
1483233114715,32.845990387341175,-117.2082039932503,23.376277468290134,30,54,13,11
1483233114834,32.84600227974403,-117.20817451829635,23.411424195421827,29,54,13,11
1483233115002,32.84601408092715,-117.20814501791313,23.452020996024824,29,53,13,11
1483233115157,32.84602586040883,-117.20811536979967,23.490635088449526,29,52,13,11
1483233115267,32.84603751317784,-117.2080857972974,23.532869799848523,29,52,13,11
1483233115383,32.84604908314907,-117.20805618978096,23.57871101297247,29,52,13,11
1483233115501,32.84606058863958,-117.20802651648414,23.62634717134913,29,52,13,11
1483233115729,32.846105707769475,-117.207907288445,23.859992123770745,30,53,14,11
1483233115876,32.84611681078305,-117.20787734842128,23.917146397347075,30,53,14,11
1483233116073,32.846127777707544,-117.20784746367566,23.935664959704628,30,53,14,11
1483233116192,32.84613863349101,-117.20781757046653,23.975039556648277,29,52,13,11
1483233116308,32.84614933868627,-117.20778753616793,24.038200317905254,30,52,13,11
1483233116420,32.84615994110326,-117.20775740883494,24.1234414575465,30,52,13,11
1483233116630,32.84620168308338,-117.20763667605769,24.371477098224638,29,51,12,11
1483233116791,32.84621188110311,-117.20760639286291,24.4315014136474,29,50,12,11
1483233116902,32.84622199937709,-117.20757603438359,24.507973713895673,28,49,12,11
1483233117099,32.8462320285469,-117.20754564388773,24.571888589104173,28,48,12,11
1483233117211,32.84624195046953,-117.20751521829517,24.62868371606933,28,48,12,11
1483233117327,32.84625176297309,-117.20748476884644,24.686116490064695,28,48,12,11
1483233117595,32.84629012304147,-117.20736250657487,25.02326707884548,28,47,12,11
1483233117706,32.84629952720341,-117.20733185514067,25.09391002799432,29,47,12,11
1483233117877,32.84630885381204,-117.20730121898048,25.15434686969359,29,47,13,11
1483233118138,32.8463451128358,-117.20717814135112,25.42694615781979,30,48,13,11
1483233118257,32.8463539557368,-117.20714728866636,25.498483337018218,30,48,13,11
1483233118346,32.84636270297538,-117.20711640671968,25.568622336928,31,48,13,11
1483233118481,32.84637136045511,-117.20708547624284,25.64419450892284,32,49,13,11
1483233118626,32.84637994237699,-117.20705450249962,25.717924055393794,32,49,13,11
1483233118736,32.846388501404135,-117.2070233005411,25.7844446313495,32,49,13,11
1483233118900,32.84639692145917,-117.20699229760224,25.858441997280373,32,50,13,11
1483233119128,32.84642974620482,-117.20686802080485,26.136342190029392,32,51,14,11
1483233119245,32.846437788637324,-117.20683659539633,26.215440664052032,32,51,13,11
1483233119343,32.84644570338648,-117.20680544511158,26.289076131960407,32,51,13,11
1483233119476,32.84645355569716,-117.20677427860822,26.365522494313993,32,51,13,11
1483233119679,32.84646131219198,-117.20674304677951,26.44043896260616,32,51,13,11
1483233119827,32.846484277487015,-117.20664903122606,26.639321273656126,31,51,12,11
1483233119965,32.846491696657964,-117.20661775204431,26.705935818644623,31,51,12,11
1483233120081,32.846499011805,-117.20658646897617,26.773752021962842,31,51,12,11
1483233120255,32.84650625181644,-117.20655510313867,26.8596195120904,31,52,12,11
1483233120367,32.84651339930377,-117.20652372204913,26.955224625073377,30,51,12,11
1483233120502,32.84652046981224,-117.20649231681732,27.040688413878215,30,51,12,11
1483233120719,32.84654786225332,-117.20636644750498,27.322192293402274,30,52,12,11
1483233120866,32.846554481856124,-117.2063348763348,27.402094482598006,31,52,12,11
1483233121001,32.84656102809702,-117.20630333315414,27.46344849425387,31,52,12,11
1483233121119,32.84656750168074,-117.2062717885422,27.52536951556786,31,52,13,11
1483233121242,32.846573888097296,-117.20624019290625,27.596139233121256,31,52,13,11
1483233121323,32.846580188703605,-117.20620856167248,27.669781269739442,31,52,13,11
1483233121628,32.84660455138823,-117.20608187013107,27.953530019895073,30,52,13,11
