1612139530836,32.802727559190714,-117.13896488835543,90.02172249060162,76,121,15,11
1612139530931,32.802727552240746,-117.13896487542647,90.02154525384287,76,121,15,11
1612139531010,32.802727548028294,-117.1389648697113,90.0212149407809,76,120,15,11
1612139531153,32.80272755387464,-117.13896485551142,90.02083954998774,76,121,15,11
1612139531305,32.80272755648972,-117.13896486208598,90.02059082858617,76,121,15,11
1612139531395,32.802727557077276,-117.13896486086432,90.02008952200889,76,121,15,11
1612139531476,32.802727563630036,-117.13896485712671,90.01942892086387,76,121,15,11
1612139531546,32.80272756922801,-117.13896485497214,90.01894649641656,76,121,15,11
1612139531706,32.802727561001056,-117.13896484504495,90.0191530873458,76,120,15,11
1612139531816,32.80272757016576,-117.13896483943358,90.0190768273148,76,121,15,11
1612139531917,32.8027275677269,-117.13896483136446,90.01873716951579,76,121,15,11
1612139531998,32.80272756597975,-117.1389648288592,90.01816603743595,76,121,15,11
1612139532081,32.80272756087194,-117.13896482378429,90.0176202703288,76,121,15,11
1612139532168,32.80272755899027,-117.13896481731598,90.017460941067,76,121,15,11
1612139532311,32.802727562209604,-117.138964810756,90.01749485949527,76,120,15,11
1612139532401,32.802727560678115,-117.13896480196685,90.01711376486651,76,121,15,11
1612139532484,32.8027275633221,-117.13896480197148,90.01687412016256,76,121,15,11
1612139532586,32.802727560883966,-117.13896479439606,90.01654751463417,76,121,15,11
1612139532730,32.80272755645304,-117.13896478523765,90.01598590706567,76,121,15,11
1612139532832,32.80272755580579,-117.13896476762915,90.01540555135014,76,121,15,11
1612139532938,32.8027275509715,-117.13896476533651,90.0151710697499,76,120,15,11
1612139533019,32.80272754772394,-117.13896475875426,90.01450867068563,76,121,15,11
1612139533100,32.80272754824109,-117.13896474698196,90.01410083943779,76,121,15,11
1612139533244,32.80272753941328,-117.13896474214727,90.01312559768053,76,121,15,11
1612139533393,32.802727542687705,-117.13896473858753,90.01253102479905,76,121,15,11
1612139533486,32.80272753668221,-117.13896472980177,90.0116676368263,76,121,15,11
1612139533567,32.802727531550616,-117.13896472084167,90.01108775549758,76,121,15,11
1612139533668,32.802727526290575,-117.13896470190824,90.01012516167442,76,121,15,11
1612139533808,32.8027275277105,-117.13896469909346,90.00933597556937,76,121,15,11
1612139533911,32.80272752407839,-117.13896469455948,90.00855538891715,76,121,15,11
1612139534007,32.80272751931304,-117.13896468886037,90.00835139171507,76,121,15,11
1612139534151,32.802727521325195,-117.13896467669205,90.00741047879758,76,121,15,11
1612139534262,32.80272749969071,-117.13896463861036,90.00498941580727,76,121,15,11
1612139534367,32.80272749926118,-117.13896462632701,90.00395405589887,76,121,15,11
1612139534451,32.80272749399516,-117.13896461875323,90.00360527325941,76,121,15,11
1612139534607,32.80272749587281,-117.13896461155758,90.00299900645052,76,121,15,11
1612139534710,32.80272749142776,-117.13896460189032,90.00235743157188,76,121,15,11
1612139534809,32.802727491385156,-117.13896460547338,90.0020553683018,76,121,15,11
1612139534890,32.8027274830689,-117.13896458853866,90.00104209104244,76,121,15,11
1612139534971,32.80272747743207,-117.13896457252957,90.00004063140665,76,121,15,11
1612139535119,32.80272747472274,-117.13896456866414,89.99944915748844,76,121,15,11
1612139535270,32.80272747019043,-117.13896456729759,89.9986862676416,76,121,15,11
1612139535360,32.80272747059548,-117.13896456347021,89.99792722215902,76,121,15,11
1612139535445,32.802727466581096,-117.13896454900753,89.99709413509483,76,121,15,11
1612139535589,32.802727459037115,-117.1389645473202,89.99629835775178,76,121,15,11
1612139535668,32.80272745791309,-117.13896453269295,89.99600116242785,76,121,15,11
1612139535790,32.80272745425006,-117.13896452883688,89.99488381954481,76,121,15,11
1612139535880,32.80272745045507,-117.13896452761097,89.99442146285531,76,121,15,11
1612139535964,32.8027274448872,-117.13896451808306,89.99365764374268,76,121,15,11
1612139536043,32.802727436853644,-117.13896451191353,89.99308035787281,76,121,15,11
1612139536124,32.802727437784235,-117.13896450482244,89.99210026724668,76,121,15,11
1612139536281,32.802727431944945,-117.13896449952651,89.99169796957122,76,121,15,11
1612139536362,32.802727428263815,-117.13896450289911,89.99115653995786,76,121,15,11
1612139536450,32.80272742437553,-117.13896449322917,89.99017988192074,76,121,15,11
1612139536545,32.80272741305738,-117.13896448522483,89.98930826968946,76,121,15,11
1612139536699,32.80272741035665,-117.13896448151957,89.98847188078369,76,121,15,11
1612139536802,32.802727406896686,-117.13896447562887,89.98742734522861,76,121,15,11
1612139536894,32.802727398871696,-117.13896446675056,89.98643579754776,76,121,15,11
1612139536976,32.80272739638681,-117.1389644639129,89.98593006967323,76,121,15,11
1612139537055,32.80272738514114,-117.13896445742478,89.9848802361055,76,121,15,11
1612139537188,32.802727381671694,-117.1389644511118,89.98451203789912,76,121,15,11
1612139537341,32.80272737740778,-117.13896444804114,89.98362681433672,76,121,15,11
1612139537483,32.802727377828425,-117.1389644482695,89.98287322169504,76,121,15,11
1612139537576,32.80272737218175,-117.13896444502942,89.98225115483875,76,121,15,11
1612139537657,32.80272736170517,-117.13896444456009,89.98176609862908,76,121,15,11
1612139537742,32.8027273628138,-117.1389644323096,89.98106352685423,76,121,15,11
1612139537845,32.80272736525375,-117.13896442999653,89.98030750212585,76,121,15,11
1612139537994,32.80272736155765,-117.13896442530867,89.97924146468729,76,121,15,11
1612139538084,32.80272736027835,-117.13896442325021,89.97835566162442,76,121,15,11
1612139538168,32.8027273473451,-117.1389644185364,89.97784293731831,76,121,15,11
1612139538257,32.8027273496119,-117.13896441593988,89.97726534719735,76,121,15,11
1612139538406,32.802727347954566,-117.1389644173493,89.97677191412714,76,121,15,11
1612139538498,32.80272734839998,-117.13896441480715,89.97572710444106,76,121,15,11
1612139538680,32.80272734082918,-117.13896439146451,89.97314607775989,76,121,15,11
1612139538774,32.80272733556426,-117.13896439343817,89.97246821865286,76,121,15,11
1612139538880,32.80272734106636,-117.13896438418311,89.97165960871611,76,121,15,11
1612139538973,32.80272733347671,-117.13896438328005,89.9708649664273,76,121,15,11
1612139539115,32.80272734080799,-117.1389643801148,89.96992272031605,76,121,15,11
1612139539259,32.80272734103093,-117.13896437634897,89.96936840070613,76,121,15,11
1612139539353,32.80272734485177,-117.13896437497401,89.96848688386852,76,121,15,11
1612139539439,32.80272734340655,-117.13896438101054,89.96781168789808,76,121,15,11
1612139539531,32.8027273501507,-117.1389643729072,89.96687641220204,76,121,15,11
1612139539606,32.80272734760073,-117.13896437442446,89.96647016985675,76,121,15,11
1612139539790,32.8027273513108,-117.1389643686696,89.96523250106709,76,121,15,11
1612139539869,32.8027273570043,-117.13896437180809,89.96464337174818,76,121,15,11
1612139539967,32.80272736027586,-117.13896436462504,89.96412813202166,76,121,15,11
1612139540050,32.80272735878232,-117.13896437078232,89.9631563101308,76,121,15,11
1612139540133,32.80272736632817,-117.13896436671405,89.96250780653725,76,121,15,11
1612139540278,32.80272737049999,-117.13896435969144,89.96163768594539,76,121,15,11
1612139540370,32.8027273755201,-117.1389643630816,89.9612707759806,76,121,15,11
1612139540453,32.802727376888264,-117.13896435906989,89.96060952256634,76,121,15,11
1612139540597,32.80272738014476,-117.13896436184122,89.95946105025575,76,121,15,11
1612139540679,32.80272738973495,-117.1389643534721,89.95836959956156,76,121,15,11
1612139540795,32.80272739107442,-117.13896435061223,89.95776071057725,76,121,15,11
1612139540887,32.80272739318844,-117.1389643578219,89.95729639664941,76,121,15,11
