1612315197635,32.86293976280094,-116.92235048065085,91.05782302776792,78,121,15,11
1612315197727,32.862939763004896,-116.92235048123429,91.05794795800108,78,121,15,11
1612315197876,32.86293976553407,-116.92235048685284,91.05788520443572,78,121,15,11
1612315197957,32.862939763529475,-116.92235048544693,91.05789090046035,78,121,15,11
1612315198048,32.86293976538529,-116.92235048512124,91.05798717846294,78,121,15,11
1612315198150,32.86293975696212,-116.92235049027369,91.05840356029536,78,121,15,11
1612315198233,32.862939762508084,-116.92235048870903,91.0584115473471,78,121,15,11
1612315198314,32.86293975891699,-116.92235049724536,91.05872475850074,78,121,15,11
1612315198443,32.86293976295944,-116.92235049267966,91.05916352549687,78,121,15,11
1612315198538,32.86293976076024,-116.92235049804253,91.05932543994234,78,121,15,11
1612315198639,32.86293976156933,-116.92235049644472,91.05953291717618,78,121,15,11
1612315198729,32.86293976482871,-116.92235050170875,91.06003432172865,78,120,15,11
1612315198881,32.862939756885105,-116.92235050017293,91.06081620659018,78,121,15,11
1612315198969,32.86293976112089,-116.92235049973972,91.06116711407593,78,121,15,11
1612315199051,32.86293975639023,-116.92235050265904,91.06154374314417,78,121,15,11
1612315199151,32.86293975350825,-116.92235051105212,91.0624010013236,78,121,15,11
1612315199237,32.86293974758911,-116.92235051092531,91.0632350883938,78,121,15,11
1612315199318,32.86293974863258,-116.92235051407202,91.06361170741476,78,120,15,11
1612315199455,32.86293974660439,-116.92235050465477,91.06400596136753,78,121,15,11
1612315199660,32.86293973599369,-116.92235050861032,91.06560530128553,78,121,15,11
1612315199752,32.862939738684304,-116.92235050495614,91.06580711702748,78,120,15,11
1612315199857,32.86293973647624,-116.92235050751631,91.06601731972839,78,121,15,11
1612315199962,32.86293973813515,-116.92235050356938,91.06641129719954,78,121,15,11
1612315200054,32.862939738959305,-116.9223505052257,91.06655328337109,78,121,15,11
1612315200159,32.862939734255065,-116.92235050041586,91.06676229136757,78,121,15,11
1612315200305,32.86293972987579,-116.9223505022488,91.06708827695454,78,121,15,11
1612315200398,32.86293973164396,-116.92235049706844,91.06689497451558,78,120,15,11
1612315200499,32.86293972890339,-116.92235049929349,91.0671608083448,78,121,15,11
1612315200835,32.86293972845679,-116.92235050089458,91.06751096345695,78,121,15,11
1612315200914,32.86293972405303,-116.92235050009751,91.06767101992342,78,121,15,11
1612315200994,32.86293972646341,-116.92235050182718,91.06815572722314,78,121,15,11
1612315201082,32.86293972802653,-116.9223504962217,91.06824822385194,78,121,15,11
1612315201184,32.862939726906035,-116.92235049574543,91.0682348695587,78,120,15,11
1612315201265,32.862939725860954,-116.9223504972976,91.06830263737778,78,121,15,11
1612315201346,32.862939724790216,-116.92235049892588,91.06828479646647,78,121,15,11
1612315201567,32.86293971469046,-116.9223504970223,91.06940989756961,78,120,15,11
1612315201661,32.86293971139802,-116.92235049839422,91.0697257969653,78,121,15,11
1612315201756,32.862939707263564,-116.92235049745645,91.06986348588,78,121,15,11
1612315201862,32.86293971153581,-116.9223505055719,91.07014076439873,78,121,15,11
1612315201963,32.86293970956788,-116.92235050316198,91.07006686259544,78,121,15,11
1612315202054,32.862939710237676,-116.92235050259836,91.07024261518258,78,121,15,11
1612315202166,32.86293971082887,-116.92235050808874,91.07018632089469,78,120,15,11
1612315202294,32.86293970731028,-116.92235051262077,91.07044992439752,78,121,15,11
1612315202391,32.86293970764357,-116.92235050988278,91.07058709761945,78,121,15,11
1612315202495,32.86293969587749,-116.92235051508277,91.071134155701,78,121,15,11
1612315202579,32.862939700412134,-116.92235051762317,91.07109092881426,78,121,15,11
1612315202662,32.862939698077895,-116.92235052766299,91.0715594920039,78,121,15,11
1612315202819,32.86293969611464,-116.9223505301084,91.07180012696845,78,120,15,11
1612315202901,32.862939694066085,-116.92235053391104,91.07209815740703,78,121,15,11
1612315203001,32.86293968744931,-116.92235053679937,91.07220893670174,78,121,15,11
1612315203138,32.86293968130712,-116.92235054303609,91.07256709581337,78,121,15,11
1612315203314,32.86293967854616,-116.92235054871635,91.07270216631724,78,121,15,11
1612315203444,32.86293967750602,-116.92235054844433,91.07238563486605,78,121,15,11
1612315203599,32.86293967362521,-116.92235055503845,91.07260055587429,78,120,15,11
1612315203690,32.86293966755127,-116.92235055777955,91.07299331066332,78,121,15,11
1612315203839,32.862939663094295,-116.92235056485914,91.0734298892295,78,121,15,11
1612315203922,32.86293966460253,-116.92235057579788,91.07340468503354,78,121,15,11
1612315204012,32.86293966005898,-116.9223505782677,91.07364996963157,78,121,15,11
1612315204102,32.862939647581754,-116.92235058376416,91.07457218937674,78,121,15,11
1612315204211,32.86293965002625,-116.92235058516862,91.07449857068138,78,120,15,11
1612315204292,32.86293964492868,-116.9223505934152,91.0748828545598,78,121,15,11
1612315204373,32.86293964471822,-116.92235059274559,91.07514386588765,78,121,15,11
1612315204502,32.8629396407962,-116.92235060140578,91.07574522925412,78,121,15,11
1612315204596,32.86293963819468,-116.922350603448,91.07634223910897,78,121,15,11
1612315204703,32.862939635200604,-116.92235061152459,91.07669488124822,78,121,15,11
1612315204784,32.86293963278236,-116.92235061802623,91.07700298424804,78,120,15,11
1612315204931,32.862939626619415,-116.92235062368624,91.07745693817876,78,121,15,11
1612315205011,32.86293962334178,-116.92235062543764,91.07737021887213,78,121,15,11
1612315205105,32.86293961738147,-116.92235063487088,91.07799525126137,78,121,15,11
1612315205205,32.86293961526777,-116.9223506405081,91.07803697062552,78,121,15,11
1612315205357,32.86293960851082,-116.9223506599189,91.07900341444319,78,121,15,11
1612315205447,32.86293962223542,-116.92235055907727,91.07755445650656,78,121,15,11
1612315205589,32.86293965304517,-116.92235028028959,91.07432439305936,78,121,15,11
1612315205735,32.86293972714795,-116.92234973736792,91.07239064525106,78,121,15,11
1612315205817,32.86293983394994,-116.92234890567379,91.07295692988217,78,120,15,11
1612315205909,32.8629399804433,-116.92234773897376,91.07527358803728,78,121,15,11
1612315206019,32.862940164394374,-116.92234622714196,91.07680177550043,78,121,15,11
1612315206100,32.86294039831332,-116.92234432667814,91.07819340452733,78,121,15,11
1612315206181,32.86294068677534,-116.92234201316025,91.0798737268403,79,121,15,11
1612315206321,32.86294102613137,-116.92233926948745,91.08206082540778,79,121,15,11
1612315206404,32.8629414199852,-116.9223360881632,91.08433537424027,79,121,15,11
1612315206495,32.86294187412931,-116.92233246496914,91.0877362787021,79,121,15,11
1612315206591,32.86294240246975,-116.92232840083011,91.09257368532171,80,121,15,11
1612315206739,32.862942977012715,-116.92232389519607,91.10116800867057,80,121,15,11
1612315206821,32.86294359810096,-116.92231896849393,91.1103729240956,80,121,15,11
1612315206913,32.86294428298866,-116.92231363009998,91.1169139929019,81,121,15,11
1612315207015,32.86294499912079,-116.92230787203252,91.12161033015873,81,121,15,11
1612315207094,32.862945784158114,-116.9223017007272,91.12781563001141,82,121,15,11
1612315207175,32.86294663904607,-116.92229513698936,91.13087713518547,82,121,15,11
1612315207322,32.86294751545423,-116.92228817390978,91.12977813679001,83,121,15,11
1612315207471,32.862948422240336,-116.92228080069921,91.12816944516067,83,121,15,11
1612315207562,32.86294936894559,-116.92227303239424,91.12004883329274,84,121,15,11
1612315207643,32.8629502566747,-116.9222656799847,91.11209501311635,86,123,15,11
1612315207804,32.86295128633261,-116.9222570583471,91.1031300826137,90,124,15,11
