1612138658573,32.87397578209975,-117.20976006068292,85.06962608281404,75,122,15,11
1612138658676,32.87397578320127,-117.20976006296102,85.07140205088591,75,122,15,11
1612138658772,32.87397577970771,-117.20976006266754,85.07293583627674,75,122,15,11
1612138658892,32.873975776969644,-117.20976006932085,85.07458949435716,75,122,15,11
1612138659069,32.873975769734606,-117.20976006928267,85.07645105287911,75,122,15,11
1612138659157,32.873975773624416,-117.20976007110966,85.07832687250793,75,122,15,11
1612138659289,32.87397576663408,-117.20976006795031,85.07994178792605,75,122,15,11
1612138659389,32.873975759613465,-117.2097600725167,85.08155996432953,75,122,15,11
1612138659492,32.87397576246773,-117.2097600752061,85.08309950802939,75,122,15,11
1612138659584,32.8739757617618,-117.20976007976638,85.08495108598851,75,122,15,11
1612138659734,32.873975758460325,-117.20976008038967,85.08654264020046,75,122,15,11
1612138659815,32.87397575665617,-117.20976008281517,85.08798183118871,75,122,15,11
1612138659896,32.87397574753599,-117.20976008620724,85.08997646147941,75,122,15,11
1612138659999,32.87397574937134,-117.20976008385887,85.09121878999082,75,122,15,11
1612138660079,32.873975750574644,-117.20976008670252,85.09284764564111,75,122,15,11
1612138660164,32.873975742987064,-117.2097600924468,85.094666466337,75,122,15,11
1612138660297,32.87397573822927,-117.20976009496918,85.09621213187654,75,122,15,11
1612138660377,32.87397573252752,-117.20976010094198,85.09797100036083,75,122,15,11
1612138660495,32.8739757330681,-117.20976009745344,85.09973998509673,75,121,15,11
1612138660589,32.873975726981065,-117.20976009912619,85.10174081124168,75,122,15,11
1612138660667,32.87397572350419,-117.20976010059708,85.10344368705061,75,122,15,11
1612138660821,32.87397571786662,-117.20976010402603,85.1055775917847,75,122,15,11
1612138660901,32.87397571655088,-117.20976010225873,85.10764217257632,75,122,15,11
1612138661005,32.87397570903656,-117.20976009626058,85.1092002402259,75,122,15,11
1612138661141,32.87397570599742,-117.20976009432299,85.11127441340798,75,121,15,11
1612138661224,32.873975712136144,-117.20976008825933,85.11335523677852,75,121,15,11
1612138661350,32.8739757110352,-117.20976008861037,85.11585053314568,75,122,15,11
1612138661440,32.87397570305003,-117.20976008682098,85.11808528925185,75,122,15,11
1612138661556,32.8739756990626,-117.20976007825631,85.12022445505616,75,122,15,11
1612138661652,32.87397569637704,-117.20976006875514,85.12242512173279,75,122,15,11
1612138661733,32.87397569592072,-117.2097600666681,85.12501046630761,75,121,15,11
1612138661879,32.87397569326045,-117.20976005995801,85.127486257805,75,121,15,11
1612138661960,32.87397568863212,-117.20976005246573,85.12992152258724,75,121,15,11
1612138662064,32.87397568392318,-117.20976004136335,85.1319497477578,75,122,15,11
1612138662147,32.87397567875213,-117.20976004039176,85.13479191599617,75,122,15,11
1612138662228,32.87397567428589,-117.20976003368538,85.13758821969253,75,122,15,11
1612138662352,32.87397567349975,-117.20976002417082,85.1402933836254,75,121,15,11
1612138662445,32.87397567030562,-117.2097600195093,85.14306048087573,75,121,15,11
1612138662566,32.87397566939391,-117.20976001355733,85.14595736715219,75,121,15,11
1612138662685,32.87397566827326,-117.20976000116808,85.149117726557,75,121,15,11
1612138662766,32.87397566256673,-117.20975999407689,85.15219341286134,75,122,15,11
1612138662914,32.873975659498726,-117.20975998043102,85.15514922648369,75,122,15,11
1612138662994,32.873975659468115,-117.20975997287432,85.15846664883209,75,121,15,11
1612138663098,32.87397566096436,-117.20975996222087,85.16194262089867,75,121,15,11
1612138663236,32.87397565587952,-117.20975994926593,85.16498665387789,75,121,15,11
1612138663315,32.87397565508251,-117.20975994740246,85.16811597927008,75,121,15,11
1612138663440,32.873975662285915,-117.2097599298385,85.17159933699396,75,121,15,11
1612138663531,32.87397565497419,-117.20975992105635,85.17508070143933,75,121,15,11
1612138663683,32.87397565761581,-117.20975987540547,85.18920443536243,75,121,15,11
1612138663771,32.87397565220266,-117.20975987185118,85.19281304797437,75,121,15,11
1612138663942,32.87397565914526,-117.20975985963177,85.1968719912161,75,121,15,11
1612138664026,32.8739756559365,-117.20975984621128,85.20083182145521,75,121,15,11
1612138664105,32.873975654356734,-117.20975982669113,85.20429040591773,75,121,15,11
1612138664230,32.87397565537129,-117.20975982283964,85.20824610125374,75,121,15,11
1612138664321,32.873975661781664,-117.20975980818024,85.21239987068952,75,121,15,11
1612138664437,32.87397566054986,-117.20975979329505,85.21644151788388,75,121,15,11
1612138664518,32.873975668861355,-117.20975977428206,85.22045467005661,75,121,15,11
1612138664679,32.87397566273453,-117.20975976553918,85.224581839116,75,121,15,11
1612138664760,32.87397566589229,-117.20975974807763,85.22861558602682,75,121,15,11
1612138664841,32.87397567181068,-117.20975973316165,85.2328679484584,75,121,15,11
1612138664945,32.87397567183821,-117.20975971976952,85.23714449800586,75,121,15,11
1612138665087,32.87397566418013,-117.20975970606008,85.24120921746784,75,121,15,11
1612138665168,32.873975666917154,-117.20975968325864,85.2454507127541,75,121,15,11
1612138665295,32.87397567252501,-117.20975967108585,85.24966535076032,75,121,15,11
1612138665397,32.87397567688152,-117.20975965856361,85.25411370977343,75,121,15,11
1612138665504,32.87397567551274,-117.20975964184807,85.25830919035988,75,121,15,11
1612138665578,32.87397568265858,-117.20975962893105,85.26289618563023,75,121,15,11
1612138665733,32.87397568628265,-117.20975961410491,85.26742941398747,75,121,15,11
1612138665833,32.87397568728238,-117.20975960351089,85.27180603677877,75,121,15,11
1612138665914,32.87397569300482,-117.2097595876885,85.27653276304613,75,121,15,11
1612138666017,32.87397569134264,-117.20975957602835,85.28106119333158,75,121,15,11
1612138666097,32.87397569787089,-117.20975956019076,85.28554628506481,75,121,15,11
1612138666178,32.873975700791476,-117.20975954406688,85.28987217672189,75,121,15,11
1612138666303,32.87397570892557,-117.20975953393109,85.29430570126634,75,121,15,11
1612138666392,32.873975708683034,-117.20975951988517,85.29890968362903,75,121,15,11
1612138666510,32.87397571607998,-117.2097595047037,85.30323025041623,75,121,15,11
1612138666660,32.87397572544968,-117.20975948436416,85.30781450292798,75,121,15,11
1612138666744,32.87397572809679,-117.20975947114056,85.31218162285744,75,121,15,11
1612138666836,32.87397573232691,-117.2097594555404,85.31655266895392,75,121,15,11
1612138666919,32.87397573344354,-117.20975944504278,85.32128675308691,75,121,15,11
1612138667023,32.873975739494654,-117.20975943221866,85.32576526525847,75,121,15,11
1612138667161,32.87397574173895,-117.20975941983731,85.33001161697416,75,121,15,11
1612138667240,32.87397575047606,-117.20975940967249,85.33473284343962,75,121,15,11
1612138667365,32.8739757486621,-117.209759393888,85.33923517281754,75,121,15,11
1612138667571,32.87397576758037,-117.2097593580167,85.35762374349406,75,121,15,11
1612138667673,32.87397576798474,-117.20975934675732,85.36201712484991,75,121,15,11
1612138667777,32.87397576810341,-117.20975933798623,85.36655800205563,75,121,15,11
1612138667870,32.87397577316095,-117.20975932516016,85.37082103903369,75,121,15,11
1612138667977,32.873975773716026,-117.20975931629434,85.37511775646242,75,121,15,11
1612138668073,32.87397577662309,-117.20975930906855,85.37917130558698,75,121,15,11
1612138668229,32.87397578194602,-117.20975930376949,85.3835402985058,75,121,15,11
1612138668312,32.87397578552619,-117.2097592911495,85.3880664523982,75,121,15,11
1612138668426,32.873975790820126,-117.20975928914072,85.39207104776307,75,121,15,11
1612138668594,32.87397578959271,-117.20975927746261,85.39615423172717,75,121,15,11
1612138668679,32.87397578850871,-117.20975926835168,85.39984143659399,75,121,15,11
