1616700599870,32.78034344524255,-117.19931365600036,12.882551600486993,22,61,12,11
1616700600034,32.78035717592049,-117.19931144586882,13.085093682428218,21,59,12,11
1616700600216,32.78041235843063,-117.19930254139685,13.863644560126733,20,57,12,11
1616700600389,32.78042613662751,-117.19930027730761,14.038133529548697,20,56,12,11
1616700600521,32.7804399326421,-117.19929802425474,14.218671371231547,20,56,12,11
1616700600632,32.780453745223284,-117.19929577421352,14.401617332836688,20,56,12,11
1616700600880,32.780508984970666,-117.1992866240858,15.087068745498424,20,55,11,11
1616700601024,32.780522725608,-117.19928429128724,15.250667541238203,20,55,11,11
1616700601207,32.78053646521276,-117.19928196025319,15.421720752501935,20,54,11,11
1616700601344,32.78055015719525,-117.1992796126133,15.578656752755263,20,53,11,11
1616700601456,32.780563913140455,-117.19927726031003,15.724966767288103,19,53,11,11
1616700601576,32.7805775322694,-117.19927494058301,15.869728421545203,19,53,11,11
1616700601686,32.78059113116805,-117.199272628962,16.01664558853649,19,53,11,11
1616700601956,32.78064541723683,-117.19926331122015,16.590558451444807,21,54,11,11
1616700602050,32.78065888330378,-117.19926099245234,16.72704253026937,22,55,11,11
1616700602193,32.78067236257463,-117.19925866955738,16.858148701489647,23,56,11,11
1616700602297,32.780685864190374,-117.19925625206373,16.97822491792778,23,57,11,11
1616700602608,32.78073986092684,-117.19924647439628,17.446831720915412,25,59,11,11
1616700602741,32.780753430813206,-117.19924390477595,17.55839001856578,26,60,11,11
1616700602882,32.78076705109411,-117.19924129468129,17.664918352581743,26,61,11,11
1616700603031,32.78078069628474,-117.19923865462447,17.763830341170717,27,61,11,11
1616700603127,32.78079438164831,-117.1992359849476,17.854797696363068,27,62,11,11
1616700603418,32.7808497193988,-117.19922499550927,18.19629007871236,27,63,11,11
1616700603529,32.78086370736611,-117.19922222797932,18.27411567625257,26,62,10,11
1616700603645,32.780877771277005,-117.19921947758856,18.35002211774324,25,62,10,11
1616700603781,32.78089188648501,-117.1992167622692,18.4208028673362,25,62,11,11
1616700603951,32.78090609377295,-117.19921404199546,18.49686153413893,24,61,11,11
1616700604065,32.78092035804766,-117.19921134064498,18.56932294737111,24,61,12,11
1616700604156,32.78093468999204,-117.19920862033244,18.633698933915916,23,60,12,11
1616700604420,32.780992935595805,-117.19919778859153,18.879980451145418,22,58,12,11
1616700604533,32.78100769521361,-117.1991950644392,18.931577540999417,22,58,12,11
1616700604704,32.78102256483281,-117.19919231271012,18.989326339973243,22,58,12,11
1616700604839,32.78103752572915,-117.19918956228148,19.042617476564057,22,57,12,11
1616700605004,32.78105255835978,-117.1991867901906,19.086932952776735,21,57,12,11
1616700605218,32.78111351211011,-117.19917572986728,19.219559787963043,23,58,13,11
1616700605342,32.78112895269291,-117.1991729267217,19.24385730217671,23,58,13,11
1616700605515,32.781144425902276,-117.19917013876263,19.255538389815502,23,58,13,11
1616700605630,32.78115996592764,-117.19916731866776,19.260967005777317,23,59,13,11
1616700605746,32.781175565689914,-117.1991644783434,19.265726092577925,23,59,13,11
1616700605892,32.78119120858482,-117.19916160376602,19.26043499772126,24,59,13,11
1616700606131,32.78125426968267,-117.1991502330647,19.217505296987444,22,56,13,11
1616700606261,32.781270126738846,-117.19914738449484,19.197604796055153,22,56,13,11
1616700606376,32.781286027222706,-117.19914456587638,19.175441887272875,21,56,13,11
1616700606546,32.78130195036358,-117.19914176284675,19.14914999823542,21,55,13,11
1616700606659,32.781317895733324,-117.19913896368661,19.11996281654647,21,55,13,11
1616700606806,32.78136589875063,-117.19913059060856,19.00267293011645,20,53,13,11
1616700606928,32.781381896748314,-117.19912773992553,18.94590111539052,20,53,13,11
1616700607018,32.78139791769803,-117.19912489405581,18.88703712344424,20,53,13,11
1616700607174,32.781413977279456,-117.19912211903923,18.82936866432482,20,53,13,11
1616700607310,32.78143005253169,-117.19911938684523,18.76137259302348,20,53,13,11
1616700607423,32.781446162982306,-117.19911663492218,18.7086198565815,20,53,13,11
1616700607561,32.78146228324108,-117.19911390523829,18.655222950461784,21,53,13,11
1616700607709,32.78147832245738,-117.19911115932779,18.579594026907525,21,53,13,11
1616700607924,32.781542308444365,-117.19910029593773,18.28673675518281,21,53,13,11
1616700608015,32.78155818082645,-117.19909761531191,18.21373717209597,21,53,13,11
1616700608127,32.78157394902943,-117.19909494481348,18.129654215113366,21,53,13,11
1616700608283,32.781589653041166,-117.19909227855284,18.050197396042524,21,54,13,11
1616700608456,32.781605278121496,-117.19908964118231,17.973528250373388,22,54,13,11
1616700608719,32.781666986989705,-117.19907928814477,17.702633358364178,22,54,13,11
1616700608859,32.78168217238807,-117.19907674036287,17.638769545620097,22,54,13,11
1616700609041,32.78169723565567,-117.19907418619202,17.56591674149768,22,54,13,11
1616700609138,32.78171228144958,-117.19907161846272,17.493192207831438,22,54,13,11
1616700609426,32.78177139755607,-117.19906160332836,17.201837901603245,23,55,13,11
1616700609550,32.78178607846828,-117.19905909924431,17.13403156508826,23,55,13,11
1616700609780,32.78180079318612,-117.19905658523241,17.058871638570988,23,55,13,11
1616700609920,32.78184466933668,-117.19904895642128,16.852078512405534,23,55,13,11
