1632260062609,32.914159497813195,-117.22947181796047,-2.0252108520350665,27,56,15,11
1632260062813,32.91424729549007,-117.22953414627383,-1.865918167828767,26,55,15,11
1632260062931,32.914269141402535,-117.22955002364148,-1.8277167970183519,26,55,15,11
1632260063065,32.91429092670507,-117.22956598768761,-1.7973545982108514,26,55,15,11
1632260063408,32.91437766679626,-117.229630766176,-1.6582024121809427,27,56,15,11
1632260063520,32.91439925108628,-117.229647154554,-1.6172928645886102,27,56,15,11
1632260063646,32.91442079528549,-117.22966360763131,-1.5787781195473465,27,56,15,11
1632260063737,32.91444238060924,-117.22968019983755,-1.5363414497085537,27,56,15,11
1632260063902,32.91446384268277,-117.22969681648885,-1.5029358394103363,27,57,15,11
1632260064017,32.91448525231521,-117.22971349500155,-1.4736527207366643,27,56,15,11
1632260064211,32.91454929294694,-117.22976406339198,-1.3894280624013007,28,57,15,11
1632260064349,32.914570666206956,-117.22978114440235,-1.360537265406252,28,58,15,11
1632260064461,32.91459188692009,-117.22979820286218,-1.33236292012543,28,58,15,11
1632260064583,32.91461308557098,-117.22981534685401,-1.3022297059122176,28,58,15,11
1632260064698,32.91463422296424,-117.22983259151079,-1.2689310589685865,28,58,15,11
1632260064789,32.914655351486104,-117.229849886919,-1.233600738668811,28,58,15,11
1632260064970,32.91467644733489,-117.2298672311923,-1.208508324382677,28,58,15,11
1632260065123,32.914739613717074,-117.2299197154097,-1.1498775454251837,28,58,15,11
1632260065233,32.91476054152305,-117.22993736046207,-1.1203019320466128,28,58,15,11
1632260065462,32.914781407767585,-117.22995506154845,-1.0872904966523766,28,59,15,11
1632260065576,32.91480225639888,-117.22997285374615,-1.0476328067167395,28,59,15,11
1632260065687,32.914823224354215,-117.22999086163608,-1.0078812942081017,28,59,15,11
1632260065802,32.91484395036655,-117.2300087953828,-0.9850194019406014,28,59,15,11
1632260066047,32.91492635631216,-117.23008139631749,-0.9027575875971421,28,59,15,11
1632260066214,32.91494702509023,-117.23009991407474,-0.8797251643187709,28,58,15,11
1632260066325,32.91496746514805,-117.23011831107561,-0.855284622739001,27,58,15,11
1632260066457,32.91498787935045,-117.23013678162944,-0.8336362946162956,27,58,15,11
1632260066575,32.91500825382786,-117.23015531092805,-0.8115029625032677,27,58,15,11
1632260066690,32.915028584248525,-117.23017391205684,-0.7915898209013397,27,58,15,11
1632260066904,32.91510934409071,-117.23024931709207,-0.7087767924687824,27,58,15,11
1632260067040,32.91512941169455,-117.23026838236842,-0.6933592124447208,28,58,15,11
1632260067187,32.91514941036402,-117.23028753526748,-0.6764016737222892,28,58,15,11
1632260067433,32.91516935697672,-117.23030679210721,-0.6609371083217177,28,59,15,11
1632260067617,32.915248596205586,-117.23038461386517,-0.5885613899846771,28,60,15,11
1632260067706,32.91526830697835,-117.2304042488762,-0.5711867353158417,29,60,15,11
1632260067871,32.91528799545507,-117.23042392002415,-0.5564776470665864,29,60,15,11
1632260067984,32.915307624998135,-117.2304436225225,-0.548323964420453,29,60,15,11
1632260068152,32.9153272450395,-117.23046339231782,-0.5339888100711874,29,60,15,11
1632260068264,32.91534685393968,-117.23048321290227,-0.524289638580322,29,60,15,11
1632260068501,32.91542482539243,-117.23056311947481,-0.4790780524361112,28,60,15,11
1632260068628,32.915444209394046,-117.23058329779592,-0.4677438046459987,28,60,15,11
1632260068720,32.91546351898162,-117.23060354460387,-0.4623716671623357,28,59,15,11
1632260068885,32.91548274231232,-117.23062392331018,-0.45601280448418285,27,59,15,11
1632260069005,32.91550191436978,-117.23064439960223,-0.44624377010562577,27,58,15,11
1632260069205,32.91555910380577,-117.23070626005632,-0.43271269133806306,26,56,15,11
1632260069325,32.91557804133525,-117.23072702712545,-0.4429701903905194,26,56,15,11
1632260069435,32.9155969559017,-117.23074786634405,-0.44810329244817987,26,56,15,11
1632260069546,32.91561582192784,-117.230768746841,-0.45168463740481096,26,56,15,11
1632260069674,32.91563467211355,-117.2307897468362,-0.45091820878632266,26,55,15,11
1632260069821,32.91565344970535,-117.23081079996258,-0.4568137689109727,26,56,15,11
1632260069932,32.91567215888879,-117.23083191896053,-0.46648547478756275,26,56,15,11
1632260070044,32.915690852684655,-117.23085307787156,-0.47742810039186934,26,56,15,11
1632260070222,32.915746588850155,-117.2309170956893,-0.5190398498945307,26,55,15,11
1632260070339,32.91576506156051,-117.23093856321975,-0.5260010601055141,25,55,15,11
1632260070459,32.915783467908994,-117.23096010446989,-0.5376512198579508,25,55,15,11
1632260070572,32.915801835890235,-117.23098168429499,-0.5533149383695222,25,54,15,11
1632260070687,32.91582015217016,-117.2310033164668,-0.5694278717761976,25,54,15,11
1632260070775,32.915838389407185,-117.23102501912958,-0.5744079189225422,25,54,15,11
1632260070940,32.915856669445574,-117.23104689058569,-0.575309679206724,25,54,14,11
1632260071063,32.91587480760065,-117.23106874618281,-0.569207125541795,25,53,14,11
1632260071233,32.91589291113547,-117.23109065863753,-0.5657726169207634,25,53,14,11
1632260071494,32.915964788921315,-117.23117893387071,-0.5355721168016951,25,53,14,11
1632260071612,32.91598257595249,-117.23120116648258,-0.5325443287015292,25,53,13,11
1632260071727,32.916000283091826,-117.23122348347944,-0.5293821859880115,25,53,13,11
1632260071815,32.91601790771166,-117.2312458860724,-0.5331795983803511,25,53,13,11
1632260072134,32.916087837079786,-117.23133651457161,-0.5249189045004936,25,52,13,11
1632260072268,32.916105128225865,-117.23135933345408,-0.5303505029370831,25,52,13,11
1632260072381,32.916122369204466,-117.23138221396302,-0.5404826733528432,25,52,13,11
1632260072495,32.91613959722875,-117.23140513750204,-0.5540327546587136,25,52,13,11
1632260072608,32.91615674950035,-117.23142811571368,-0.5720721110165884,25,52,13,11
1632260072723,32.916174022722004,-117.23145136283773,-0.5863683506819712,25,52,13,11
