1615681102778,32.871946758616296,-117.23387589360718,47.6309819110021,49,107,10,11
1615681103079,32.87194669063867,-117.23387586327746,47.63147522427089,50,109,10,11
1615681103192,32.87194668388867,-117.23387584822726,47.63216408979585,50,110,10,11
1615681103305,32.871946656453964,-117.23387584826189,47.63198014647021,51,110,10,11
1615681103419,32.87194663999614,-117.23387583770601,47.630758065089836,51,110,10,11
1615681103515,32.87194660800651,-117.23387581170508,47.630137358697105,51,110,10,11
1615681103682,32.87194659760376,-117.23387582904871,47.6307779201061,51,110,10,11
1615681103796,32.87194659650023,-117.2338758291248,47.631968563127494,51,111,10,11
1615681103923,32.87194658255239,-117.2338758163869,47.630755281515405,51,111,10,11
1615681104176,32.87194647545207,-117.23387577719107,47.632351084450384,51,111,9,11
1615681104286,32.871946463102795,-117.23387577522696,47.631498909530634,50,110,9,11
1615681104400,32.871946451224005,-117.23387576488736,47.633135345227586,50,110,9,11
1615681104487,32.87194642765902,-117.2338757686542,47.63244390289848,50,110,9,11
1615681104654,32.87194640425641,-117.23387576431952,47.63200076005263,50,110,9,11
1615681104768,32.8719463974829,-117.2338757539693,47.63230658486296,50,110,9,11
1615681104889,32.87194638401593,-117.23387576523773,47.63096816255779,50,110,9,11
1615681105079,32.871946338095405,-117.2338757548265,47.630672690472366,50,110,10,11
1615681105194,32.8719463198202,-117.23387574524317,47.63123892409281,50,109,10,11
1615681105306,32.8719463060141,-117.2338757326101,47.63080931719399,50,109,10,11
1615681105419,32.87194627871834,-117.23387572769776,47.63043065809602,50,109,10,11
1615681105506,32.871946260708135,-117.233875727938,47.630544514145505,49,109,10,11
1615681105672,32.871946248581736,-117.23387573148754,47.632184446961055,49,108,10,11
1615681105796,32.871946238951764,-117.23387573167649,47.6321770044179,49,108,10,11
1615681105952,32.87194621573666,-117.23387571412965,47.63182722933806,48,107,10,11
1615681106083,32.87194616933636,-117.23387572669124,47.63149835009876,48,107,10,11
1615681106208,32.871946143511536,-117.23387571401175,47.63143937660794,48,107,10,11
1615681106318,32.871946139267855,-117.23387569922669,47.63098422771411,48,107,10,11
1615681106431,32.8719461171101,-117.23387570172113,47.632254327765644,48,107,10,11
1615681106551,32.87194610232373,-117.23387570414829,47.63153879048251,48,107,10,11
1615681106694,32.87194608023209,-117.23387568757003,47.63283877522773,48,107,10,11
1615681106810,32.87194606472339,-117.23387568368146,47.634501309424635,48,106,10,11
1615681107076,32.871945992054044,-117.23387568043069,47.63578025231142,48,106,10,11
1615681107230,32.871945980329116,-117.23387567829192,47.63570710321011,48,106,10,11
1615681107343,32.87194595431497,-117.23387566679003,47.63705991945614,48,106,10,11
1615681107453,32.87194594224678,-117.23387566772485,47.63712179801363,48,106,10,11
1615681107558,32.87194592525868,-117.23387567184439,47.63897879212416,48,106,10,11
1615681107723,32.871945918358136,-117.23387567299808,47.6401987259664,48,106,10,11
1615681107839,32.87194588623691,-117.23387565982723,47.64161702997969,47,105,10,11
1615681108081,32.87194578665996,-117.23387564322731,47.64578951641516,47,104,10,11
1615681108164,32.87194576423172,-117.23387564819087,47.64658673481309,46,104,10,11
1615681108348,32.87194574209088,-117.23387565960547,47.648318276945915,46,103,10,11
1615681108460,32.87194572984494,-117.23387563997503,47.650397530382875,46,102,10,11
1615681108584,32.871945692636125,-117.233875635392,47.65087435200757,45,101,10,11
1615681108695,32.871945670764184,-117.23387564218311,47.65415913759873,44,100,10,11
1615681108938,32.87194561752497,-117.23387564896812,47.66301169190068,44,98,10,11
1615681109112,32.871945603964235,-117.23387565154346,47.66367640573253,44,98,10,11
1615681109261,32.87194559458689,-117.23387565661127,47.66665740051453,44,98,10,11
1615681109374,32.871945588349085,-117.23387565216258,47.66871189466676,44,98,10,11
1615681109488,32.871945588980644,-117.23387566724948,47.671141133647275,44,98,10,11
1615681109617,32.8719455682947,-117.23387565644332,47.671747379271096,44,98,10,11
1615681109723,32.8719455580394,-117.23387564964445,47.67377604458787,44,98,10,11
1615681109968,32.87194549592926,-117.2338756378164,47.679291055988195,44,97,9,11
1615681110142,32.8719454919761,-117.23387562538193,47.68075547591569,44,97,9,11
1615681110267,32.8719454910277,-117.23387564150457,47.680268957255635,44,97,9,11
1615681110382,32.87194547278027,-117.23387563236066,47.68291780492154,44,97,9,11
1615681110503,32.8719454539031,-117.23387563730485,47.683472730777574,44,97,9,11
1615681110615,32.87194543641397,-117.23387563756611,47.684295216869145,44,97,9,11
1615681110726,32.87194542954457,-117.23387563553945,47.687528804734484,44,97,9,11
1615681110850,32.87194539922076,-117.23387562792807,47.689832892397334,44,97,9,11
1615681110936,32.87194537730681,-117.2338756229131,47.69167626146755,44,97,9,11
1615681111141,32.87194539606692,-117.23387566983158,47.68996688404118,44,97,9,11
1615681111261,32.871945376064346,-117.23387565741331,47.693162586401776,44,97,9,11
1615681111342,32.871945341120096,-117.23387564318521,47.69278817261989,44,97,9,11
1615681111488,32.871945328533364,-117.23387563146345,47.69521554507378,44,97,9,11
1615681111607,32.87194533329702,-117.23387564310555,47.695789652648074,44,97,9,11
1615681111716,32.87194532321084,-117.23387565370125,47.69714047781002,45,97,9,11
1615681111974,32.87194525862939,-117.23387565344223,47.70110755957419,45,97,10,11
1615681112190,32.87194522461184,-117.23387564849102,47.70200456692507,44,97,10,11
1615681112305,32.871945217631726,-117.23387566053219,47.70345083324402,44,97,10,11
1615681112384,32.87194518796165,-117.23387566270077,47.704609572020566,44,97,10,11
1615681112528,32.87194517498129,-117.23387566073254,47.704385391465316,44,97,10,11
1615681112641,32.87194515459311,-117.2338756320177,47.706179719178564,44,96,10,11
1615681112959,32.8719451003193,-117.23387568456108,47.706866816096856,44,96,10,11
