1621188774112,32.81524252132425,-117.22240227705109,-16.321302969560325,58,139,12,11
1621188774201,32.81526756960802,-117.22242221783601,-16.30776078465084,59,140,12,11
1621188774332,32.81534259198455,-117.22248215297321,-16.283066104829345,59,140,12,11
1621188774527,32.81536766056967,-117.22250229658452,-16.286473763253955,59,140,12,11
1621188774640,32.81539259375955,-117.22252233472825,-16.285199563688224,59,140,12,11
1621188774754,32.81541751485439,-117.22254237815145,-16.279833088142432,60,140,12,11
1621188774899,32.81544245676677,-117.22256249354638,-16.263285940608064,60,140,12,11
1621188775089,32.815542169095345,-117.22264325593147,-16.25889701991465,62,142,10,11
1621188775236,32.815567044202744,-117.22266347303454,-16.258632872360177,63,142,9,11
1621188775410,32.81559189130858,-117.22268374648932,-16.25144414156219,63,143,9,11
1621188775541,32.81561672080474,-117.22270408485824,-16.247021265519813,63,143,10,11
1621188775653,32.815641545077256,-117.22272440851576,-16.24735178787269,64,143,10,11
1621188775764,32.81566648743911,-117.22274485657566,-16.252852525648464,64,144,10,11
1621188775886,32.8156913174023,-117.22276522673388,-16.254856803017248,65,144,11,11
1621188776043,32.81571612751977,-117.2227856216659,-16.254228179941826,65,145,11,11
1621188776227,32.81581539628771,-117.22286757319809,-16.278649910059237,67,146,11,11
1621188776398,32.81584016928294,-117.2228880804455,-16.289038488890842,68,147,10,11
1621188776587,32.815864935478686,-117.22290860598984,-16.29674602437249,68,146,10,11
1621188776700,32.81588969301519,-117.2229291066304,-16.294364970155964,67,145,10,11
1621188776920,32.81598892254581,-117.22301134671953,-16.31865871529861,62,139,10,11
1621188777041,32.816013663853575,-117.22303191666504,-16.34868968111265,60,137,11,11
1621188777130,32.81603840150438,-117.22305248059868,-16.37705185538647,60,137,11,11
1621188777294,32.81606315342826,-117.22307303218787,-16.39040446039577,59,136,11,11
1621188777407,32.816087926410944,-117.22309366511551,-16.400911448041548,59,136,11,11
1621188777612,32.81611283809061,-117.22311445383401,-16.409638952957277,59,136,11,11
1621188777727,32.816137578953935,-117.22313513713601,-16.42743292898195,59,136,11,11
1621188777905,32.81623640801197,-117.22321767286793,-16.526759431668648,58,133,11,11
1621188778027,32.81626128059313,-117.22323846756012,-16.5503235376997,57,132,11,11
1621188778153,32.81628597555988,-117.22325910190212,-16.573301647605145,56,131,12,11
1621188778281,32.81631066044142,-117.2232797568994,-16.600462526098763,56,131,12,11
1621188778452,32.81633535186241,-117.2233004248217,-16.627925426602232,56,130,12,11
1621188778644,32.81636004328745,-117.22332101885179,-16.65782427903298,56,130,12,11
1621188778839,32.81645911966073,-117.22340341654736,-16.775727249666286,56,129,12,11
1621188778948,32.81648384249235,-117.22342393944457,-16.801111776140473,56,129,12,11
1621188779061,32.81650857580448,-117.22344443203578,-16.822762696125828,56,129,12,11
1621188779154,32.81653331225833,-117.22346488713448,-16.850699735957694,56,129,12,11
1621188779317,32.81655822096977,-117.22348550018448,-16.88326333783306,56,129,12,11
1621188779486,32.81658289416886,-117.22350588532585,-16.912664476672706,56,128,12,11
1621188779624,32.816607579649876,-117.22352626577421,-16.936615423958468,56,128,12,11
1621188779778,32.81670628132695,-117.22360783498856,-17.04711841398047,55,127,12,11
1621188779948,32.816730820779135,-117.22362819315745,-17.076228532621833,55,126,12,11
1621188780070,32.81675533728389,-117.22364846586011,-17.100227343336595,56,127,12,11
1621188780165,32.81677981949224,-117.22366876752791,-17.124885806626143,55,126,12,11
1621188780332,32.816804247523976,-117.22368914117617,-17.155493701877244,54,124,12,11
1621188780534,32.81687713658297,-117.22375066761235,-17.241735291543943,52,122,12,11
1621188780646,32.81690130270998,-117.2237712836986,-17.271261731870077,50,119,12,11
1621188780809,32.81692547393859,-117.22379193913112,-17.291465605923882,51,119,12,11
1621188780891,32.81694955744332,-117.22381268204911,-17.313606737313094,50,118,12,11
1621188781061,32.8169735872064,-117.22383348285562,-17.342290642859975,49,117,12,11
1621188781178,32.81699759750245,-117.22385431634093,-17.369380292634144,48,115,12,11
1621188781438,32.81709316970404,-117.22393816671558,-17.478014715168232,46,111,12,11
1621188781550,32.81711694666609,-117.22395922495035,-17.499710356253487,45,110,11,11
1621188781664,32.817140695055855,-117.22398035098708,-17.518841401168462,45,110,11,11
1621188781795,32.81716438629855,-117.22400154895224,-17.53141822532861,45,110,11,11
1621188781965,32.81718801100812,-117.22402278642599,-17.53488099133923,46,110,11,11
1621188782078,32.817211592970196,-117.22404413641945,-17.537384138110408,46,109,11,11
1621188782197,32.81723512312823,-117.22406557582357,-17.537987754562742,44,106,11,11
1621188782325,32.817305422972815,-117.22413027815445,-17.54918376188876,44,106,11,11
1621188782526,32.81732872835218,-117.22415205859342,-17.556319390537922,45,107,11,11
1621188782636,32.81735201831461,-117.2241738644488,-17.55570490200666,46,108,11,11
1621188782748,32.81737524184294,-117.22419579567548,-17.557277335870538,47,108,11,11
1621188782871,32.81739848099918,-117.22421776765339,-17.559560584501533,48,109,11,11
1621188783046,32.817421689958266,-117.22423971610367,-17.55278521704162,48,109,10,11
1621188783222,32.81751421996089,-117.22432845713048,-17.503651332929334,49,110,9,11
1621188783383,32.81753727889416,-117.22435070998516,-17.491950248188328,47,108,9,11
1621188783553,32.81756037773293,-117.22437301356898,-17.476040261937737,46,107,9,11
1621188783670,32.817583469357054,-117.22439534157569,-17.454393896537642,45,105,9,11
1621188783783,32.81760656601808,-117.22441766869332,-17.43678457729416,44,104,11,11
1621188784022,32.81769887156484,-117.22450719636375,-17.35418020869773,41,99,10,11
1621188784109,32.81772191889322,-117.2245296330121,-17.32842409693777,41,98,10,11
1621188784255,32.8177449691964,-117.22455203261225,-17.310638444317078,40,97,10,11
