1631833264237,32.84032000235219,-117.23626618447042,12.107979503667123,36,63,14,11
1631833264441,32.840307602727734,-117.23626285882723,12.224951901495311,36,64,14,11
1631833264635,32.8402952767624,-117.23625956724138,12.340201396437559,37,64,14,11
1631833264819,32.84024629423943,-117.23624648029862,12.807969076634809,35,64,14,11
1631833264953,32.84023422411827,-117.23624320999043,12.924166261624269,34,64,14,11
1631833265043,32.840222253103434,-117.23623995470007,13.037511335022945,33,63,14,11
1631833265208,32.84021036465562,-117.23623670396675,13.150339668684815,33,62,14,11
1631833265302,32.840198736486975,-117.23623351359512,13.262216399559266,32,62,14,11
1631833265510,32.84018731367291,-117.23623036035282,13.373183302957417,32,61,14,11
1631833265705,32.84014375154382,-117.23621828027261,13.811684421612565,32,61,14,11
1631833265874,32.84013340359585,-117.23621540606466,13.912816609651138,31,60,14,11
1631833266011,32.840123250830366,-117.23621257889016,14.010944599660347,31,60,14,11
1631833266099,32.84011326599823,-117.23620979696182,14.108967325818776,31,59,14,11
1631833266245,32.84010344313426,-117.2362070479605,14.204823375325436,30,59,14,11
1631833266326,32.84009377275684,-117.2362043379183,14.299896037359076,31,59,14,11
1631833266518,32.840065617253586,-117.23619643165122,14.584411388354184,31,59,14,11
1631833266631,32.84005651159291,-117.23619388118854,14.674178699447978,32,59,14,11
1631833266741,32.84004754307349,-117.23619136121062,14.763746271524473,32,60,14,11
1631833266870,32.84003869860598,-117.23618887172846,14.852589448620995,32,60,14,11
1631833267084,32.84002997873589,-117.23618644466777,14.941095624789948,32,60,14,11
1631833267174,32.8400213762217,-117.23618405159115,15.030537004125922,32,59,14,11
1631833267434,32.839988126572734,-117.23617476768023,15.361328453629211,31,59,14,11
1631833267545,32.839980042249564,-117.23617251379567,15.441100797087646,31,59,14,11
1631833267710,32.839972034565946,-117.2361702624191,15.522304636228876,32,59,14,11
1631833267822,32.8399641012054,-117.23616802339437,15.604199410956065,33,59,15,11
1631833267956,32.83995623992065,-117.23616580582352,15.683426326166348,33,60,15,11
1631833268167,32.8399254767452,-117.23615707366238,15.993079398348417,36,62,15,11
1631833268315,32.839917940969706,-117.2361549704083,16.06460715876451,36,63,15,11
1631833268571,32.839910470242984,-117.23615286270962,16.135207941225328,35,63,15,11
1631833268687,32.83990300198277,-117.23615076537624,16.20806571751181,35,63,15,11
1631833268800,32.83989554174535,-117.23614866488417,16.280727903522482,35,63,15,11
1631833268972,32.83986567867249,-117.23614029453256,16.572999110285757,34,64,15,11
1631833269129,32.839858145535345,-117.23613819843789,16.647678364751947,34,64,15,11
1631833269212,32.83985058090585,-117.2361360727437,16.72173569791569,34,64,15,11
1631833269416,32.83984298273455,-117.23613394091826,16.7983500490826,34,64,15,11
1631833269552,32.83983534031976,-117.23613182240419,16.878270204801964,34,65,15,11
1631833269669,32.83982765546817,-117.23612969145002,16.957903978707066,34,65,15,11
1631833269782,32.83981988914363,-117.23612753370928,17.03947072669827,35,66,15,11
1631833269973,32.83978828079675,-117.2361188067867,17.355217017598896,34,66,15,11
1631833270117,32.83978021864755,-117.23611659678437,17.431128980934826,34,66,15,11
1631833270200,32.8397720963449,-117.23611435658141,17.508801560301478,34,66,15,11
1631833270406,32.83976388905094,-117.23611211879678,17.580737485938887,33,66,15,11
1631833270599,32.83975561623085,-117.2361098903201,17.655668625993904,33,66,15,11
1631833270678,32.839747291250234,-117.2361076037697,17.728887308758942,32,65,15,11
1631833270933,32.839713237769736,-117.23609829460209,18.031061230876286,30,63,15,11
1631833271022,32.83970453576298,-117.23609587882017,18.111314060381588,30,62,15,11
1631833271180,32.8396957321614,-117.23609343971803,18.191597975646054,30,62,15,11
1631833271264,32.83968685319048,-117.23609096872103,18.26950389566229,30,62,15,11
1631833271431,32.83967789689423,-117.23608846930253,18.34893606333147,29,62,15,11
1631833271535,32.83966884217669,-117.23608592728881,18.428813180412668,29,61,15,11
1631833271743,32.83965970182726,-117.23608336610081,18.50964731386779,29,61,15,11
1631833271898,32.839622324615284,-117.23607275203355,18.840046473700312,27,57,15,11
1631833272054,32.83961277897091,-117.23607002020998,18.928151393641098,27,57,15,11
1631833272172,32.839603131165376,-117.23606726427977,19.018729936321485,27,57,15,11
1631833272251,32.83959339028696,-117.23606447014012,19.108877246615208,27,57,15,11
1631833272462,32.83956370617586,-117.23605599567202,19.384826011635262,27,57,15,11
1631833272608,32.83955364654504,-117.23605311367221,19.475225851654383,28,58,15,11
1631833272725,32.83954349193322,-117.23605019567164,19.56609626526771,28,58,15,11
1631833272859,32.83953322533447,-117.23604723861733,19.657195874362333,28,58,15,11
1631833272994,32.839522921062596,-117.23604427339293,19.749106546932804,29,58,15,11
1631833273131,32.83951252789678,-117.23604125221537,19.839436283099435,29,59,15,11
1631833273280,32.839502041608434,-117.23603817871553,19.930525502342338,30,59,15,11
1631833273517,32.83945933698297,-117.23602549395538,20.293909730900516,32,62,15,11
1631833273628,32.839448493745984,-117.23602223594786,20.38481080683939,32,62,15,11
1631833273709,32.83943759412935,-117.23601895321927,20.47257458581889,32,63,15,11
1631833273876,32.83942662869175,-117.23601563844099,20.55943452544062,33,63,15,11
1631833274042,32.83941563682901,-117.2360122762526,20.645250318964386,33,63,15,11
1631833274134,32.83940456730738,-117.23600885417878,20.7300993347382,33,64,15,11
1631833274499,32.83935995161958,-117.2359949771565,21.062568574780066,33,64,15,11
