1613160735702,32.7393522029532,-117.23147117769504,-5.788070863957027,33,65,14,11
1613160735828,32.73935220458761,-117.23147117409374,-5.789838879787101,33,65,15,11
1613160735977,32.73935220793871,-117.23147116587414,-5.791571533017072,33,65,15,11
1613160736110,32.73935221626259,-117.23147116167553,-5.791884023760013,33,65,15,11
1613160736316,32.73935223637739,-117.23147112188597,-5.793809935807043,33,65,15,11
1613160736496,32.739352238181134,-117.23147111784147,-5.79427648206931,33,65,15,11
1613160736609,32.73935224226199,-117.23147109836358,-5.794951265341288,33,65,15,11
1613160736698,32.73935223753423,-117.23147109113063,-5.794276119034347,33,65,15,11
1613160736846,32.73935224586801,-117.23147108082424,-5.793948168510313,33,66,15,11
1613160737104,32.739352257234216,-117.23147105470042,-5.796046331945401,34,66,15,11
1613160737276,32.73935225883841,-117.231471048943,-5.7968851587344234,34,66,15,11
1613160737414,32.739352261187335,-117.23147103209895,-5.79719985958787,34,66,15,11
1613160737583,32.739352256809255,-117.23147103261608,-5.798410187185095,34,66,15,11
1613160737696,32.739352267136795,-117.23147102405652,-5.799710231260699,34,66,15,11
1613160737788,32.73935226778814,-117.2314710119682,-5.801122262735051,34,66,15,11
1613160737901,32.73935226642833,-117.23147100347327,-5.802875716011102,34,66,15,11
1613160738097,32.73935228453694,-117.23147097515233,-5.8133943658654035,33,65,15,11
1613160738261,32.73935229170633,-117.23147097137802,-5.81527976235644,32,64,15,11
1613160738395,32.73935230297153,-117.23147095462923,-5.818038036123692,32,64,15,11
1613160738610,32.739352292018765,-117.23147095555917,-5.819682861402963,32,64,15,11
1613160738724,32.73935229859251,-117.23147094683968,-5.821178389443896,32,63,15,11
1613160738924,32.73935232927362,-117.2314709125422,-5.829832901611622,31,62,15,11
1613160739057,32.73935233238608,-117.2314709142737,-5.832619971538388,31,62,15,11
1613160739227,32.73935234400175,-117.23147090155071,-5.83571821093485,31,61,15,11
1613160739340,32.73935234690326,-117.23147089162255,-5.838291592454704,31,61,15,11
1613160739472,32.73935236503309,-117.23147088518421,-5.840221190038065,30,60,15,11
1613160739584,32.73935238248329,-117.23147088238777,-5.842970464488166,30,60,15,11
1613160739731,32.7393523976881,-117.23147086787968,-5.843673601766412,30,60,15,11
1613160739853,32.739352398791894,-117.23147086171836,-5.844498296570746,30,60,15,11
1613160739986,32.73935240680452,-117.23147084818294,-5.844829665892718,31,60,15,11
1613160740099,32.739352414397025,-117.23147084607042,-5.845496714342916,31,60,15,11
1613160740234,32.73935241829194,-117.2314708462157,-5.845685733939624,31,60,15,11
1613160740430,32.739352437687764,-117.23147083143144,-5.845459908024889,31,61,15,11
1613160740544,32.73935244368446,-117.23147083200116,-5.8454524198038715,32,62,15,11
1613160740632,32.739352458575645,-117.23147082606094,-5.844941222755575,32,62,15,11
1613160740751,32.739352459299695,-117.23147082659746,-5.845869671405184,32,62,15,11
1613160740955,32.73935245737755,-117.23147084086025,-5.846213856047294,32,62,15,11
1613160741091,32.739352455897524,-117.2314708398534,-5.846229298733626,32,62,15,11
1613160741319,32.73935248913189,-117.23147081353986,-5.849313486160141,32,63,15,11
1613160741487,32.73935248648618,-117.2314708102824,-5.848917304976858,33,63,15,11
1613160741599,32.739352489521885,-117.23147080608219,-5.848128169848257,33,64,15,11
1613160741688,32.73935249373386,-117.23147081010333,-5.847899321831518,33,64,15,11
1613160741803,32.739352496653886,-117.23147078971509,-5.846486887004461,34,65,15,11
1613160741956,32.73935250025431,-117.23147079835341,-5.846147074887655,34,65,15,11
1613160742219,32.73935249307646,-117.23147078730791,-5.846043780614031,35,67,15,11
1613160742357,32.739352515494666,-117.23147076246737,-5.845480445043543,35,67,15,11
1613160742523,32.73935250378521,-117.23147076988786,-5.846027914611479,35,67,15,11
1613160742634,32.7393525032918,-117.23147077028558,-5.848255916053413,35,67,15,11
1613160742729,32.73935251176553,-117.23147073463177,-5.849631723635576,35,67,15,11
1613160742874,32.73935250780064,-117.23147074226308,-5.851596776699288,35,67,15,11
1613160743020,32.73935250207393,-117.23147070372922,-5.856861173233357,34,67,15,11
1613160743136,32.73935251304398,-117.23147070218296,-5.859217866238717,34,67,15,11
1613160743323,32.73935250816027,-117.23147069513828,-5.860881738593486,34,67,15,11
1613160743454,32.739352509434305,-117.23147068406452,-5.861590971682394,34,67,15,11
1613160743623,32.73935252036773,-117.23147067593034,-5.86285581867746,34,67,15,11
1613160743824,32.739352515265885,-117.23147063420703,-5.874852174721773,33,65,15,11
1613160743959,32.7393525217769,-117.23147062258037,-5.8786932471256135,33,65,15,11
1613160744072,32.73935252002275,-117.23147061490022,-5.881842163792764,32,64,15,11
1613160744245,32.739352511808654,-117.23147061676467,-5.884162604273744,32,64,15,11
1613160744355,32.739352515382194,-117.23147059352088,-5.886015867840176,32,63,15,11
1613160744595,32.73935253409568,-117.23147055683714,-5.893114216489299,31,62,15,11
1613160744745,32.73935252991923,-117.23147055634364,-5.896084234569547,31,62,15,11
1613160744916,32.739352525436935,-117.23147056096381,-5.898924838898929,31,61,15,11
1613160745051,32.73935253251045,-117.23147055950508,-5.900740806916739,30,61,15,11
1613160745169,32.739352528417314,-117.2314705465245,-5.90315187678183,30,60,15,11
1613160745435,32.73935258141922,-117.23147057142455,-5.910284611667665,29,59,15,11
1613160745545,32.739352669500086,-117.23147059607635,-5.912650227585625,29,59,15,11
1613160745690,32.73935277791447,-117.23147066668285,-5.913660617186736,30,59,15,11
1613160745838,32.73935296314806,-117.2314707777422,-5.916688965470169,30,59,15,11
