1616373453000,32.778285380551715,-117.181279652773,21.98941337370963,43,84,14,11
1616373453247,32.77826597169627,-117.18128768183328,22.06731938258332,42,82,14,11
1616373453366,32.778261028992766,-117.18129052718447,22.085237539974415,41,81,14,11
1616373453476,32.77825609532141,-117.18129375011188,22.098740096652364,40,81,14,11
1616373453598,32.77825114637158,-117.18129729370901,22.106067278462405,40,80,14,11
1616373453712,32.77824617287336,-117.18130114719874,22.116923725944766,39,79,14,11
1616373453849,32.77824117514452,-117.18130528774383,22.12691090190461,39,79,14,11
1616373453965,32.778236141097096,-117.18130967598904,22.135132550329924,39,79,14,11
1616373454241,32.77821549467874,-117.18132942597408,22.14462090528844,38,77,13,11
1616373454355,32.77821013949974,-117.18133484817571,22.15117166939782,38,76,13,11
1616373454472,32.778204714935804,-117.1813404570105,22.158050847187273,37,76,13,11
1616373454594,32.77819920457784,-117.1813462207162,22.162586163701036,37,75,13,11
1616373454709,32.77819362675849,-117.18135215029807,22.162965452124244,36,75,13,11
1616373454901,32.7781879711412,-117.1813582485009,22.165986721265202,37,75,13,11
1616373455134,32.77816436963773,-117.18138386239586,22.16821029699698,38,75,14,11
1616373455271,32.77815823279646,-117.18139058991181,22.164998202419735,38,75,14,11
1616373455386,32.77815198619598,-117.18139740814627,22.160603075237766,38,75,13,11
1616373455495,32.77814563769975,-117.1814043298312,22.15909096158576,38,75,13,11
1616373455615,32.77813920147942,-117.18141138880848,22.159013744508062,39,76,13,11
1616373455727,32.7781326522503,-117.18141851469252,22.156406170773952,39,75,13,11
1616373455868,32.77812597100619,-117.18142567515935,22.158118379595106,39,75,13,11
1616373455984,32.77811920820742,-117.1814329046344,22.155787280119142,39,76,13,11
1616373456137,32.77809813774174,-117.18145468296409,22.151257728919063,39,76,13,11
1616373456275,32.7780908826172,-117.18146189668082,22.143136003540057,39,76,13,11
1616373456397,32.77808350901575,-117.18146910722746,22.142245945642536,40,77,13,11
1616373456509,32.778076012906425,-117.18147635021715,22.148872883415702,40,77,13,11
1616373456623,32.778068419007056,-117.18148356606395,22.153659159671815,40,77,13,11
1616373456734,32.77806073047686,-117.18149073772416,22.14910169283786,40,77,12,11
1616373457090,32.77802907325675,-117.18151921744503,22.11661403051278,40,77,12,11
1616373457203,32.77802091493078,-117.18152627358538,22.1103759896563,39,77,12,11
1616373457342,32.778012644201,-117.18153323485222,22.10820977332092,39,77,12,11
1616373457467,32.77800429532805,-117.18154013293491,22.103858934356616,39,77,12,11
1616373457579,32.77799586217653,-117.18154697343155,22.093073861931288,39,77,12,11
1616373457693,32.77798733122576,-117.18155376060535,22.082943717106453,39,77,12,11
1616373457806,32.77797870004442,-117.18156048164822,22.076878588196625,39,77,12,11
1616373458035,32.7779432930441,-117.1815869136495,22.044158693593005,39,77,12,11
1616373458201,32.77793423786865,-117.1815933323849,22.035285361138968,39,77,11,11
1616373458333,32.77792509040816,-117.18159967417054,22.024177416324815,39,77,11,11
1616373458450,32.77791585343078,-117.18160594431296,22.01422329989047,39,77,11,11
1616373458563,32.77790651754643,-117.18161223845856,22.003120841321167,39,77,11,11
1616373458677,32.777897076292305,-117.18161835002238,21.999780055819134,39,77,11,11
1616373458915,32.77785844228529,-117.18164188179816,21.955619411406136,40,78,11,11
1616373459070,32.77784853845038,-117.18164752026044,21.952456838484494,40,78,11,11
1616373459207,32.77783853859226,-117.18165303837449,21.94783340204853,41,79,11,11
1616373459374,32.77782844298087,-117.18165839269935,21.93785359507169,41,79,11,11
1616373459494,32.77781826308408,-117.18166365380449,21.925629960416384,41,79,11,11
1616373459607,32.77780800569674,-117.18166879766659,21.914306226892148,42,79,14,11
1616373459720,32.777797654475975,-117.18167378342577,21.907255524949722,42,80,14,11
1616373459834,32.77778724276717,-117.18167866785667,21.89480075541743,42,80,14,11
1616373460035,32.77774488212905,-117.18169678119298,21.86894853165618,44,81,12,11
1616373460208,32.77773415631856,-117.1817009472321,21.854967683283707,44,82,12,11
1616373460346,32.77772337278718,-117.18170496813563,21.840047246399177,44,82,12,11
1616373460461,32.77771252980224,-117.18170881899081,21.825313904638016,44,82,12,11
1616373460574,32.7777016437094,-117.18171253205416,21.808888275802378,44,82,12,11
1616373460687,32.777690714327456,-117.18171608225589,21.7865718211608,44,82,12,11
1616373460836,32.777657729346345,-117.18172584094926,21.712993674956405,44,82,12,11
1616373460992,32.77764666038289,-117.18172876739955,21.693633633754224,43,82,12,11
1616373461084,32.77763557837924,-117.18173153066098,21.67218414036249,44,82,12,11
1616373461281,32.777624484271236,-117.18173413864723,21.649430935245206,44,82,12,11
1616373461418,32.77761334821124,-117.18173658978402,21.628622998734915,43,82,12,11
1616373461533,32.77760219798318,-117.18173886593429,21.612883461414913,43,82,12,11
1616373461737,32.77755756848005,-117.18174634976484,21.496575807436916,43,82,13,11
1616373461852,32.77754639623656,-117.18174784304342,21.467875730977738,43,82,13,11
1616373462009,32.77753522505458,-117.18174918091741,21.440878649172973,42,81,13,11
1616373462146,32.77752404898317,-117.1817503620702,21.41241693822555,42,81,12,11
1616373462431,32.77747941121041,-117.1817538923097,21.283407163630915,41,80,12,11
1616373462545,32.77746825540603,-117.18175447185483,21.252430085438213,42,80,12,11
1616373462658,32.77745709652104,-117.1817549164674,21.21929367383303,42,80,12,11
1616373462875,32.77744591992628,-117.18175521846452,21.186468473136017,42,81,13,11
1616373462995,32.777434736939895,-117.18175540898675,21.151464956669596,43,81,13,11
1616373463126,32.777401025195466,-117.18175564994905,21.04728974972616,45,84,11,11
1616373463257,32.7773897497572,-117.1817555057753,21.005867103967347,46,84,10,11
