1612482993214,32.88004594736451,-117.2354047022959,78.45281502974896,77,122,15,11
1612482993295,32.88004594701392,-117.23540470716186,78.44754188616658,77,122,15,11
1612482993376,32.880045939875075,-117.23540471736541,78.44183043480533,78,122,15,11
1612482993535,32.88004592989551,-117.23540474003083,78.4262274392789,77,122,15,11
1612482993675,32.88004592837947,-117.23540474712038,78.42104528500924,78,122,15,11
1612482993762,32.88004591906582,-117.23540475446599,78.41574180777563,78,122,15,11
1612482993846,32.880045919590955,-117.23540476197745,78.41030783583604,78,122,15,11
1612482993943,32.88004591675956,-117.2354047648991,78.40549041087218,77,122,15,11
1612482994049,32.88004590622213,-117.23540477309436,78.40027364646053,78,122,15,11
1612482994143,32.880045905790965,-117.23540477696643,78.39533705123677,78,122,15,11
1612482994238,32.88004589991257,-117.23540478497803,78.39047168420113,78,122,15,11
1612482994349,32.88004589590164,-117.2354047922,78.38536256170862,78,122,15,11
1612482994497,32.8800458906197,-117.23540480127485,78.38036252725387,78,122,15,11
1612482994597,32.88004588827157,-117.23540480443172,78.37575011698527,78,122,15,11
1612482994738,32.880045888112825,-117.23540481541937,78.37074430313308,78,122,15,11
1612482994819,32.88004587960268,-117.23540482712659,78.36625594818987,78,122,15,11
1612482994903,32.88004587847191,-117.23540483911941,78.36145140436153,78,122,15,11
1612482994982,32.88004587537047,-117.23540484919884,78.35703542877484,78,122,15,11
1612482995093,32.88004587364334,-117.23540486704916,78.35260514744047,78,122,15,11
1612482995190,32.88004586690275,-117.23540487986448,78.34787352471189,78,122,15,11
1612482995271,32.88004586067345,-117.23540489095579,78.34332881869665,78,122,15,11
1612482995346,32.88004586346359,-117.23540491142145,78.33888939414837,78,122,15,11
1612482995561,32.880045853869966,-117.23540492274365,78.33479593437164,78,122,15,11
1612482995663,32.880045856309714,-117.2354049435734,78.33048881039872,78,122,15,11
1612482995797,32.8800458508889,-117.2354049605841,78.32607704905598,78,122,15,11
1612482995888,32.880045844939296,-117.23540497232673,78.32173906930808,78,122,15,11
1612482995970,32.88004584160115,-117.2354049862007,78.31739355205255,78,122,15,11
1612482996053,32.88004583893518,-117.23540500408694,78.31347480143106,78,122,15,11
1612482996159,32.88004583672444,-117.23540501717531,78.30949788389579,78,122,15,11
1612482996252,32.88004582931672,-117.23540503266021,78.305562173975,78,122,15,11
1612482996333,32.88004582347775,-117.2354050389308,78.30125144093286,78,122,15,11
1612482996475,32.88004582208105,-117.23540504934421,78.29784370500013,78,122,15,11
1612482996567,32.88004582465871,-117.23540506800836,78.29411182719161,78,122,15,11
1612482996671,32.88004581666955,-117.23540507655787,78.29052810464022,78,122,15,11
1612482996814,32.88004581430208,-117.23540509388461,78.28716277527867,78,122,15,11
1612482996903,32.88004581989707,-117.23540510543806,78.28380992944209,78,122,15,11
1612482996985,32.880045814686206,-117.23540512187965,78.28137887386814,78,122,15,11
1612482997068,32.880045813456604,-117.23540513888231,78.27812322846628,78,122,15,11
1612482997174,32.880045812594865,-117.235405154737,78.27552297700028,78,122,15,11
1612482997269,32.880045812652355,-117.23540517835063,78.27240646409496,78,122,15,11
1612482997399,32.88004581237459,-117.23540519272218,78.26967245766829,78,122,15,11
1612482997499,32.88004581993458,-117.23540521314501,78.26685695765782,78,122,15,11
1612482997639,32.88004585349499,-117.23540524966441,78.2631121912224,78,122,15,11
1612482997739,32.88004592109225,-117.23540528985554,78.25860190534956,78,122,15,11
1612482997879,32.88004602599982,-117.23540533358656,78.25143234075252,78,122,15,11
1612482997963,32.880046156899084,-117.23540539659338,78.24256081627354,78,122,14,11
1612482998043,32.88004624691515,-117.2354054467636,78.23486097866757,78,122,14,11
1612482998130,32.880046324757416,-117.23540548759266,78.22570528771483,78,122,14,11
1612482998235,32.880046410789014,-117.23540553541733,78.21543769746135,78,122,14,11
1612482998335,32.880046516083254,-117.2354055908846,78.20382665856776,78,122,14,11
1612482998404,32.88004662703217,-117.23540564114553,78.19207405022769,78,122,14,11
1612482998565,32.880046710087136,-117.23540569817537,78.17962226452576,78,122,14,11
1612482998649,32.880046804807314,-117.2354057505273,78.16612539608101,78,122,14,11
1612482998755,32.880046892822676,-117.23540579896381,78.15134148659565,78,122,14,11
1612482998892,32.88004696628531,-117.23540585571389,78.13698277824587,78,122,14,11
1612482998995,32.88004704544612,-117.23540589924984,78.12075408170814,77,122,14,11
1612482999077,32.880047121285,-117.23540595673164,78.10351790188423,77,122,14,11
1612482999164,32.8800471783819,-117.23540600436803,78.08470604000311,77,122,14,11
1612482999266,32.88004723125936,-117.23540604487741,78.0649339031759,77,122,14,11
1612482999502,32.8800474169124,-117.23540620225164,77.99049740092856,77,122,14,11
1612482999608,32.88004746826373,-117.23540624322717,77.9724485734563,77,122,14,11
1612482999733,32.88004751400754,-117.23540628030769,77.95459965217269,77,122,14,11
1612482999827,32.88004756161991,-117.23540631357861,77.93715586098311,78,122,14,11
1612482999909,32.88004760658639,-117.23540635536679,77.92040413952222,78,122,14,11
1612482999995,32.88004765992465,-117.2354063913408,77.90368734087241,77,122,14,11
1612483000098,32.880047700326735,-117.23540641985166,77.88682261800486,77,122,14,11
1612483000262,32.880047748024886,-117.23540644998819,77.86992160087102,78,122,14,11
1612483000341,32.880047783327065,-117.23540648096987,77.8540828919414,78,122,14,11
1612483000424,32.88004782127704,-117.23540650579324,77.83817725228351,78,122,14,11
1612483000508,32.880047859928155,-117.23540653581261,77.82259052457444,78,122,14,11
1612483000607,32.88004789662495,-117.23540656051657,77.8072614802867,78,122,14,11
1612483000733,32.88004793020373,-117.2354065804674,77.79206832103917,78,122,14,11
1612483000828,32.88004796615397,-117.23540660626703,77.77741739826955,78,122,14,11
1612483000908,32.88004799549866,-117.23540662778429,77.76283995200345,78,122,14,11
1612483000998,32.88004803605134,-117.23540665160364,77.74852405385538,78,122,14,11
1612483001104,32.880048063548244,-117.23540666764025,77.73429990341315,78,122,14,11
1612483001185,32.88004809181899,-117.23540668903141,77.72087114232212,78,122,14,11
1612483001266,32.880048116905215,-117.23540669998394,77.70694393569357,78,122,14,11
1612483001337,32.88004814290353,-117.23540672287355,77.69371638741681,78,122,14,11
1612483001506,32.880048168232875,-117.23540673804821,77.68059312689648,78,122,14,11
1612483001609,32.88004819899469,-117.23540674956513,77.66763721088748,78,122,14,11
1612483001751,32.88004822109802,-117.23540676014447,77.65496084186984,78,122,14,11
1612483001843,32.880048246231105,-117.23540677942329,77.64291753149082,78,122,14,11
1612483001925,32.8800482676439,-117.23540678579235,77.63057527304007,78,122,14,11
1612483002004,32.88004829292304,-117.2354068030629,77.61915381474617,78,122,14,11
1612483002110,32.88004830884062,-117.2354068085907,77.6073340969611,78,122,14,11
1612483002191,32.880048330844076,-117.23540681642827,77.59569761372077,78,122,15,11
1612483002411,32.88004835394337,-117.23540683076703,77.5844506924798,78,122,15,11
1612483002484,32.880048374478214,-117.23540683772413,77.57349919984736,78,122,15,11
1612483002582,32.88004838987093,-117.23540684818433,77.56293677064255,78,122,15,11
1612483002688,32.88004840421441,-117.23540685653818,77.55242158359695,78,122,15,11
1612483002828,32.88004842011242,-117.23540686347111,77.54226254652265,78,122,15,11
1612483002908,32.88004844015757,-117.2354068683708,77.53224228971267,78,122,15,11
1612483002990,32.88004845933109,-117.23540688036111,77.52216221616611,78,122,15,11
1612483003090,32.88004847304866,-117.23540688305637,77.51238336651444,78,122,15,11
1612483003193,32.880048490754874,-117.2354068858476,77.50276245339512,78,122,15,11
1612483003274,32.88004850129226,-117.23540688938303,77.49355426752439,78,122,15,11
1612483003354,32.880048517395956,-117.23540689564014,77.48469601132688,78,122,15,11
