1483321122813,32.88010550514248,-117.23536445251209,76.57093715755104,34,66,14,11
1483321123138,32.88010551418331,-117.23536446553351,76.57116872446156,34,66,14,11
1483321123251,32.8801055026079,-117.2353644657158,76.571230025216,34,66,14,11
1483321123364,32.88010550629859,-117.23536444754598,76.57128815044986,34,66,14,11
1483321123486,32.88010551325265,-117.23536446134435,76.57134348780569,34,66,14,11
1483321123599,32.88010551937723,-117.23536447197188,76.57212904113364,34,66,14,11
1483321123703,32.88010552070574,-117.23536448096765,76.57221973784046,34,66,14,11
1483321123848,32.880105507928306,-117.23536445937718,76.57291325236781,34,65,14,11
1483321123963,32.880105531086656,-117.23536447804783,76.57260327216359,34,65,14,11
1483321124204,32.88010553052907,-117.23536446722933,76.5723272688138,34,65,14,11
1483321124314,32.88010552792577,-117.23536447038843,76.57327783706818,34,65,14,11
1483321124430,32.880105532615914,-117.2353644629232,76.57325570809607,34,65,14,11
1483321124543,32.88010553729627,-117.23536447641628,76.57412601118685,34,65,14,11
1483321124690,32.880105535671575,-117.23536447317124,76.57392121830071,34,65,13,11
1483321124902,32.88010555026153,-117.23536448183427,76.57501476606377,34,64,13,11
1483321125014,32.8801055502955,-117.23536448598338,76.57535703745422,34,64,13,11
1483321125177,32.880105549039264,-117.23536448702244,76.57499487976249,34,64,13,11
1483321125324,32.880105555225136,-117.23536448049316,76.57582147445362,33,64,13,11
1483321125435,32.88010554717889,-117.23536448317182,76.57709378949215,33,64,13,11
1483321125554,32.88010555368879,-117.23536448807911,76.57684591299504,33,64,13,11
1483321125670,32.8801055686048,-117.23536449691245,76.57781060465744,33,63,13,11
1483321125773,32.88010556593414,-117.23536451152255,76.57704958866692,33,63,13,11
1483321125928,32.88010556179362,-117.23536450244629,76.57819841514697,33,63,13,11
1483321126129,32.880105578493584,-117.23536454076356,76.58002727907841,33,63,14,11
1483321126273,32.880105573395205,-117.23536454575675,76.57963693875975,33,63,14,11
1483321126392,32.88010557835603,-117.23536454010377,76.57905021048794,33,63,14,11
1483321126504,32.88010556968699,-117.23536454695851,76.57988389309996,33,63,14,11
1483321126618,32.88010558208262,-117.23536454412837,76.57927045942088,33,63,14,11
1483321126722,32.88010558303611,-117.2353645457083,76.58000493069612,33,63,14,11
1483321126941,32.8801055901541,-117.23536455671376,76.58101267326245,33,63,14,11
1483321127051,32.88010558540376,-117.23536455443531,76.58072272734373,33,63,14,11
1483321127248,32.88010558157781,-117.23536456320453,76.58120237628688,33,63,14,11
1483321127360,32.88010557737867,-117.23536456306422,76.58044078644001,33,63,14,11
1483321127480,32.8801055768509,-117.23536456555979,76.58207181097322,33,64,14,11
1483321127593,32.88010558342522,-117.23536457869426,76.58164222247247,34,64,14,11
1483321127851,32.88010557512302,-117.23536456992242,76.58239025769953,34,64,14,11
1483321127961,32.880105576088326,-117.23536458064204,76.58311410159308,33,64,14,11
1483321128076,32.88010556520578,-117.23536455567898,76.58345291391313,33,64,14,11
1483321128240,32.88010557772265,-117.23536457743677,76.58279236582905,33,64,14,11
1483321128493,32.88010556177347,-117.23536457888311,76.58190675827956,33,63,14,11
1483321128629,32.880105568680946,-117.23536457704387,76.58136630180685,33,63,14,11
1483321128745,32.880105565425914,-117.23536458099579,76.5811924549148,33,63,14,11
1483321128914,32.88010556347592,-117.23536457532127,76.5820191734302,33,62,14,11
1483321129027,32.88010557226102,-117.23536455313764,76.58261475386568,33,63,14,11
1483321129139,32.88010555810403,-117.2353645657846,76.58329536908859,33,63,14,11
1483321129308,32.880105552707064,-117.23536457490395,76.58373175212876,33,63,14,11
1483321129453,32.88010556916728,-117.23536456536749,76.58316313256856,33,63,14,11
1483321129600,32.88010554388436,-117.23536455670099,76.58370339326945,33,63,14,11
1483321129715,32.88010555420401,-117.23536457654596,76.58326670311062,33,63,14,11
1483321129860,32.880105542783134,-117.23536456070605,76.58321828610312,33,63,14,11
1483321130188,32.88010554063697,-117.2353645835514,76.58459686801808,33,63,14,11
1483321130314,32.880105528623474,-117.23536458038676,76.58460181783478,33,63,14,11
1483321130424,32.880105533233944,-117.23536458145531,76.58339413817407,33,63,14,11
1483321130540,32.8801055198551,-117.23536459713225,76.58439829921782,33,63,14,11
1483321130644,32.880105515610474,-117.23536458862935,76.583712178164,33,63,14,11
1483321130789,32.8801055204734,-117.23536458653622,76.5843547873964,33,63,14,11
1483321130964,32.88010552090586,-117.23536459715311,76.58317053268482,33,63,14,11
1483321131204,32.880105510488434,-117.23536461014572,76.58325132744439,33,63,14,11
1483321131329,32.88010550781979,-117.23536461591632,76.58325050964947,33,63,14,11
1483321131441,32.88010549942626,-117.23536461940216,76.58288994595426,33,63,14,11
1483321131557,32.88010549973989,-117.23536462960843,76.58287590691668,33,63,14,11
1483321131661,32.880105492601466,-117.23536463201013,76.58278210580615,32,62,14,11
1483321131808,32.88010549679137,-117.23536464342057,76.58302542812208,32,62,14,11
1483321132122,32.88010549077802,-117.23536466882966,76.58383369999724,31,61,14,11
1483321132267,32.880105497662754,-117.23536469403876,76.58396435283315,31,61,14,11
1483321132380,32.880105495505354,-117.2353646987332,76.58391204482707,31,60,14,11
1483321132505,32.88010549068685,-117.23536469443671,76.58380945291387,30,59,14,11
1483321132621,32.880105483466195,-117.23536469378429,76.58378456438945,30,59,14,11
1483321132723,32.88010550277045,-117.2353647045335,76.58350973210277,30,59,14,11
1483321132899,32.88010548637496,-117.23536471743424,76.58428717103806,30,58,14,11
