1614546708572,32.70852123644442,-117.16941628033561,-30.817554760349623,34,68,13,11
1614546708727,32.708525633060994,-117.16941608860961,-30.80578826372959,34,69,13,11
1614546708840,32.70853013740627,-117.16941589608568,-30.794418574844773,34,68,13,11
1614546709033,32.70853468949797,-117.16941566058466,-30.790861354303303,33,68,13,11
1614546709152,32.708539310736015,-117.16941549429833,-30.78564190941438,33,68,12,11
1614546709374,32.70855953101264,-117.16941473672426,-30.76937828193816,34,69,10,11
1614546709523,32.70856506017503,-117.16941451728286,-30.756461107480398,35,71,10,11
1614546709645,32.70857075820573,-117.16941435555646,-30.74814007760981,36,71,9,11
1614546709764,32.708576643594185,-117.1694141435156,-30.72494825862754,37,72,10,11
1614546709891,32.708582699144294,-117.16941391102132,-30.69563137815593,38,73,10,11
1614546710146,32.70860796352504,-117.16941315686834,-30.626118599479323,39,74,9,11
1614546710261,32.70861429156815,-117.16941301078516,-30.615053972678727,40,75,9,11
1614546710415,32.70862052634274,-117.1694129118231,-30.604759257032065,41,76,9,11
1614546710561,32.708626659278735,-117.16941285949832,-30.592857350342495,41,76,9,11
1614546710675,32.70863264296873,-117.16941279322556,-30.58781273050277,40,76,9,11
1614546710793,32.70863844381181,-117.16941283929337,-30.576495656758752,40,76,9,11
1614546710949,32.70865525829411,-117.16941326890588,-30.573655857773446,39,76,8,11
1614546711028,32.70866081511743,-117.16941353341686,-30.572660347617692,39,76,8,11
1614546711178,32.70866632440674,-117.16941385824684,-30.574355854556604,40,77,9,11
1614546711289,32.70867184920784,-117.16941420581132,-30.577922661970184,40,77,8,11
1614546711502,32.70867738382867,-117.16941464785762,-30.577095490926524,40,78,8,11
1614546711648,32.708682911013156,-117.16941521221993,-30.57862411031683,40,78,8,11
1614546711863,32.708705245297196,-117.1694186360347,-30.56755317487628,39,78,8,11
1614546711976,32.70871086757966,-117.16941981368338,-30.565687118267462,39,77,7,11
1614546712088,32.70871651510139,-117.16942112974087,-30.56439439057017,39,77,7,11
1614546712211,32.70872216335784,-117.16942258683991,-30.566301801222625,40,78,7,11
1614546712323,32.70872779902583,-117.16942416983824,-30.577846600517862,40,78,7,11
1614546712479,32.70873346144021,-117.16942589053025,-30.58273899279385,40,77,7,11
1614546712627,32.70873914306303,-117.1694275921851,-30.598287209799054,39,76,7,11
1614546712828,32.70876200048502,-117.16943471055208,-30.64428223153749,39,75,7,11
1614546712945,32.70876775079702,-117.1694365052767,-30.660935776205122,39,75,7,11
1614546713028,32.70877352855953,-117.16943823762671,-30.675219388639892,40,75,7,11
1614546713177,32.70877934067173,-117.16943996078423,-30.68723661986518,40,74,7,11
1614546713307,32.70878514174626,-117.1694417012733,-30.700908870932082,39,74,7,11
1614546713552,32.70879097337852,-117.16944343761287,-30.718300991008178,40,74,8,11
1614546713740,32.708814376561165,-117.16945017307864,-30.77922700710325,39,73,7,11
1614546713912,32.70882025959141,-117.16945183538387,-30.791984714404645,40,74,7,11
1614546714034,32.70882616190778,-117.16945342810901,-30.807887613563988,41,75,6,11
1614546714115,32.70883210441999,-117.16945487031359,-30.82299336142846,42,76,0,13
1614546714229,32.70883799358447,-117.16945624723446,-30.836440966551944,44,78,12,14
1614546714385,32.70884387187523,-117.16945753402196,-30.841639034099018,45,79,10,14
1614546714632,32.708866353847114,-117.16946158683561,-30.870378261591885,52,85,5,11
1614546714821,32.70887163515583,-117.1694623565314,-30.888409808029717,54,86,5,11
1614546714929,32.708876795102455,-117.1694630174649,-30.90496524070822,56,87,5,11
1614546715084,32.70888183568366,-117.16946360866977,-30.911900495005977,58,89,5,11
1614546715159,32.708886740198295,-117.16946416946907,-30.92362069591426,60,90,5,11
1614546715436,32.70890581564913,-117.16946565543712,-30.974833889942314,68,96,5,11
1614546715553,32.708910563556095,-117.16946588014821,-30.990947636225957,70,98,7,11
1614546715698,32.70891531769485,-117.16946605710024,-31.011118033034485,73,100,7,11
1614546715870,32.708920080264996,-117.16946615066131,-31.029737724407227,75,101,7,11
1614546715976,32.708924838921256,-117.16946615800788,-31.043285360277256,77,103,7,11
1614546716121,32.708929560240215,-117.16946610242617,-31.060530151125146,80,104,6,11
1614546716202,32.70893422734614,-117.16946602661993,-31.081296253230263,82,106,6,11
1614546716439,32.70895236865839,-117.16946496163119,-31.172406094318436,93,113,6,11
1614546716516,32.708956778282534,-117.16946454757262,-31.192882761140236,96,114,5,11
1614546716694,32.70896115987487,-117.16946411082976,-31.209352200694227,99,116,6,11
1614546716845,32.70896554439184,-117.16946361931369,-31.227400060404214,101,118,6,11
1614546717000,32.70896993033433,-117.16946312944496,-31.249106385732365,104,119,6,11
1614546717113,32.70897433583981,-117.1694625229599,-31.27001518382714,106,121,6,11
1614546717199,32.70897875366785,-117.16946175026486,-31.291141433332548,109,123,6,11
1614546717320,32.7089921962648,-117.16945942777363,-31.338631836239475,116,128,6,11
1614546717465,32.70899672878389,-117.16945863161591,-31.353624381417116,119,130,6,11
1614546717582,32.70900132382801,-117.16945759241544,-31.36748549733268,121,131,6,11
1614546717697,32.70900598387093,-117.16945652379934,-31.382653532897276,124,133,6,11
1614546717872,32.70901068261919,-117.16945544122936,-31.40413637528524,128,135,6,11
1614546718007,32.70901546236502,-117.16945435721412,-31.428870265080114,131,137,11,14
1614546718113,32.709020348714496,-117.1694532541528,-31.449050935951554,135,139,10,14
1614546718225,32.709025313249676,-117.16945208848404,-31.467744563703807,138,141,10,14
1614546718407,32.70904559823897,-117.16944687086968,-31.54858025818009,153,149,10,14
1614546718561,32.709050816852915,-117.1694455113962,-31.57508720135195,157,151,0,13
1614546718682,32.70905613336213,-117.16944402786632,-31.584011682157378,161,153,0,13
