1616973572937,32.83606505725837,-117.20178914356926,75.89657989318277,28,47,12,11
1616973573055,32.836065006752875,-117.20178190954725,75.90445321841082,28,48,12,11
1616973573151,32.83606493280756,-117.20176063140705,75.93552464020594,29,49,12,11
1616973573295,32.83606491949488,-117.20175364749781,75.94501685594514,29,49,12,11
1616973573416,32.83606489946577,-117.20174668294715,75.95728777890048,29,49,12,11
1616973573595,32.83606486424478,-117.20173982577,75.96483269527239,29,50,12,11
1616973573717,32.83606481534383,-117.20173305143663,75.97409714668414,29,50,12,11
1616973573836,32.83606477522366,-117.20172634644697,75.98449057810339,29,50,12,11
1616973573949,32.836064770196316,-117.2017197373291,75.99335280754971,29,50,12,11
1616973574156,32.83606457110175,-117.20169433719805,76.0459165910902,28,50,12,11
1616973574300,32.8360645198994,-117.20168836177717,76.06153949753946,28,50,12,11
1616973574414,32.83606450968177,-117.20168258021067,76.07576790938177,28,50,12,11
1616973574603,32.83606449664369,-117.20167698000199,76.0885218220657,27,49,12,11
1616973574717,32.836064474086534,-117.20167156089421,76.1071839982432,26,48,12,11
1616973574838,32.836064449804404,-117.20166629603405,76.12599296585302,26,47,12,11
1616973574958,32.836064414186495,-117.20166118889216,76.14045630118517,25,46,12,11
1616973575172,32.83606435743688,-117.20164217354541,76.19388917263751,24,44,12,11
1616973575318,32.836064341198565,-117.20163774992555,76.20525116908617,25,44,13,11
1616973575432,32.836064324756606,-117.2016334491376,76.21721282562686,25,44,13,11
1616973575615,32.83606432281868,-117.20162926958861,76.23023599591767,25,44,13,11
1616973575727,32.83606431206221,-117.2016252463735,76.24546765902673,24,44,13,11
1616973575857,32.83606433951754,-117.20162142199943,76.26072814349679,24,43,13,11
1616973575990,32.83606434765759,-117.20161780912593,76.27304407886453,24,42,13,11
1616973576147,32.836064330385994,-117.20160570369235,76.31208822280463,24,41,13,11
1616973576291,32.83606432009919,-117.20160319740594,76.31643999272868,24,42,13,11
1616973576405,32.83606429728884,-117.20160088297101,76.32123981905399,25,42,13,11
1616973576560,32.83606428809781,-117.2015987869335,76.32889884091595,25,42,13,11
1616973576706,32.83606428408055,-117.20159689679771,76.33433223567535,25,42,13,11
1616973576805,32.836064293695955,-117.20159522504292,76.34061003369459,25,42,13,11
1616973576953,32.83606428656015,-117.20159374230968,76.3445889792209,26,43,13,11
1616973577069,32.83606428503919,-117.20159245417763,76.34695081163133,26,43,13,11
1616973577153,32.836064282542665,-117.20158950962055,76.35740681164394,27,43,12,11
1616973577306,32.83606428934752,-117.20158877072892,76.35963600008628,27,43,12,11
1616973577418,32.83606429632613,-117.20158811076242,76.36246737941867,27,43,12,11
1616973577577,32.83606429451443,-117.20158747168901,76.36634114533938,26,43,12,11
1616973577814,32.83606429685377,-117.20158680777165,76.36919591401683,27,43,12,11
1616973578009,32.83606429390473,-117.20158390838546,76.38409188419426,26,43,11,11
1616973578167,32.83606429074498,-117.20158309707092,76.3873845116676,26,43,11,11
1616973578247,32.83606429100345,-117.20158218572107,76.38851775122124,26,44,11,11
1616973578415,32.83606428067561,-117.2015811340358,76.39183405494187,26,44,11,11
1616973578529,32.83606427283857,-117.20157993154287,76.39557557566798,26,44,11,11
1616973578790,32.83606432364118,-117.20157288575612,76.41184010524134,25,44,12,11
1616973578910,32.83606430591903,-117.20157045293067,76.41713198184293,25,44,12,11
1616973579043,32.83606430079163,-117.20156773418022,76.42384171123263,26,44,12,11
1616973579175,32.836064307692894,-117.2015647529411,76.43054762064408,26,44,12,11
1616973579345,32.83606430606895,-117.20156151719715,76.43305571667356,26,44,12,11
1616973579589,32.8360642950529,-117.20154604401861,76.48285874711107,26,44,12,11
1616973579677,32.836064267636964,-117.2015415860832,76.50182557384308,25,43,13,11
1616973579825,32.83606419292014,-117.20153694624214,76.51065124143632,25,43,13,11
1616973579940,32.83606422968595,-117.201532148727,76.5168490171703,25,43,13,11
1616973580076,32.83606430260841,-117.2015271981011,76.52776438843294,25,43,13,11
1616973580193,32.83606431533334,-117.20152212244194,76.54177950045008,25,43,13,11
1616973580323,32.83606429595151,-117.20151691779493,76.5581250597714,25,42,13,11
1616973580586,32.8360642837867,-117.20149526961977,76.60776064050633,26,43,11,11
1616973580698,32.83606432592495,-117.20148968299478,76.63865615978645,26,43,11,11
1616973580788,32.83606432399054,-117.20148408416928,76.65661745335923,27,43,11,11
1616973580940,32.836064298005525,-117.20147846176084,76.67452621725414,27,43,11,11
1616973581073,32.83606427919882,-117.20147279463399,76.69409676702695,27,43,11,11
1616973581230,32.836064278795455,-117.2014671134192,76.71295874722075,26,43,11,11
1616973581524,32.83606404571149,-117.20144419920882,76.73196295440857,26,44,11,11
1616973581684,32.836064024462786,-117.20143836860002,76.74031960928463,26,44,11,11
1616973581802,32.83606405511166,-117.20143248002053,76.7449463579428,25,43,11,11
1616973581990,32.836064000494694,-117.20142650813074,76.75407825049653,25,43,11,11
1616973582157,32.836063724600386,-117.20140233238321,76.78244964551875,25,44,12,11
1616973582301,32.83606366397736,-117.2013961773008,76.76597805081698,25,44,12,11
1616973582417,32.83606350957349,-117.20138995819826,76.74560090654536,25,44,12,11
1616973582599,32.83606338090744,-117.2013836027179,76.73127196032554,25,44,12,11
1616973582710,32.83606328498582,-117.20137726916079,76.71423241034044,25,44,12,11
1616973582837,32.83606317170238,-117.20137101188323,76.69163501449938,25,44,12,11
1616973582963,32.83606297380546,-117.2013647458741,76.65752958781039,25,44,12,11
