1612314134890,32.8459328558737,-117.19849184490234,38.72627708892643,79,120,15,11
1612314135039,32.845926888807256,-117.19846079760305,38.72894211478985,79,120,15,11
1612314135141,32.84592090186884,-117.19842971063102,38.726343552708215,79,120,15,11
1612314135232,32.84591489235848,-117.19839866202125,38.72594456989113,79,120,15,11
1612314135375,32.84590888413985,-117.19836761748934,38.7282897645591,79,120,15,11
1612314135508,32.84590285796744,-117.1983365653256,38.737206286187124,79,120,15,11
1612314135598,32.845896823778645,-117.1983054750866,38.74755249893458,79,120,15,11
1612314135702,32.84589078652318,-117.19827441184235,38.74834379829355,79,120,15,11
1612314135786,32.84588471338306,-117.19824326851429,38.75178267920657,78,120,15,11
1612314135867,32.84587864444442,-117.19821219884756,38.75322646320473,78,120,15,11
1612314135995,32.84587254741489,-117.19818110501983,38.75844248874828,78,120,15,11
1612314136086,32.84586643780126,-117.19815001273726,38.7595324787509,78,120,15,11
1612314136194,32.84586029310903,-117.19811889907434,38.76318043697557,79,120,15,11
1612314136277,32.84585416809003,-117.19808778958443,38.76451021954986,79,120,15,11
1612314136348,32.845848045763915,-117.19805654954385,38.77735713158706,78,120,15,11
1612314136483,32.84584192071359,-117.19802537245322,38.78561034491535,78,120,15,11
1612314136572,32.84583579972473,-117.19799415605655,38.79377067838638,78,120,15,11
1612314136692,32.845829705626485,-117.1979629142726,38.79769749720255,78,120,15,11
1612314136775,32.845823636843214,-117.19793163938942,38.79677354990308,78,120,15,11
1612314136926,32.84581756442021,-117.19790034685985,38.79783036332899,78,120,15,11
1612314137007,32.84581149589016,-117.19786891002776,38.80404980739565,78,120,15,11
1612314137088,32.84580544390556,-117.19783753352327,38.807731498433206,78,120,15,11
1612314137193,32.845799372102675,-117.19780613059193,38.80728135761476,78,120,15,11
1612314137274,32.84579333578284,-117.19777470345625,38.79953551483466,78,120,15,11
1612314137415,32.84578732495813,-117.19774323459143,38.79667460189851,78,120,15,11
1612314137539,32.845781335380074,-117.19771174035824,38.79385640384096,78,120,15,11
1612314137655,32.84575782039522,-117.1975853934834,38.78896283756981,78,120,15,11
1612314137755,32.84575211471961,-117.197553767525,38.78781221756713,78,120,15,11
1612314137854,32.84574648332932,-117.1975221088895,38.78163941084156,78,120,15,11
1612314137954,32.845740922600676,-117.19749038372498,38.75751670404745,78,120,15,11
1612314138065,32.84573543456208,-117.19745870255387,38.751547306508186,78,120,15,11
1612314138148,32.84572998651117,-117.19742704619851,38.73452711523918,78,120,15,11
1612314138281,32.84572460202677,-117.19739542561423,38.70943141183918,78,120,15,11
1612314138377,32.84571928320967,-117.1973637847075,38.70307075424527,78,120,15,11
1612314138489,32.84571402558585,-117.19733206665111,38.704415746503244,78,120,15,11
1612314138587,32.84570882164505,-117.19730032649373,38.68043421640364,78,120,15,11
1612314138731,32.845703685165155,-117.19726872124467,38.66244654167779,78,120,15,11
1612314138810,32.84569862476816,-117.1972371112265,38.64887554729467,78,120,15,11
1612314138891,32.84569364329944,-117.19720553079041,38.63034502092903,78,120,15,11
1612314138994,32.8456887366317,-117.19717398267963,38.6119110670113,78,120,15,11
1612314139077,32.845683860452276,-117.19714240802762,38.6053092495006,78,120,15,11
1612314139221,32.84567903291492,-117.19711077359737,38.5837316736527,78,120,15,11
1612314139350,32.84567426924707,-117.19707932695118,38.55529501716795,78,120,15,11
1612314139431,32.845669569835,-117.1970478989197,38.53633658899099,78,120,15,11
1612314139542,32.84566491643954,-117.1970164785592,38.5230155947213,78,120,15,11
1612314139628,32.84566032889629,-117.196985103314,38.50263372665082,78,120,15,11
1612314139709,32.84565582579677,-117.1969537444506,38.48482231195738,78,120,15,11
1612314139848,32.8456513727656,-117.19692228672336,38.4650319980035,78,120,15,11
1612314139934,32.845647007109044,-117.19689102156359,38.44494779241244,78,120,15,11
1612314140044,32.845642702617724,-117.19685975096513,38.431215330148746,78,120,15,11
1612314140128,32.845638459959254,-117.1968285125807,38.40916544086958,78,120,15,11
1612314140198,32.845634283176736,-117.19679727709043,38.38733619718084,78,120,15,11
1612314140334,32.84563018409548,-117.19676604598631,38.36651813143587,78,120,15,11
1612314140423,32.845626151600214,-117.19673464346174,38.34175921485386,78,120,15,11
1612314140536,32.84562220758502,-117.1967033615478,38.31471053848803,78,120,15,11
1612314140620,32.845618333242655,-117.19667207338021,38.28018493338437,78,120,15,11
1612314140701,32.84561454818252,-117.19664076222236,38.24627795408634,78,120,15,11
1612314140854,32.845610807752806,-117.19660935444037,38.225885549957844,78,120,15,11
1612314140932,32.845607119325564,-117.1965779280204,38.19059458847485,78,120,15,11
1612314141033,32.845603471524576,-117.19654630651925,38.15353501723739,78,120,15,11
1612314141118,32.84559987934198,-117.1965147730239,38.12760881760962,78,120,15,11
1612314141259,32.84559632879816,-117.19648319040533,38.0977590008601,78,120,15,11
1612314141377,32.8455928221768,-117.19645153781617,38.07191972046097,78,120,15,11
1612314141468,32.84558937406412,-117.19641978550348,38.045471508246614,78,120,15,11
1612314141581,32.845585982551746,-117.19638800022031,38.00379351950656,78,120,15,11
1612314141672,32.84558261959287,-117.19635592152517,37.972309916507434,78,120,15,11
1612314141814,32.84557930862694,-117.1963239459933,37.93771784879995,78,120,15,11
1612314141894,32.845576045791056,-117.19629186745476,37.90502869137609,78,120,15,11
1612314141973,32.84557283788297,-117.19625972762431,37.86529478251446,78,120,15,11
1612314142084,32.845569670174626,-117.1962274863988,37.83385189205719,78,120,15,11
1612314142173,32.84556656227342,-117.1961951517428,37.79942043167046,78,120,15,11
1612314142243,32.8455634780518,-117.19616257349432,37.761229975110304,78,120,15,11
1612314142379,32.84556047286747,-117.19613007242991,37.72932349355179,78,120,15,11
1612314142469,32.84555752998931,-117.19609749101461,37.69344671071676,78,120,15,11
1612314142584,32.84555465168272,-117.19606484310702,37.65256282035196,78,120,15,11
1612314142665,32.84555182236191,-117.19603212202546,37.614052688407185,78,120,15,11
1612314142809,32.8455490375258,-117.1959992805995,37.58701514885881,78,120,15,11
1612314142890,32.845546299493066,-117.19596619398696,37.549326558766786,78,120,15,11
1612314142970,32.845543648958895,-117.19593321946009,37.50991278718738,78,120,15,11
1612314143070,32.84554105486963,-117.19590018949756,37.46814023627964,78,120,15,11
1612314143154,32.84553848680316,-117.19586713376714,37.418820164587196,78,120,15,11
1612314143310,32.84553597265377,-117.19583401380112,37.37715392195,78,120,15,11
1612314143436,32.84553352900127,-117.19580083726997,37.340982250128825,78,120,15,11
1612314143526,32.84553117688982,-117.19576741156479,37.29761968683108,78,120,15,11
1612314143640,32.845528919684256,-117.19573418315727,37.247760781726804,78,120,15,11
1612314143722,32.84552675689585,-117.19570093158598,37.195217903369276,78,120,15,11
1612314143810,32.84552465555156,-117.19566766395128,37.140392662647315,78,120,15,11
1612314143952,32.84552261711203,-117.19563437916487,37.08961351331532,78,120,15,11
1612314144033,32.845520643422184,-117.19560107582335,37.042225882078434,78,120,15,11
1612314144133,32.84551871486257,-117.19556751567602,37.002507901169615,78,120,15,11
1612314144218,32.845516856991146,-117.19553415776561,36.9619854498454,78,120,15,11
1612314144289,32.84551507281379,-117.19550085808528,36.90229106028218,78,120,15,11
1612314144437,32.84551336770356,-117.19546756369922,36.84881470741124,78,120,15,11
1612314144526,32.8455117580583,-117.19543423854827,36.80068621721144,78,120,15,11
1612314144640,32.845510200959474,-117.19540094997362,36.7460591478069,79,120,15,11
1612314144763,32.84550603481776,-117.19530106556317,36.57408625017728,78,120,15,11
1612314144857,32.845504813392424,-117.19526793914505,36.522678771082816,78,120,15,11
1612314144951,32.84550368933451,-117.19523488920983,36.47490881800203,78,120,15,11
1612314145050,32.84550264183412,-117.19520196015465,36.4130653299233,78,120,15,11
