3600047544806,32.87200640623527,-117.23392772215949,47.644578531977004,76,124,12,11
3600047544908,32.87200642134133,-117.23392770109136,47.64290450527244,76,124,12,11
3600047544989,32.87200642859127,-117.23392767129188,47.64122436275514,76,124,12,11
3600047545072,32.872006438867366,-117.23392764398842,47.63970024531198,76,124,12,11
3600047545154,32.87200645121153,-117.2339276120871,47.63836447857136,76,124,12,11
3600047545247,32.87200645929809,-117.23392758244093,47.63720451580794,76,124,12,11
3600047545446,32.87200647183693,-117.23392755634285,47.63618836744965,76,124,12,11
3600047545536,32.87200648273363,-117.2339275314389,47.6351973206912,76,124,12,11
3600047545629,32.8720064941503,-117.23392749812753,47.63406367643808,76,124,12,11
3600047545765,32.87200650135629,-117.23392747119472,47.63306401701489,76,124,12,11
3600047545853,32.87200651380668,-117.23392744224829,47.631893634730105,76,124,12,11
3600047545954,32.87200652409029,-117.23392740762192,47.6312068517326,76,124,12,11
3600047546035,32.872006532745814,-117.2339273855489,47.63016742883008,76,124,13,11
3600047546116,32.87200654517889,-117.23392735889568,47.6293597141929,76,124,13,11
3600047546200,32.87200655651715,-117.23392732455399,47.62883034652558,76,124,13,11
3600047546292,32.872006569421536,-117.23392729983716,47.627836045950986,76,124,13,11
3600047546435,32.87200657735111,-117.23392726602908,47.62710979471139,76,124,13,11
3600047546575,32.872006590961334,-117.23392723827077,47.62631699427102,76,124,13,11
3600047546668,32.872006604219145,-117.23392721154545,47.62544434740119,76,124,13,11
3600047546748,32.87200661913044,-117.23392718385612,47.62502843136172,76,124,13,11
3600047546843,32.87200662987364,-117.23392715809712,47.624061449564195,76,124,13,11
3600047546943,32.872006637701446,-117.23392712055085,47.62345125722969,76,124,13,11
3600047547026,32.87200665169687,-117.23392709154766,47.62317835251786,76,124,13,11
3600047547107,32.87200665895836,-117.23392705816327,47.622567259112046,76,124,13,11
3600047547191,32.87200667122125,-117.23392703637398,47.62220881735391,76,124,13,11
3600047547344,32.87200668464467,-117.23392700211473,47.621670006477636,76,124,13,11
3600047547478,32.87200669201998,-117.233926973377,47.62099768922359,76,124,13,11
3600047547567,32.87200670987279,-117.23392694541337,47.62064674023197,76,124,13,11
3600047547660,32.87200671426812,-117.23392691691848,47.620105649203495,76,124,13,11
3600047547795,32.872006722253204,-117.2339268863049,47.619888099038384,76,124,13,11
3600047547879,32.87200673230526,-117.23392686627861,47.61940570329104,76,124,13,11
3600047547981,32.87200673583865,-117.23392683655948,47.619157866025404,76,124,13,11
3600047548062,32.87200674319669,-117.23392680335768,47.61850972317276,76,124,13,11
3600047548150,32.8720067510389,-117.23392678674826,47.61855742713946,76,124,13,11
3600047548234,32.87200675741003,-117.23392676053167,47.61849803491859,76,124,13,11
3600047548427,32.87200679609736,-117.2339266717458,47.61797899491074,76,124,13,11
3600047548527,32.872006803698575,-117.23392664334065,47.618032650828695,76,124,13,11
3600047548628,32.872006811453566,-117.23392661919507,47.61786205604035,76,124,13,11
3600047548736,32.87200681364938,-117.2339265958535,47.61805689370163,76,124,13,11
3600047548824,32.87200682734799,-117.23392657343115,47.61745629022557,76,124,13,11
3600047548925,32.87200683418013,-117.23392654941522,47.617474305718765,76,124,13,11
3600047549025,32.87200683793631,-117.233926526259,47.61756058843255,76,124,13,11
3600047549128,32.872006846868935,-117.23392650444896,47.61716400003261,76,124,13,11
3600047549256,32.87200684696622,-117.23392647775269,47.617083931301615,76,124,13,11
3600047549420,32.87200685267856,-117.23392645213774,47.617045501538925,76,124,13,11
3600047549498,32.87200685301927,-117.23392643079673,47.61658100927597,76,124,13,11
3600047549651,32.872006857656,-117.23392640980558,47.616543485794104,76,124,13,11
3600047549731,32.872006863655905,-117.23392638681457,47.61646190020867,76,124,13,11
3600047549841,32.87200686659702,-117.23392635017875,47.61687817661665,76,124,13,11
3600047549924,32.87200687093975,-117.23392633895654,47.61662370894989,76,124,13,11
3600047550005,32.87200686969596,-117.2339263073684,47.616658405519495,76,124,13,11
3600047550087,32.87200687432462,-117.23392628420237,47.61690803361981,76,124,13,11
3600047550170,32.872006876128054,-117.23392625571925,47.6169459606649,76,124,13,11
3600047550365,32.87200688393252,-117.23392623485728,47.61661924876437,76,124,13,11
3600047550455,32.872006880303715,-117.23392621292136,47.6157837579997,76,124,13,11
3600047550542,32.872006878239475,-117.23392619200534,47.615190089597505,76,124,13,11
3600047550693,32.872006876683535,-117.23392616698881,47.61432664833058,76,124,13,11
3600047550779,32.87200687789996,-117.23392615069628,47.61343744740152,76,124,13,11
3600047550899,32.87200687804204,-117.23392612532031,47.612717258773614,76,124,13,11
3600047550982,32.87200687743369,-117.23392610679828,47.61192145012112,76,124,13,11
3600047551063,32.87200687838576,-117.23392608375984,47.61144964543633,76,124,13,11
3600047551156,32.87200688247124,-117.23392605643794,47.610269822443584,76,124,13,11
3600047551227,32.872006882177,-117.23392603613328,47.61009037362087,76,124,13,11
3600047551450,32.87200687842778,-117.2339260162645,47.609867002871106,76,124,13,11
3600047551531,32.872006880286705,-117.23392599313111,47.6096781642102,76,124,13,11
3600047551616,32.87200687986437,-117.2339259741294,47.609736172619854,76,124,13,11
3600047551750,32.87200687843646,-117.23392594925244,47.60986406346026,76,124,13,11
3600047551849,32.872006878807845,-117.23392592481827,47.610600204154686,76,124,13,11
3600047551951,32.8720068783136,-117.23392590194264,47.61079182158368,76,124,13,11
3600047552032,32.87200687377232,-117.23392587677115,47.61178053791464,76,124,13,11
3600047552117,32.87200688339114,-117.23392586360814,47.61230183104716,76,124,13,11
3600047552208,32.87200687848459,-117.23392583739374,47.61363444544388,76,124,13,11
3600047552290,32.872006882627346,-117.23392581354695,47.61460136962173,76,124,13,11
3600047552488,32.87200687980781,-117.23392579042505,47.61598190692873,76,124,13,11
3600047552593,32.87200688815464,-117.23392576978846,47.61714930871062,76,124,13,11
3600047552678,32.87200688706051,-117.23392574634818,47.6185855948897,76,124,13,11
3600047552757,32.872006887012645,-117.23392572794485,47.6199256435563,76,124,13,11
3600047552853,32.872006887219904,-117.2339257038038,47.621705191259,76,124,13,11
3600047552956,32.87200688508684,-117.23392567691474,47.6238505679899,76,124,13,11
3600047553039,32.87200688712782,-117.23392565266712,47.62565169089693,76,124,13,11
3600047553119,32.87200688277466,-117.23392562820332,47.62797074462234,76,124,13,11
3600047553223,32.87200688524616,-117.23392560607195,47.63088529321447,76,124,13,11
3600047553305,32.87200689082016,-117.23392557970712,47.6333911421817,76,124,13,11
3600047553433,32.87200689227582,-117.23392555944693,47.63632089070273,76,124,13,11
3600047553514,32.872006888763885,-117.23392553381201,47.639171381111744,76,124,12,11
3600047553624,32.87200689740884,-117.23392546342586,47.64921229878486,76,124,12,11
3600047553727,32.872006889324695,-117.2339254423757,47.652837156562654,76,124,12,11
3600047553823,32.87200689832514,-117.23392541960932,47.65630547122385,76,124,12,11
3600047553918,32.872006894605626,-117.23392539542382,47.660232385732435,76,124,12,11
3600047554022,32.872006904496615,-117.23392536971633,47.66458537749578,76,124,12,11
3600047554126,32.87200690370197,-117.23392534916962,47.66872287955672,76,124,12,11
3600047554265,32.87200689859818,-117.23392532729122,47.67318802378213,76,124,12,11
3600047554345,32.87200690222557,-117.23392530411536,47.67773001677735,76,124,12,11
3600047554490,32.872006904330064,-117.2339252787384,47.68241239661885,76,124,12,11
3600047554571,32.872006903616494,-117.23392524999574,47.68726809233837,77,124,12,11
3600047554680,32.87200690823915,-117.23392523147979,47.69231185284687,76,124,12,11
3600047554782,32.87200691250121,-117.23392520934435,47.6977194282303,76,124,12,11
3600047554863,32.872006918123404,-117.23392518837763,47.70308687020215,76,124,12,11
