1618180208248,32.82394328455683,-117.23129570891942,-2.8765636529349607,61,121,10,11
1618180208368,32.82392051926255,-117.23127677628005,-2.8237514039695837,61,120,10,11
1618180208541,32.8238524759949,-117.23121973095984,-2.639166665409382,59,119,10,11
1618180208653,32.82382975852445,-117.23120050645784,-2.5907636999385217,58,118,10,11
1618180208812,32.8238072549618,-117.23118136405122,-2.55409359921526,57,117,10,11
1618180208927,32.82378484464831,-117.23116220852118,-2.522307970015623,56,116,10,11
1618180209039,32.82376249976807,-117.23114298719445,-2.4958529355450074,55,115,10,11
1618180209154,32.82374017606748,-117.23112370384823,-2.4725691865884545,54,114,10,11
1618180209300,32.823717960585775,-117.23110443151779,-2.4478274030081475,53,113,10,11
1618180209413,32.823695628808274,-117.2310849804327,-2.4236257279243336,52,111,10,11
1618180209538,32.82362962364872,-117.2310266317737,-2.330473730333717,50,109,10,11
1618180209658,32.823607785123436,-117.23100704854694,-2.297868822611916,51,110,10,11
1618180209774,32.82358600866383,-117.2309874109458,-2.2663447729778645,51,110,10,11
1618180209892,32.8235640913098,-117.23096752516601,-2.2324166384801662,51,110,10,11
1618180210007,32.823542429292985,-117.23094776583804,-2.2113716227798204,51,110,10,11
1618180210115,32.82352081707439,-117.2309279311117,-2.1925579001679094,50,109,10,11
1618180210259,32.823499284055806,-117.23090799052353,-2.1754213172385,51,110,10,11
1618180210372,32.823477803337184,-117.23088795772766,-2.159490739879867,51,110,10,11
1618180210539,32.82341348552089,-117.2308271461243,-2.111451889159461,49,107,10,11
1618180210697,32.82339224195651,-117.23080675660293,-2.1020018673222696,48,106,10,11
1618180210813,32.823371041197845,-117.23078628713115,-2.099284230077571,47,105,10,11
1618180210926,32.823349884598464,-117.23076577529123,-2.0930437666754464,47,105,10,11
1618180211038,32.82332874803923,-117.23074513501679,-2.084011950243551,47,104,10,11
1618180211157,32.82330764267211,-117.23072445615225,-2.0790960975385526,46,103,10,11
1618180211300,32.82328657508579,-117.23070374417654,-2.074745557455064,46,102,10,11
1618180211540,32.82320261809936,-117.23062014142657,-2.064106950243021,44,98,10,11
1618180211653,32.82318169608513,-117.23059913243195,-2.0750256512708294,43,97,10,11
1618180211809,32.82316081504397,-117.23057804278882,-2.083057484581064,43,97,10,11
1618180211926,32.823139936445244,-117.23055687978331,-2.087620840865245,42,96,10,11
1618180212040,32.823119085977986,-117.23053567429707,-2.090506082670285,42,96,10,11
1618180212149,32.82309826731856,-117.23051440507115,-2.093383179072875,42,96,10,11
1618180212295,32.823077466912935,-117.23049310665962,-2.09644019288823,42,95,10,11
1618180212510,32.822994266092024,-117.23040763854965,-2.1145924552793725,42,94,10,11
1618180212655,32.822973494096686,-117.23038616329518,-2.124862795129834,42,94,10,11
1618180212812,32.822952709879154,-117.23036470951219,-2.1402604415996334,42,94,10,11
1618180212926,32.822931914121625,-117.23034319015905,-2.1509652939480857,42,94,10,11
1618180213047,32.822911079907485,-117.23032166432934,-2.170041856958486,42,94,10,11
1618180213156,32.82289027450875,-117.23030013998805,-2.191081725686038,42,94,10,11
1618180213301,32.822869434052585,-117.23027860629725,-2.2079631727036175,42,93,10,11
1618180213413,32.822848587904964,-117.23025702636264,-2.2217228416662445,42,93,10,11
1618180213638,32.82276501905896,-117.2301703822714,-2.2935174982296034,43,93,10,11
1618180213755,32.822744117551075,-117.23014876694843,-2.342730339741201,43,93,10,11
1618180213879,32.82272311604027,-117.23012718298372,-2.377406794658873,43,93,10,11
1618180213993,32.8227020459718,-117.23010562748232,-2.3969526429458514,43,93,10,11
1618180214101,32.82268097353498,-117.23008402094779,-2.421276727600363,43,93,10,11
1618180214248,32.822659944842194,-117.2300623466105,-2.448075092318356,43,94,10,11
1618180214360,32.82263892378989,-117.2300406547576,-2.4723948964032685,44,94,10,11
1618180214543,32.82257581823344,-117.22997548621319,-2.5004824584028604,44,95,10,11
1618180214698,32.822554738013714,-117.22995375358333,-2.511238076885466,45,96,9,11
1618180214826,32.82253366912205,-117.2299320060371,-2.528477667445868,45,95,9,11
1618180214939,32.82251266212319,-117.22991020828617,-2.5476213539287453,45,96,9,11
1618180215064,32.82249157082575,-117.22988853966172,-2.5783541534523526,45,96,9,11
1618180215173,32.82247056564145,-117.22986668872201,-2.5971937741453965,45,97,9,11
1618180215327,32.82244949686597,-117.22984488041293,-2.623301545378293,45,96,9,11
1618180215504,32.82236523129695,-117.22975779719002,-2.6927051717131008,44,95,10,11
1618180215693,32.82234409361251,-117.22973610111816,-2.7092699304118426,43,94,10,11
1618180215807,32.822322877519206,-117.22971435846704,-2.73256035229363,43,94,10,11
1618180215928,32.82230173660101,-117.22969267853881,-2.76395024543466,43,93,10,11
1618180216042,32.822280570161304,-117.22967097916057,-2.7918198604918434,43,94,10,11
1618180216151,32.82225940912347,-117.22964931538337,-2.824765391306549,43,93,10,11
1618180216298,32.822238209780075,-117.22962765189092,-2.8527236071082025,44,94,10,11
1618180216641,32.82215329517262,-117.22954078710087,-2.9987602689709907,43,93,9,11
1618180216753,32.822132042795026,-117.22951912569854,-3.0401345440319463,43,93,9,11
1618180216866,32.82211076007675,-117.22949747252645,-3.081091131551382,43,93,9,11
1618180216982,32.822089466015015,-117.22947582925431,-3.128550564587372,43,93,9,11
1618180217107,32.82206805859593,-117.2294540655904,-3.182283892384903,43,93,9,11
1618180217350,32.821982803475905,-117.22936740512053,-3.364498788569197,43,94,9,11
1618180217470,32.82196150958401,-117.22934565688685,-3.4051708284167654,43,94,9,11
1618180217683,32.821940136967484,-117.22932373411149,-3.4448481985786894,43,94,9,11
1618180217795,32.82191885566158,-117.22930190811192,-3.487077966398183,43,94,9,11
1618180217912,32.82189761201526,-117.22928008487301,-3.5320089251350657,42,93,9,11
1618180218037,32.82187635978539,-117.2292582008085,-3.5721970236073464,41,91,9,11
1618180218236,32.82179119964753,-117.2291704327801,-3.7549487474842316,39,87,9,11
1618180218405,32.82176994549325,-117.22914850348317,-3.800608798158901,38,86,9,11
