3600049008458,32.567887751296944,-117.04276005391388,42.871274519588134,77,121,15,11
3600049008574,32.56788756189147,-117.04273986122956,42.93186887118036,77,121,15,11
3600049008676,32.56788738044071,-117.04271967194015,42.99679886171901,77,121,15,11
3600049008765,32.567887193862425,-117.04269950994798,43.063015605947186,77,121,15,11
3600049008851,32.56788700447963,-117.04267940726501,43.122726596542236,77,121,15,11
3600049008951,32.56788680229865,-117.04265933466262,43.18489044947263,77,121,15,11
3600049009054,32.56788658915817,-117.04263929583186,43.24844608060009,77,121,15,11
3600049009170,32.56788639374376,-117.04261930128186,43.31120125533123,77,121,15,11
3600049009317,32.56788620238023,-117.04259934489725,43.374266259535396,77,121,15,11
3600049009473,32.56788602303441,-117.04257942451592,43.4365539086152,77,121,15,11
3600049009555,32.56788583409002,-117.04255953145181,43.49863682487577,77,121,15,11
3600049009639,32.5678856559227,-117.04253968858134,43.556340332187446,77,121,15,11
3600049009741,32.567885471471456,-117.0425198556094,43.618568049368584,77,121,15,11
3600049009887,32.5678853010746,-117.04250006509396,43.67971394631015,77,121,15,11
3600049009968,32.567885124378684,-117.04248030535369,43.73575571607106,77,121,15,11
3600049010061,32.56788496220387,-117.04246058385448,43.79465526405384,77,121,15,11
3600049010142,32.56788476211293,-117.04244087135949,43.85361113755527,77,121,15,11
3600049010244,32.56788455805204,-117.04242117956763,43.91259096104995,77,121,15,11
3600049010389,32.56788436873063,-117.04240152901316,43.97167058172069,77,121,15,11
3600049010534,32.567884159949585,-117.04238189784914,44.03003219618778,77,121,15,11
3600049010625,32.56788394323124,-117.04236228646798,44.09147235389378,77,121,15,11
3600049010706,32.56788371050049,-117.04234270559,44.1473542351529,77,121,15,11
3600049010809,32.567883477710275,-117.04232313842857,44.20536311972151,77,121,15,11
3600049010893,32.56788324263481,-117.04230357116943,44.26558859982748,77,121,15,11
3600049010974,32.56788299105563,-117.0422840053388,44.32233351415671,77,121,15,11
3600049011075,32.56788273961077,-117.04226442424849,44.380404080950356,77,121,15,11
3600049011154,32.56788246291117,-117.04224483103195,44.4383855542449,78,121,15,11
3600049011256,32.56788215787053,-117.04222522786117,44.49278084931882,77,121,15,11
3600049011389,32.56788181832038,-117.04220560462211,44.547703496868095,77,121,15,11
3600049011544,32.567881447067386,-117.04218596516614,44.602569361320874,77,121,15,11
3600049011625,32.56788105095239,-117.04216630458683,44.66273019117067,78,121,15,11
3600049011705,32.56788063837349,-117.04214663794819,44.71851859204909,78,121,15,11
3600049011814,32.567880171220075,-117.04212694213483,44.77156550820626,78,121,15,11
3600049011952,32.56787965524258,-117.0421072208463,44.82414589249737,78,121,15,11
3600049012033,32.56787908730731,-117.04208748250483,44.87472479594175,78,121,15,11
3600049012124,32.56787848088078,-117.04206771368439,44.927151062507164,78,121,15,11
3600049012205,32.56787784959686,-117.04204790826525,44.980644672159215,78,121,15,11
3600049012320,32.56787721748384,-117.04202808552125,45.031625582278565,78,121,15,11
3600049012511,32.56787656221167,-117.0420082213219,45.0823505393517,78,121,15,11
3600049012604,32.56787591072756,-117.04198835065037,45.12882220606763,78,121,15,11
3600049012683,32.56787522720076,-117.04196843192268,45.1763750038901,79,121,15,11
3600049012766,32.56787453931401,-117.04194849932738,45.2201759344954,79,121,15,11
3600049012872,32.56787383126145,-117.04192853776591,45.264168240767695,79,121,15,11
3600049012959,32.567873105594046,-117.04190853340752,45.31241061452613,79,121,15,11
3600049013043,32.567872378058645,-117.04188850364059,45.35767082761925,79,121,15,11
3600049013133,32.56787162865268,-117.04186844157293,45.40233233694719,79,121,15,11
3600049013214,32.56787087177508,-117.0418483471735,45.446277938850045,79,121,15,11
3600049013383,32.56787010482886,-117.04182824178426,45.4857834415881,79,121,15,11
3600049013522,32.567869341933886,-117.04180811201644,45.52636888996496,80,121,15,11
3600049013620,32.56786855604335,-117.04178794890393,45.56693531735805,80,121,15,11
3600049013763,32.56786529299819,-117.04170696559625,45.750405814818016,80,121,15,11
3600049013847,32.567864468416886,-117.0416866587789,45.79453845276675,80,121,15,11
3600049013948,32.56786363815848,-117.04166632645216,45.838870651858876,80,121,15,11
3600049014040,32.56786279640483,-117.04164594014605,45.89014985639308,81,121,15,11
3600049014152,32.56786196292506,-117.04162552790446,45.93881491342201,81,121,15,11
3600049014361,32.56786112834076,-117.0416050889685,45.98443415853011,81,121,15,11
3600049014451,32.567860275471,-117.04158462164817,46.0247707066647,81,121,15,11
3600049014532,32.567859447262265,-117.04156414268817,46.06497467315894,81,121,15,11
3600049014690,32.567858605281394,-117.04154363013288,46.10451508994416,81,121,15,11
3600049014792,32.56785777153063,-117.04152307550176,46.1471967692308,81,121,15,11
3600049014874,32.56785692432116,-117.04150247311198,46.191211154282854,81,121,15,11
3600049014958,32.56785610510872,-117.04148185681642,46.22987776250928,81,121,15,11
3600049015051,32.56785529053035,-117.0414612187815,46.26855131809678,81,121,15,11
3600049015131,32.567854481559536,-117.04144054584292,46.308560252829494,81,121,15,11
3600049015231,32.56785366621557,-117.04141983642981,46.35139728870994,81,121,15,11
3600049015431,32.567852850492486,-117.04139910974622,46.394713639868826,81,121,15,11
3600049015521,32.56785202087852,-117.04137833285306,46.44062050000058,81,121,15,11
3600049015602,32.56785118680094,-117.04135754046264,46.48096970705437,81,121,15,11
3600049015694,32.567850351163905,-117.04133675553287,46.51468013287831,81,121,15,11
3600049015797,32.56784953548492,-117.04131593221885,46.56030702311726,81,121,15,11
3600049015946,32.56784872996851,-117.04129506271059,46.61520745414183,81,121,15,11
3600049016028,32.56784791640755,-117.04127413465446,46.67372178913363,81,121,15,11
3600049016120,32.56784706514659,-117.04125320318751,46.714911669015706,80,121,15,11
3600049016199,32.56784619066117,-117.04123220721445,46.75037361323891,80,121,15,11
3600049016301,32.56784531517897,-117.04121122506808,46.75936918963257,80,121,15,11
3600049016448,32.56784440580741,-117.04119028446807,46.74942933787347,80,121,15,11
3600049016531,32.56784349161527,-117.04116930295153,46.75610030335014,80,121,15,11
3600049016674,32.567842574785026,-117.04114825148507,46.785530803860055,80,121,15,11
3600049016759,32.56784167695561,-117.04112719088249,46.81331788303595,80,121,15,11
3600049016859,32.56784077550013,-117.04110611853044,46.83984650005583,80,121,15,11
3600049016942,32.56783982658909,-117.04108508268645,46.85937070281034,80,121,15,11
3600049017024,32.56783886820548,-117.0410640331921,46.883277266034646,80,121,15,11
3600049017115,32.567837907067165,-117.04104295698707,46.920142311337784,80,121,15,11
3600049017204,32.56783694019067,-117.04102191553272,46.94622131712166,80,121,15,11
3600049017304,32.56783598003692,-117.04100089317612,46.96894254096793,80,121,15,11
3600049017448,32.567835023015874,-117.04097987681232,46.993080524056516,80,121,15,11
3600049017606,32.56783405822698,-117.04095889122297,47.0123652396942,80,121,15,11
3600049017690,32.56783310810661,-117.04093790383216,47.03742594051267,80,121,15,11
3600049017768,32.5678321568751,-117.04091693150443,47.05924823049853,80,121,15,11
3600049017874,32.56783120644316,-117.040895992839,47.075324193630244,80,121,15,11
3600049018014,32.56783026547974,-117.04087505532887,47.092756815816415,80,121,15,11
3600049018085,32.56782932272386,-117.04085414647972,47.108532172076366,80,121,15,11
3600049018178,32.56782838979216,-117.04083324810088,47.12620144307225,80,121,15,11
3600049018348,32.56782469337806,-117.04074984148652,47.17718256033247,79,121,15,11
3600049018447,32.56782378057858,-117.04072904867718,47.188705236597144,79,121,15,11
3600049018540,32.567822882918186,-117.04070829760333,47.19473881829644,79,121,15,11
