1611882629595,32.80714186553557,-117.21924494505366,-25.7002119260485,77,121,15,11
1611882629705,32.80714186349505,-117.21924495021236,-25.70242620835045,77,121,15,11
1611882629858,32.807141862606265,-117.21924494596617,-25.704244438461988,77,121,15,11
1611882629940,32.80714185788463,-117.2192449447601,-25.706157752627544,77,121,15,11
1611882630025,32.80714185790553,-117.21924494940279,-25.7078240019918,77,121,15,11
1611882630106,32.8071418544175,-117.21924495024516,-25.709840599701405,77,121,15,11
1611882630196,32.80714185456391,-117.21924494895258,-25.71180699255306,77,121,15,11
1611882630290,32.80714185367557,-117.21924494628615,-25.713663836919192,77,121,15,11
1611882630435,32.80714185073625,-117.21924494645587,-25.715272877486083,77,121,15,11
1611882630527,32.8071418520089,-117.21924494301912,-25.717091569461058,77,120,15,11
1611882630607,32.80714184954893,-117.21924494146135,-25.71858805786938,77,120,15,11
1611882630845,32.80714185095607,-117.2192449366303,-25.720581533765625,77,120,15,11
1611882630994,32.807141849616656,-117.2192449303961,-25.72221716773509,77,121,15,11
1611882631132,32.80714184260935,-117.2192449302704,-25.72386902786472,77,121,15,11
1611882631211,32.8071418462068,-117.21924492882268,-25.72569553180438,77,121,15,11
1611882631285,32.80714184291437,-117.21924492417209,-25.727318859059483,77,120,15,11
1611882631387,32.80714183856525,-117.21924492561334,-25.729109743624132,77,120,15,11
1611882631478,32.80714184046099,-117.2192449258012,-25.730872379636104,77,120,15,11
1611882631619,32.80714184178184,-117.21924492169508,-25.732484814107508,77,120,15,11
1611882631711,32.807141841406704,-117.21924492326424,-25.734340373080975,77,120,15,11
1611882631793,32.807141839752454,-117.21924491918564,-25.73652924817394,77,121,15,11
1611882631895,32.80714183440197,-117.21924491676232,-25.73818416136281,77,120,15,11
1611882631995,32.80714183901216,-117.21924492050412,-25.73980442830483,77,120,15,11
1611882632078,32.807141837093475,-117.21924491747417,-25.74151439268858,77,120,15,11
1611882632218,32.807141843804246,-117.21924491369649,-25.743505778911892,77,120,15,11
1611882632304,32.80714184184582,-117.21924491038118,-25.745585513389216,77,120,15,11
1611882632407,32.8071418324848,-117.21924491179261,-25.746794740679903,77,120,15,11
1611882632489,32.80714184314944,-117.21924491142525,-25.74863582744686,77,120,15,11
1611882632640,32.807141841629395,-117.21924490625952,-25.750471366470485,77,120,15,11
1611882632721,32.80714184734228,-117.21924490593757,-25.752201488215952,77,120,15,11
1611882632802,32.807141843049195,-117.2192449080944,-25.753446877320055,77,120,15,11
1611882632987,32.80714184383061,-117.21924490480862,-25.759650677539828,77,120,15,11
1611882633070,32.807141851028284,-117.21924490762291,-25.761513715396845,77,120,15,11
1611882633192,32.807141849833904,-117.21924490570986,-25.76307989133899,77,120,15,11
1611882633290,32.80714184986591,-117.21924490328088,-25.764889202085005,77,120,15,11
1611882633422,32.80714185314581,-117.21924490267101,-25.766286248798924,77,120,15,11
1611882633521,32.8071418559022,-117.2192448973548,-25.768141780217995,77,120,15,11
1611882633602,32.80714185984835,-117.21924490275663,-25.769633506936355,77,120,15,11
1611882633706,32.80714185888498,-117.21924489705435,-25.771459770529425,77,120,15,11
1611882633866,32.8071418606807,-117.21924489907589,-25.773278687597426,77,120,15,11
1611882633948,32.8071418672881,-117.2192448948186,-25.775079232058467,77,120,15,11
1611882634030,32.80714186590631,-117.21924488771025,-25.776873931380024,77,120,15,11
1611882634109,32.80714186734721,-117.21924488871466,-25.778687740455865,77,120,15,11
1611882634218,32.807141870270875,-117.21924489131251,-25.780273731532116,77,120,15,11
1611882634303,32.807141871886756,-117.21924489257407,-25.781899698012925,77,120,15,11
1611882634433,32.807141876549004,-117.21924489123523,-25.783517135980873,77,120,15,11
1611882634525,32.80714187586012,-117.21924488714441,-25.785488518320786,77,120,15,11
1611882634615,32.80714187977287,-117.21924488715594,-25.786946939698407,77,120,15,11
1611882634717,32.8071418788968,-117.21924488839171,-25.788363757367247,77,120,15,11
1611882634871,32.80714188709435,-117.2192448900236,-25.790014594764344,77,120,15,11
1611882635011,32.80714188957073,-117.21924488633059,-25.791452174495596,77,120,15,11
1611882635090,32.8071418930687,-117.21924489227683,-25.79296763430976,77,120,15,11
1611882635161,32.807141891828,-117.21924489045159,-25.794356227554285,77,120,15,11
1611882635261,32.80714189668018,-117.21924489712802,-25.795694891953538,77,120,15,11
1611882635355,32.80714189661799,-117.2192448911033,-25.79683143592144,77,120,15,11
1611882635485,32.80714189979222,-117.219244897053,-25.798110550311705,77,120,15,11
1611882635578,32.80714190419666,-117.21924489324415,-25.799511199892127,77,120,15,11
1611882635674,32.80714190309991,-117.21924489890813,-25.800764179226547,77,120,15,11
1611882635779,32.80714191089019,-117.21924490421111,-25.80157286210823,77,120,15,11
1611882635863,32.807141913927985,-117.21924490270679,-25.80286277911254,77,120,15,11
1611882636012,32.80714191153537,-117.21924489959503,-25.803961606078616,77,120,15,11
1611882636101,32.80714190983045,-117.2192449020321,-25.80492310749775,77,120,15,11
1611882636180,32.8071419184951,-117.21924491091819,-25.806423734230922,77,120,15,11
1611882636270,32.80714192053023,-117.21924491491778,-25.807632118398356,77,120,15,11
1611882636364,32.807141924390784,-117.21924491560218,-25.80884790063655,77,120,15,11
1611882636517,32.80714192630864,-117.21924491994152,-25.81014076118294,77,120,15,11
1611882636587,32.8071419273645,-117.21924492036858,-25.81129519077027,77,120,15,11
1611882636677,32.807141935475705,-117.2192449229676,-25.812702943579765,77,120,15,11
1611882636770,32.80714193213826,-117.21924492662224,-25.814142589490995,77,120,15,11
1611882636923,32.80714193708964,-117.21924493038173,-25.815468516059994,77,120,15,11
1611882637077,32.807141945076,-117.21924493290106,-25.817085814806074,77,120,15,11
1611882637158,32.80714194716745,-117.21924493329026,-25.818614741799003,77,120,15,11
1611882637237,32.80714194857926,-117.21924493171808,-25.81996595756075,77,120,15,11
1611882637328,32.80714195309747,-117.2192449319958,-25.82161094797458,77,120,15,11
1611882637421,32.807141954049186,-117.21924493333405,-25.82256670011208,77,120,15,11
1611882637564,32.8071419582461,-117.21924493186046,-25.823930469266134,77,120,15,11
1611882637655,32.80714195751157,-117.21924493114814,-25.825081507737316,77,120,15,11
1611882637736,32.8071419583897,-117.21924492570713,-25.82621131711332,77,120,15,11
1611882637838,32.80714195448562,-117.21924492497739,-25.827141782410123,77,120,15,11
1611882637992,32.80714196184101,-117.21924491906647,-25.828267820033123,77,120,15,11
1611882638085,32.80714196258359,-117.21924491757736,-25.829424975827624,77,120,15,11
1611882638166,32.80714196129261,-117.21924491901491,-25.830284247599035,77,120,15,11
1611882638248,32.80714196641643,-117.21924491145914,-25.83142374275762,77,120,15,11
1611882638339,32.80714196525147,-117.21924491215705,-25.832497941333088,77,120,15,11
1611882638431,32.807141965681716,-117.21924490464993,-25.833468158726554,77,120,15,11
1611882638567,32.807141968009574,-117.21924490211688,-25.834467576324883,77,120,15,11
1611882638716,32.807141967585906,-117.21924489749999,-25.83541047688748,77,120,15,11
1611882638797,32.80714196682458,-117.21924489711967,-25.836084728508432,77,120,15,11
1611882638989,32.807141971954856,-117.21924487621422,-25.839470342077433,77,120,15,11
1611882639074,32.80714196934986,-117.2192448668083,-25.840386049632983,77,120,15,11
1611882639260,32.80714197143081,-117.21924485483285,-25.841141249343323,77,120,15,11
1611882639354,32.807141970189846,-117.21924485169046,-25.84190153191037,77,120,15,11
1611882639489,32.80714197250382,-117.21924484509786,-25.84309851372749,77,120,15,11
1611882639590,32.80714197691369,-117.21924483596933,-25.843875582730707,77,120,15,11
1611882639671,32.80714198011409,-117.21924483817328,-25.844675713216326,77,120,15,11
