1620507183285,32.85255465187716,-117.04520344090051,134.31868057646008,20,33,11,11
1620507183410,32.85255956915762,-117.04523630372357,134.4987849093202,21,34,11,11
1620507183553,32.85256449144083,-117.04526914895557,134.67191013235677,21,34,11,11
1620507183687,32.85256942990992,-117.04530195201954,134.83787006775518,22,35,11,11
1620507183799,32.85257437191799,-117.04533472307114,135.00476158077052,22,35,11,11
1620507184038,32.85259419406867,-117.04546563528997,135.7072243872857,24,37,11,11
1620507184151,32.85259917660151,-117.04549828318481,135.87392239374344,24,38,11,11
1620507184248,32.85260418425425,-117.0455309085758,136.03503695696105,25,38,11,11
1620507184404,32.85260920230032,-117.04556351762582,136.1976091748325,25,39,11,11
1620507184514,32.85261420176342,-117.04559609486815,136.35570729852424,25,39,11,11
1620507184648,32.85261920126855,-117.04562865653752,136.51457287321125,25,39,11,11
1620507184772,32.85262418730882,-117.04566130277581,136.67603800036818,25,39,11,11
1620507185036,32.85264393054263,-117.04579139182022,137.27536632787172,26,40,11,11
1620507185149,32.852648792790525,-117.0458239118886,137.42453205407404,26,41,11,11
1620507185232,32.8526536853486,-117.04585658350842,137.57357399165994,26,41,11,11
1620507185352,32.85265853537497,-117.04588907930113,137.72636157852972,26,41,11,11
1620507185519,32.85266336655689,-117.04592158347326,137.87856188576055,26,41,11,11
1620507185631,32.85266824616002,-117.04595408498224,138.0250687076073,26,42,11,11
1620507185756,32.85267314801486,-117.04598656978825,138.17228220361787,27,42,11,11
1620507186037,32.852692830111906,-117.04611680732168,138.7810786247535,28,44,11,11
1620507186161,32.85269775161956,-117.04614933482395,138.93835797592214,28,44,11,11
1620507186242,32.852702673428944,-117.04618187887124,139.09419408853623,28,45,11,11
1620507186364,32.85270761955244,-117.0462144426219,139.24333758578243,28,45,11,11
1620507186529,32.85271256515716,-117.0462470195848,139.39623443438686,28,45,11,11
1620507186641,32.85271749765744,-117.04627962887251,139.5477207587967,29,45,11,11
1620507186752,32.85272241381012,-117.04631225720405,139.69647384779367,29,46,11,11
1620507187055,32.852742357832774,-117.0464429434637,140.28422179941958,29,46,11,11
1620507187171,32.85274739720107,-117.04647565228424,140.41932385348468,29,46,11,11
1620507187257,32.85275245617643,-117.0465083924145,140.5574018736467,29,46,11,11
1620507187380,32.85275753133611,-117.04654114835311,140.69428654997253,29,47,11,11
1620507187545,32.852762627771554,-117.04657394038405,140.8343170667436,29,47,11,11
1620507187664,32.852767756370795,-117.04660676994735,140.97253297309663,29,47,11,11
1620507187777,32.852772883243915,-117.04663962507287,141.10977020004302,29,47,11,11
1620507188036,32.852793610940914,-117.04677125960548,141.66047766001023,29,48,11,11
1620507188162,32.85279882980016,-117.04680424740225,141.76891579051022,28,46,11,11
1620507188243,32.85280409496724,-117.04683726246897,141.8811781419682,27,45,11,11
1620507188367,32.85280938236471,-117.04687028761671,141.995711418177,26,45,11,11
1620507188534,32.85281466634538,-117.04690336097121,142.11083856803762,25,44,11,11
1620507188645,32.85281998188252,-117.04693646866404,142.2259619055125,25,43,11,11
1620507188757,32.85282528949294,-117.0469695973887,142.3477178655984,24,42,11,11
1620507189078,32.85284675617353,-117.04710245580658,142.83558378987397,24,41,11,11
1620507189222,32.852852174640056,-117.0471357201532,142.96164761651607,24,41,11,11
1620507189313,32.852857602755726,-117.04716902083169,143.0897878308107,24,41,11,11
1620507189442,32.852863067667414,-117.04720250661875,143.2156760205432,24,41,11,11
1620507189607,32.8528684980818,-117.04723586415186,143.33959931434498,25,41,11,11
1620507189835,32.85289012809683,-117.0473695892987,143.86835676485208,26,43,11,11
1620507189969,32.85289552582271,-117.04740333848646,143.99832882172353,26,43,11,11
1620507190086,32.852900828642824,-117.04743686909971,144.1287197563667,27,43,11,11
1620507190242,32.852906074485006,-117.04747041527492,144.27013565964717,27,43,11,11
1620507190324,32.85291129889945,-117.04750400170494,144.41434233181064,26,43,11,11
1620507190478,32.852916518863225,-117.04753759262978,144.55712041654442,26,42,11,11
1620507190630,32.85292175520537,-117.0475712293297,144.6980727267153,26,42,11,11
1620507190828,32.85294254884156,-117.04770584860904,145.29565459876005,26,42,11,11
1620507191008,32.852947728250015,-117.04773952574521,145.44169302305065,26,42,11,11
1620507191182,32.85295288909895,-117.04777319315393,145.5897938787752,26,42,11,11
1620507191298,32.85295804471386,-117.04780685122505,145.74411027919692,25,41,11,11
1620507191379,32.8529632190876,-117.04784050261341,145.90065881626018,24,41,11,11
1620507191502,32.85296845314718,-117.04787416063425,146.05071579805892,24,40,11,11
1620507191771,32.852989327735024,-117.04800880389674,146.65702419090243,23,38,11,11
1620507191894,32.85299455526223,-117.04804245756354,146.80184667494316,22,38,11,11
1620507192074,32.852999774499494,-117.04807611552471,146.9531216946849,21,37,11,11
1620507192191,32.85300501728595,-117.04810974963335,147.09956308203985,21,36,11,11
1620507192311,32.85301027528464,-117.0481433958638,147.24931138813315,21,36,11,11
1620507192394,32.853015536507044,-117.04817704392953,147.40082951393,21,36,11,11
1620507192514,32.853020765164196,-117.0482106848228,147.54744420746235,21,35,11,11
1620507192777,32.8530417074796,-117.0483452253028,148.1591586524526,21,36,11,11
1620507192889,32.853046978319774,-117.04837893648343,148.30872729701537,22,36,11,11
1620507193029,32.853052231426005,-117.04841258334721,148.45745469238548,22,36,11,11
1620507193267,32.85305748670842,-117.04844621543363,148.61398084068614,21,36,11,11
1620507193456,32.8530786575711,-117.04858096484641,149.22189552692376,21,35,11,11
