1616533422645,32.820772157690534,-117.25844416420058,112.49654793093043,38,56,12,11
1616533422883,32.82082880805247,-117.25843280072407,112.86215147815622,37,56,12,11
1616533422974,32.82084308503879,-117.25842973775234,112.95856019944267,37,56,12,11
1616533423128,32.82085739153606,-117.2584265459093,113.05465372862268,37,56,13,11
1616533423207,32.820871742913425,-117.258423286592,113.15139700370331,37,56,13,11
1616533423372,32.820886143300385,-117.25841992106038,113.24770002148104,37,56,13,11
1616533423485,32.82090062349717,-117.25841646564952,113.35205960971557,36,55,13,11
1616533423606,32.820915168359164,-117.25841293802249,113.45657266590683,35,55,13,11
1616533423718,32.82092975411122,-117.25840931943512,113.55813682795515,35,54,13,11
1616533423885,32.82097383191423,-117.25839798033911,113.88242883489372,32,51,13,11
1616533423989,32.820988626614444,-117.25839404507364,113.99040487611758,32,51,13,11
1616533424161,32.82100353933094,-117.25839002291781,114.10166308167602,30,49,13,11
1616533424273,32.82101847097821,-117.2583859096257,114.21337080619898,29,48,14,11
1616533424375,32.82103343447168,-117.25838174088607,114.32005058192426,29,47,14,11
1616533424581,32.821048428126915,-117.25837748115963,114.42463932190111,28,47,14,11
1616533424831,32.82110853345408,-117.25835972332733,114.83844629464919,26,44,14,11
1616533424946,32.82112354184853,-117.25835517161931,114.93786820310233,25,43,14,11
1616533425042,32.82113850549455,-117.25835057698768,115.0323494973244,25,42,14,11
1616533425192,32.8211534560486,-117.25834593607982,115.13019939771752,25,41,14,11
1616533425303,32.821168405476065,-117.25834126418421,115.23416844812763,25,41,14,11
1616533425406,32.8211833946898,-117.25833653708973,115.32972967645948,24,41,14,11
1616533425582,32.82119828049256,-117.25833179528671,115.42128828641455,24,41,14,11
1616533425875,32.821257640522255,-117.2583125722866,115.8032988358766,24,40,14,11
1616533425985,32.821272545642195,-117.25830769460379,115.8967827829043,24,40,14,11
1616533426111,32.82128735857965,-117.25830282091904,115.99118844476614,24,40,14,11
1616533426228,32.82130219913894,-117.2582979117236,116.09158936698809,24,40,14,11
1616533426339,32.821317091351425,-117.25829297036064,116.19150471170158,25,40,14,11
1616533426442,32.82133201287117,-117.25828800106531,116.29141953645922,25,40,14,11
1616533426590,32.82137722737985,-117.25827294100799,116.6014630136172,25,40,14,11
1616533426756,32.82139234188076,-117.25826779847233,116.71185347664179,24,40,14,11
1616533426943,32.821407491165914,-117.25826262406636,116.81405506271028,24,40,14,11
1616533427056,32.82142270518634,-117.25825745339661,116.91815558197831,25,40,14,11
1616533427147,32.821437975455034,-117.2582522525364,117.02026689394712,24,39,14,11
1616533427299,32.82145344055097,-117.25824697597602,117.12856311417599,24,39,14,11
1616533427508,32.82151524963629,-117.25822570194413,117.5175135599661,24,39,14,11
1616533427635,32.82153085179944,-117.2582203219361,117.61645683620551,24,39,14,11
1616533427799,32.82154651501153,-117.25821489602419,117.7147632147449,24,39,14,11
1616533427986,32.821562218397176,-117.25820943115225,117.81177904045745,24,40,14,11
1616533428106,32.82157798420652,-117.25820391795763,117.9042718835443,25,40,14,11
1616533428280,32.82164187867789,-117.25818154231939,118.30470993869555,26,41,14,11
1616533428481,32.82165805368305,-117.2581758443365,118.40241882046871,26,42,14,11
1616533428611,32.821674312563914,-117.25817009442365,118.48946350767899,26,42,14,11
1616533428726,32.82169067517096,-117.258164300138,118.58103543076798,26,41,14,11
1616533428892,32.821740437833704,-117.258146728015,118.83858661327668,25,41,14,11
1616533428983,32.82175722126408,-117.25814087865682,118.91810290418222,24,40,14,11
1616533429136,32.821774142721566,-117.25813504067042,119.01240075120236,25,40,14,11
1616533429248,32.82179114496678,-117.25812917738173,119.10040986992055,25,41,14,11
1616533429349,32.82180823006291,-117.25812330371734,119.18303886824651,25,41,14,11
1616533429503,32.82182541118609,-117.25811742651393,119.267050691401,25,41,14,11
1616533429614,32.82184266108146,-117.25811153540604,119.34987799258325,25,41,14,11
1616533429744,32.821859980258,-117.25810559876746,119.433315664112,25,41,14,11
1616533429993,32.82192983422951,-117.25808149842534,119.76924313131566,26,42,14,11
1616533430113,32.82194744846574,-117.25807538190402,119.85667200924772,26,42,14,11
1616533430194,32.821965117885014,-117.25806924318931,119.93771895331162,26,42,14,11
1616533430379,32.82198282663236,-117.25806310197048,120.01600772043811,26,42,14,11
1616533430553,32.82200057942736,-117.25805690961481,120.09490211877406,26,42,14,11
1616533430854,32.82207209968434,-117.25803192902335,120.40911887746267,26,42,14,11
1616533430966,32.82209006560613,-117.25802561510443,120.49002585230481,26,42,14,11
1616533431063,32.82210807430397,-117.25801927097785,120.57599594950554,26,43,14,11
1616533431205,32.8221261233982,-117.25801291467029,120.66135514484135,26,43,14,11
1616533431321,32.82214421330775,-117.25800651841705,120.74578406789747,26,43,14,11
1616533431426,32.822162321220894,-117.2580000938448,120.82681572612644,27,43,14,11
1616533431570,32.822180472091006,-117.25799362159839,120.90936617102778,27,44,14,11
1616533431788,32.82225344754744,-117.25796749539835,121.23586539826907,26,44,14,11
1616533431905,32.82227176984439,-117.25796090826157,121.32236702551637,27,44,14,11
1616533432050,32.822290128075025,-117.25795430984415,121.41253236387288,27,44,14,11
1616533432202,32.82230856089413,-117.25794768970553,121.50657843781958,27,44,14,11
1616533432316,32.82232704229554,-117.257941084716,121.59498636936341,27,44,14,11
1616533432425,32.82234555665125,-117.25793447844937,121.68151831250614,26,44,14,11
1616533432626,32.8223641638235,-117.25792786929041,121.76675659014595,26,44,14,11
1616533432680,32.82242003586976,-117.25790793319777,122.0318360655485,26,44,14,11
1616533432819,32.8224387366576,-117.25790122038764,122.12785990240239,26,44,14,11
