1613864857859,32.79572421972514,-117.11192679635339,14.943348097641548,31,65,14,11
1613864857972,32.795752012451786,-117.11192960312033,15.003274013899196,31,65,14,11
1613864858279,32.795863112354546,-117.11194154940458,15.222666853781877,31,64,14,11
1613864858602,32.79597426399988,-117.11195368368875,15.442302172133894,32,65,14,11
1613864858726,32.79600203024759,-117.11195670047154,15.482586533086893,32,65,14,11
1613864858838,32.79602979991813,-117.11195973056911,15.526592881525195,32,65,14,11
1613864859028,32.79605757413817,-117.11196276244536,15.57820152711349,32,65,14,11
1613864859141,32.796085356143394,-117.11196579976327,15.635109187963057,32,65,14,11
1613864859402,32.79619650501225,-117.1119782952284,15.867982954339794,34,67,14,11
1613864859515,32.79622425868788,-117.11198145670251,15.920246639156046,34,67,14,11
1613864859627,32.79625202583483,-117.111984593615,15.983657264293258,34,67,14,11
1613864859742,32.79627983994634,-117.11198772374954,16.04830593175037,34,67,14,11
1613864859853,32.79630764963716,-117.11199082079125,16.103958789494797,34,67,14,11
1613864859998,32.79633544160958,-117.11199392407363,16.147531546593576,34,67,14,11
1613864860111,32.79636319576177,-117.11199705375941,16.189892675037,34,67,14,11
1613864860481,32.79647440022825,-117.11200929255905,16.375019611263365,32,65,14,11
1613864860589,32.79650224425108,-117.11201235686715,16.424843040416302,32,65,14,11
1613864860701,32.79653008270194,-117.11201538379,16.466734366957287,32,65,14,11
1613864860826,32.79655792591404,-117.11201837719122,16.50874369858023,32,65,14,11
1613864860937,32.79658577712568,-117.11202136153958,16.553219616010676,32,64,14,11
1613864861071,32.79661365179651,-117.11202430701259,16.593149776963774,31,64,14,11
1613864861265,32.796725220640276,-117.11203599117597,16.74849374788726,31,63,14,11
1613864861452,32.79675312098669,-117.11203889460313,16.77839629870085,31,63,14,11
1613864861604,32.796781045801865,-117.11204178435844,16.817876593354462,30,62,14,11
1613864861726,32.7968089865273,-117.11204464755494,16.85585382138891,30,62,14,11
1613864861843,32.796836917348514,-117.11204752499849,16.89072858176926,30,61,14,11
1613864861954,32.79686487419882,-117.11205041484804,16.92373527761806,30,61,14,11
1613864862207,32.79697674806632,-117.1120621729244,17.056600332800283,30,61,14,11
1613864862371,32.797004733788135,-117.11206512170811,17.089141260270555,31,62,14,11
1613864862564,32.7970327415435,-117.11206811831906,17.11904896548606,31,63,14,11
1613864862680,32.797060760525866,-117.11207112507512,17.154685733182394,32,63,14,11
1613864862798,32.79708877470182,-117.11207415348515,17.18682073114901,32,64,14,11
1613864862997,32.79720096202738,-117.11208642999541,17.316786753268275,33,65,14,11
1613864863231,32.797229047143475,-117.11208955825984,17.351110568150784,34,66,14,11
1613864863359,32.7972571093095,-117.11209269617375,17.38368142820679,34,66,14,11
1613864863472,32.79728520012104,-117.11209585970646,17.417145287421654,34,66,14,11
1613864863612,32.797313307212924,-117.11209900243915,17.449890918931736,34,67,14,11
1613864863828,32.79742583690467,-117.11211158714568,17.569834605939835,36,69,14,11
1613864863959,32.79745397794012,-117.11211468880683,17.603517222829048,36,70,14,11
1613864864074,32.797482174323584,-117.11211780704821,17.63812133316152,37,71,14,11
1613864864225,32.79751036150739,-117.11212091912161,17.67135487440394,37,71,14,11
1613864864388,32.79759497306462,-117.11213043650682,17.755889265497917,38,72,14,11
1613864864503,32.79762318187675,-117.1121335793755,17.77733201396215,37,72,14,11
1613864864625,32.79765140974641,-117.11213672154302,17.799996536746374,36,71,14,11
1613864864738,32.79767965048301,-117.11213984609559,17.83058491971392,35,70,14,11
1613864864850,32.79770791518487,-117.11214302093089,17.858999948506245,34,69,14,11
1613864864986,32.79773617218722,-117.1121461900413,17.884088482889574,33,68,14,11
1613864865099,32.79776443891756,-117.11214933616687,17.906869813671218,33,67,14,11
1613864865404,32.79787767035866,-117.11216195189608,18.033915973946108,32,65,14,11
1613864865517,32.79790600532749,-117.11216508563469,18.064544053967797,32,65,14,11
1613864865635,32.797934346431056,-117.11216819445053,18.09668496414288,32,65,14,11
1613864865763,32.79796271106416,-117.11217134694552,18.126989353188716,31,65,14,11
1613864865876,32.79799106272742,-117.11217447541986,18.154562370530236,31,64,14,11
1613864866010,32.79801944633142,-117.11217762644854,18.182417194001616,31,64,14,11
1613864866122,32.798047827566016,-117.1121807535796,18.212204278363483,31,64,14,11
1613864866301,32.79813304176904,-117.1121900916206,18.29679902875325,30,62,14,11
1613864866498,32.798161456978825,-117.1121931710631,18.326578921388453,30,62,14,11
1613864866607,32.79818991077715,-117.11219629636068,18.35096760722195,30,62,14,11
1613864866721,32.798218340141034,-117.11219940256734,18.368662989260677,30,62,14,11
1613864866836,32.798246797467,-117.11220253121071,18.388452823464945,29,61,14,11
1613864866969,32.79827527101612,-117.1122056553533,18.411906273811656,29,60,14,11
1613864867266,32.79838922096597,-117.11221802455249,18.496921224423765,28,58,14,11
1613864867377,32.79841772638729,-117.11222113593877,18.520477485394554,28,57,14,11
1613864867517,32.79844624960297,-117.11222428869621,18.54420453723341,28,57,14,11
1613864867642,32.798474762311,-117.11222744838182,18.561742028046552,28,57,14,11
1613864867756,32.79850330232297,-117.11223056521689,18.58129068426221,28,57,14,11
1613864867871,32.79853184021133,-117.11223364774453,18.5953900746304,27,56,14,11
1613864867996,32.798560373128204,-117.11223672774094,18.61303763134074,27,56,14,11
