1616283008826,32.81123712263304,-117.26685314598811,-8.347492310280797,36,54,9,11
1616283008940,32.81123597603946,-117.26685221776965,-8.344190120139647,36,55,9,11
1616283009097,32.81123469597209,-117.26685118103327,-8.34440817260827,37,55,9,11
1616283009324,32.811228196845136,-117.26684617037873,-8.34537041229247,38,56,9,11
1616283009479,32.81122622547403,-117.26684470090973,-8.345426547909272,39,57,9,11
1616283009569,32.81122413225902,-117.26684311998426,-8.345701006140816,39,57,9,11
1616283009736,32.81122190534095,-117.26684145954123,-8.345552925111418,40,58,9,11
1616283009848,32.81121955081915,-117.26683972842949,-8.340143348044492,40,58,9,11
1616283010030,32.81121704353019,-117.26683797313368,-8.329675709650607,39,58,9,11
1616283010142,32.81121441885611,-117.2668361797443,-8.321768302800278,39,57,9,11
1616283010247,32.811211715564596,-117.26683432845012,-8.324078945133916,39,57,9,11
1616283010485,32.811200062764684,-117.26682697114471,-8.322846323792197,37,55,9,11
1616283010611,32.811197060614525,-117.26682512869107,-8.330407320882973,36,54,9,11
1616283010714,32.81119397288011,-117.26682337173452,-8.335539927679466,35,54,9,11
1616283010862,32.811190837399714,-117.26682168645523,-8.34439614235768,35,53,9,11
1616283010980,32.81118765394494,-117.26682003999565,-8.350445199939665,35,53,9,11
1616283011096,32.81118442563309,-117.2668183688642,-8.354075108805404,35,53,9,11
1616283011318,32.811171024522224,-117.26681159455309,-8.384398527781835,33,52,9,11
1616283011504,32.811167486259706,-117.26680986791598,-8.395375586013815,33,52,9,11
1616283011626,32.81116387790061,-117.26680808126,-8.402869993825982,33,52,9,11
1616283011762,32.81116022090104,-117.26680622434166,-8.410860191143522,33,51,9,11
1616283011877,32.81115646072376,-117.26680431707312,-8.419226320865093,32,51,9,11
1616283012049,32.81115259946679,-117.26680231000265,-8.427184741161659,32,51,9,11
1616283012242,32.811136347671635,-117.26679334257481,-8.457944238325526,33,51,9,11
1616283012354,32.81113214325922,-117.26679071144007,-8.465723030966457,33,52,9,11
1616283012482,32.811127935003725,-117.26678788620495,-8.48012986367972,34,52,9,11
1616283012611,32.81112368801316,-117.26678487721476,-8.492522368856758,35,53,9,11
1616283012781,32.81111940653919,-117.26678168191998,-8.497893777044498,36,54,9,11
1616283012915,32.81111514701371,-117.26677825913426,-8.504411582333937,37,55,9,11
1616283013032,32.81111093358259,-117.26677460539192,-8.516021188733887,38,55,9,11
1616283013254,32.811094324313125,-117.26675796061541,-8.558264623660618,42,58,9,11
1616283013357,32.81109038578248,-117.2667531871021,-8.563238957362854,43,59,8,11
1616283013518,32.811086508898505,-117.2667482391596,-8.578707087551736,43,59,8,11
1616283013608,32.81108270461606,-117.26674308513803,-8.590144750919254,44,60,8,11
1616283013744,32.81107903649922,-117.26673767007601,-8.594167398383274,45,61,8,11
1616283013944,32.8110687917851,-117.2667200115314,-8.610479321026986,47,62,7,11
1616283014057,32.811065562255685,-117.266713731637,-8.616244972196075,46,62,7,11
1616283014217,32.81106243877695,-117.26670728024024,-8.626495149508028,45,61,7,11
1616283014361,32.81105939013313,-117.26670064872457,-8.638536724440284,46,62,7,11
1616283014513,32.81105632170351,-117.26669392215857,-8.652033604556673,45,61,7,11
1616283014631,32.81105326684513,-117.26668703295995,-8.661643437169749,45,61,7,11
1616283014721,32.811050171761075,-117.26668004201977,-8.666086691947825,45,61,7,11
1616283014941,32.81103740761678,-117.2666512183563,-8.689662434338047,44,61,7,11
1616283015056,32.81103404208408,-117.26664381980684,-8.691051425629531,44,61,7,11
1616283015211,32.81103059616188,-117.2666363808991,-8.69207930288269,45,61,7,11
1616283015355,32.8110270226026,-117.26662893367198,-8.695028895723743,44,61,7,11
1616283015475,32.81102334834559,-117.26662149248111,-8.711264916325414,44,61,7,11
1616283015633,32.81101955133136,-117.26661405523356,-8.729404518766982,44,61,7,11
1616283015720,32.8110156270096,-117.26660658743008,-8.743725476909578,42,59,7,11
1616283015948,32.81099843632877,-117.26657700352966,-8.819758586177937,39,57,8,11
1616283016060,32.81099376450396,-117.26656976110267,-8.85483578373142,39,56,8,11
1616283016210,32.81098890540376,-117.266562567717,-8.883455593032158,39,56,8,11
1616283016367,32.81098386871449,-117.26655538775314,-8.898979549423947,38,56,8,11
1616283016482,32.81097864049791,-117.26654824550678,-8.909769960579416,38,55,8,11
1616283016634,32.81097326995295,-117.26654118923338,-8.92910734127472,37,55,8,11
1616283016750,32.810967750837285,-117.26653418855231,-8.95328719085486,37,54,9,11
1616283016859,32.81096209192491,-117.26652723220874,-8.993280808935056,37,54,9,11
1616283017012,32.81095630211381,-117.26652027880968,-9.027263011396194,38,54,9,11
1616283017196,32.810931666972444,-117.26649225099278,-9.09548662072952,39,55,9,11
1616283017341,32.81092517073158,-117.26648517638058,-9.111734941623068,39,55,9,11
1616283017458,32.81091860378032,-117.26647808471692,-9.148785729692838,39,55,9,11
1616283017611,32.81091196102521,-117.26647096514544,-9.202766722547393,38,54,9,11
1616283017729,32.81090522559,-117.26646371464734,-9.251869889557913,38,54,9,11
1616283017947,32.8108771828658,-117.2664335592854,-9.336709573254005,38,54,9,11
1616283018055,32.81086989443052,-117.266425733844,-9.347721454801672,38,54,9,11
1616283018245,32.810862477353716,-117.26641787326514,-9.372934627786313,38,54,9,11
1616283018358,32.810855067077995,-117.26640991603408,-9.422407407039257,39,54,9,11
1616283018485,32.81084754511594,-117.26640192958504,-9.48354822123454,38,54,9,11
1616283018746,32.81081641518913,-117.26636881172219,-9.614082934384507,37,53,9,11
1616283018861,32.81080843240752,-117.2663603099138,-9.645862551347477,37,53,9,11
