1616287447120,32.84682308824367,-117.26772811540926,15.127032293927963,28,47,8,11
1616287447261,32.84682993797872,-117.26772081559363,15.08969671198587,29,47,8,11
1616287447429,32.84685124912169,-117.26769870278217,14.980703037625759,32,50,9,11
1616287447548,32.84685868256198,-117.2676912163833,14.94643600181102,33,51,9,11
1616287447682,32.84686624471698,-117.26768367202783,14.910017253470459,34,52,9,11
1616287447769,32.84687396864176,-117.26767610074371,14.872803927737344,35,52,9,11
1616287447915,32.84688184182228,-117.26766849519157,14.836415397820593,36,53,9,11
1616287448027,32.846889851739746,-117.26766087024303,14.804138514763995,37,54,9,11
1616287448181,32.84689797058662,-117.26765320961796,14.768409755214284,38,55,9,11
1616287448325,32.84692287125873,-117.2676298659632,14.661218354160916,41,57,9,11
1616287448438,32.846931322390525,-117.26762201557456,14.626217859018475,41,58,9,11
1616287448611,32.84693977799425,-117.2676141394735,14.583113256260361,42,58,9,11
1616287448746,32.84694828037394,-117.26760626008061,14.54197079529004,43,59,9,11
1616287448834,32.846956750956295,-117.26759829777112,14.512275836629506,43,59,8,11
1616287448983,32.846965221547414,-117.2675903459961,14.481550892392638,43,60,8,11
1616287449223,32.846998840057665,-117.26755856907808,14.381826142773459,41,60,8,11
1616287449367,32.84700714198975,-117.26755062475146,14.361684251678364,40,59,8,11
1616287449486,32.84701534869989,-117.26754263496976,14.330903470735413,40,59,8,11
1616287449602,32.84702352548701,-117.26753461293997,14.30245513883713,40,59,8,11
1616287449736,32.84703169106333,-117.26752654157724,14.283117269824146,39,58,8,11
1616287449826,32.84703984035121,-117.26751843497361,14.266524928174254,38,58,8,11
1616287449938,32.847047933291904,-117.26751028395266,14.246596806449357,37,57,8,11
1616287450092,32.84705601339942,-117.2675021140047,14.219745381283927,36,56,8,11
1616287450333,32.847087992519505,-117.26746901788192,14.109714278832671,34,54,8,11
1616287450445,32.84709594311339,-117.26746066025169,14.084596189688115,33,53,8,11
1616287450619,32.84710385470068,-117.26745226186259,14.062232320308492,33,53,8,11
1616287450748,32.847111751329486,-117.2674438707644,14.037040265703068,32,52,8,11
1616287450845,32.847119628776454,-117.26743545685935,14.00759701796664,33,52,9,11
1616287450991,32.84712746449872,-117.26742699842418,13.97960881152815,33,53,9,11
1616287451262,32.84715866315747,-117.26739278352962,13.869783314378846,36,55,9,11
1616287451375,32.84716649293451,-117.26738415238826,13.840199619441664,36,55,9,11
1616287451485,32.84717435255565,-117.26737547039293,13.813315321633171,36,55,9,11
1616287451612,32.84718223267632,-117.26736672287558,13.780258239585756,36,55,9,11
1616287451753,32.847190199561865,-117.26735792611858,13.743270144737249,36,55,9,11
1616287451841,32.84719817245377,-117.2673490402307,13.707483119913288,33,53,9,11
1616287451987,32.84720621184185,-117.26734008056134,13.666663277991587,32,52,9,11
1616287452105,32.84721433585227,-117.26733093674873,13.62441117616962,31,51,9,11
1616287452220,32.847239156553,-117.26730289292519,13.465460670614963,30,48,9,11
1616287452338,32.847247554759626,-117.26729339553901,13.390694133425757,29,48,9,11
1616287452453,32.847256062991676,-117.26728374511384,13.326963875192117,29,47,9,11
1616287452625,32.847264641452846,-117.26727393260447,13.273907143781178,29,47,9,11
1616287452760,32.84727327444463,-117.26726400841112,13.212641664786528,29,47,9,11
1616287452853,32.84728195265903,-117.26725396013481,13.144850742724087,29,47,8,11
1616287453136,32.84731670080957,-117.26721274978098,12.855512437482687,32,49,8,11
1616287453331,32.84732539925649,-117.26720224764965,12.782914847790419,32,49,8,11
1616287453443,32.84733409678373,-117.26719164819437,12.710190529556892,32,49,8,11
1616287453563,32.84734277068064,-117.26718099052337,12.631171039659462,32,49,8,11
1616287453681,32.84735141838376,-117.26717029391317,12.546061346880132,33,49,8,11
1616287453812,32.84736009443775,-117.26715948276232,12.457677337811162,33,50,8,11
1616287453904,32.84736872717057,-117.2671486757604,12.366922704213898,33,50,8,11
1616287454171,32.84740328353412,-117.26710504524027,11.99696741845107,34,52,8,11
1616287454328,32.84741197770989,-117.26709403363293,11.901969342200509,35,52,8,11
1616287454440,32.847420606922,-117.26708304965452,11.807138645912426,35,52,8,11
1616287454556,32.847429233259064,-117.26707207278561,11.712438730305731,35,52,8,11
1616287454733,32.84743784894921,-117.26706109731069,11.61200442720215,35,52,8,11
1616287454932,32.847471905077256,-117.26701697602888,11.20101889332828,33,51,8,11
1616287455063,32.84748029366006,-117.26700590319064,11.097303299391612,33,51,8,11
1616287455198,32.84748864021061,-117.26699480539703,10.990076453207442,32,50,8,11
1616287455395,32.847496930844486,-117.26698366446512,10.883390412082209,30,48,8,11
1616287455508,32.84750518432039,-117.26697250865335,10.774141178287833,29,47,8,11
1616287455624,32.84751341654407,-117.2669612144672,10.658611866106433,28,46,8,11
1616287455831,32.847545782566534,-117.26691555984404,10.229912034370209,24,41,8,11
1616287455952,32.847553782249136,-117.26690391904901,10.124244991234958,23,39,8,11
1616287456068,32.84756178285591,-117.26689214680322,10.010351035153743,23,39,8,11
1616287456213,32.84756965050222,-117.26688041446283,9.891073773483487,23,39,8,11
1616287456408,32.84757745986077,-117.26686860602878,9.777174209435074,23,39,8,11
1616287456626,32.84760795333892,-117.26682056631186,9.331213625213191,25,39,8,11
1616287456715,32.84761531697851,-117.26680842242088,9.217014120890754,25,40,8,11
1616287456860,32.847622568837714,-117.26679623104808,9.101436937361191,25,40,8,11
1616287456984,32.84762972691968,-117.26678398553732,8.986146594144252,25,40,8,11
1616287457098,32.84763681083772,-117.26677170494558,8.871205938501344,26,40,8,11
1616287457233,32.847643788849126,-117.26675938718891,8.754747561460343,26,40,8,11
