1621185006364,32.84029355364844,-117.1392715883007,94.31358289210931,23,45,14,11
1621185006475,32.84029448232938,-117.13926704405701,94.3135214726775,24,45,14,11
1621185006610,32.840295393795685,-117.13926255786285,94.3124388060841,24,45,14,11
1621185006722,32.840296291375424,-117.13925812310681,94.31256839687354,24,46,14,11
1621185006873,32.84029719128336,-117.13925375342505,94.31355857497518,25,46,14,11
1621185007017,32.840298064582974,-117.1392494349124,94.31330111570463,25,47,14,11
1621185007131,32.840298951624405,-117.13924516423837,94.31340959349241,25,47,14,11
1621185007268,32.84029979939897,-117.13924094182475,94.31358642680125,25,47,14,11
1621185007459,32.84030317564439,-117.13922445866777,94.3166443792292,26,48,14,11
1621185007559,32.840303999384155,-117.13922045352233,94.31731417484777,26,49,14,11
1621185007703,32.84030479759781,-117.13921652227326,94.31747377595532,26,49,14,11
1621185007860,32.840305590435825,-117.1392126706652,94.31758044551853,27,49,14,11
1621185008084,32.84030788115911,-117.13920151316353,94.31690258437338,27,50,14,11
1621185008199,32.840308610832295,-117.13919793628048,94.31795655291263,27,50,14,11
1621185008319,32.84030933466022,-117.1391944001092,94.3167697219275,27,51,14,11
1621185008407,32.84031004054087,-117.13919093685881,94.31732424412674,27,51,14,11
1621185008569,32.840310733160905,-117.13918752941295,94.31546710803126,27,51,14,11
1621185008854,32.840313418714224,-117.13917440858457,94.31284082415182,27,51,13,11
1621185008971,32.84031407472929,-117.13917124973521,94.31202507032586,27,51,13,11
1621185009107,32.840314704768815,-117.13916811773056,94.31144554960346,26,51,13,11
1621185009224,32.84031532579976,-117.13916501774368,94.31054173290683,26,50,13,11
1621185009335,32.84031595779843,-117.13916195084374,94.3088814672416,25,50,13,11
1621185009540,32.84031658562939,-117.13915891858474,94.30894669703976,25,50,13,11
1621185009651,32.84031720329736,-117.13915592289037,94.30931171015698,25,50,13,11
1621185009856,32.84031961623273,-117.13914421751686,94.30682974723895,25,49,13,11
1621185010024,32.84032019128423,-117.13914136703222,94.30704411529535,25,49,13,11
1621185010163,32.840320758498734,-117.1391385617675,94.30735447890945,25,50,14,11
1621185010276,32.84032133801951,-117.13913579680427,94.30652056321712,26,50,14,11
1621185010391,32.84032190420455,-117.13913307204345,94.30659088319068,26,50,14,11
1621185010572,32.84032242994151,-117.13913041469976,94.3065682912833,26,50,14,11
1621185010752,32.84032449123769,-117.13912028986715,94.30200241069075,25,49,14,11
1621185010875,32.840324984896334,-117.13911786702764,94.29829096007859,25,49,14,11
1621185011022,32.84032548437864,-117.13911549645769,94.29895091247691,25,49,14,11
1621185011161,32.84032594366709,-117.1391131521993,94.29630207622263,25,49,14,11
1621185011275,32.84032640167257,-117.13911086057536,94.29400213745052,24,48,14,11
1621185011444,32.84032687068236,-117.13910861959816,94.29323778047451,24,48,14,11
1621185011559,32.84032731847972,-117.13910642761974,94.29181142472413,24,48,14,11
1621185011755,32.84032895710922,-117.13909825362126,94.28806518407002,24,47,14,11
1621185011880,32.84032935044851,-117.13909635003058,94.28665233819723,24,48,14,11
1621185012092,32.840329717755225,-117.13909450977312,94.28614294246499,25,48,14,11
1621185012231,32.84033008319555,-117.13909273657177,94.2854380766018,25,48,14,11
1621185012346,32.840330423476274,-117.13909103397363,94.28458644403486,25,48,14,11
1621185012512,32.8403316562417,-117.13908487666396,94.2830947858153,25,49,14,11
1621185012658,32.84033193530505,-117.13908352609882,94.28221960240732,25,49,14,11
1621185012794,32.84033219571741,-117.13908225170016,94.28188850077038,25,49,14,11
1621185012957,32.84033242674926,-117.13908104766178,94.28173717706613,25,49,14,11
1621185013069,32.84033265183367,-117.13907991454707,94.2794236667173,25,49,14,11
1621185013167,32.84033286691734,-117.13907886301037,94.27950077424349,25,49,14,11
1621185013451,32.840333555290165,-117.13907537728628,94.27683150495936,26,49,14,11
1621185013560,32.84033370103823,-117.13907470403589,94.27707433895192,26,49,14,11
1621185013708,32.840333809476355,-117.1390740914573,94.2758326688813,25,49,14,11
1621185013849,32.84033391948827,-117.13907353794667,94.27608861765319,26,49,14,11
1621185013971,32.840334006152126,-117.13907306927346,94.27624712080025,26,49,14,11
1621185014252,32.84033422167388,-117.13907188722459,94.27620233089584,27,51,14,11
1621185014436,32.840334241807106,-117.13907174012203,94.27531236366178,27,51,14,11
1621185014549,32.84033425810185,-117.13907164349327,94.27587279301291,27,51,14,11
1621185014650,32.8403342833056,-117.13907156703209,94.27581955266443,27,52,14,11
1621185014797,32.840334277159705,-117.13907148582098,94.27568838809496,27,52,14,11
1621185014936,32.84033427353476,-117.13907143326873,94.27532714084748,27,52,14,11
1621185015158,32.840334266340356,-117.13907140818453,94.27438228347816,27,51,14,11
1621185015270,32.84033426777727,-117.1390714034451,94.27449639592218,27,51,14,11
1621185015432,32.84033426012686,-117.13907141633774,94.27556498172294,27,51,14,11
1621185015566,32.84033425757298,-117.13907141361122,94.27527505957345,27,51,14,11
1621185015669,32.84033425045094,-117.13907140660137,94.27621091738446,27,52,14,11
1621185015813,32.84033424672713,-117.1390714053844,94.27605769879067,27,52,14,11
1621185015919,32.84033423375838,-117.13907141293089,94.27643188927219,27,52,14,11
1621185016089,32.84033422742267,-117.13907141869542,94.27712349431465,26,51,14,11
1621185016203,32.840334235159105,-117.13907141816303,94.27695168386953,26,51,14,11
1621185016315,32.840334224572146,-117.1390714151939,94.27713666899572,26,51,14,11
1621185016430,32.84033421762763,-117.13907141396103,94.27831726115033,27,51,14,11
