1616533522938,32.829244057716984,-117.26182240063764,122.82963491478492,71,100,9,11
1616533523057,32.82925006124742,-117.26181754849993,122.77449259875381,69,99,9,11
1616533523198,32.82925631034925,-117.26181275925097,122.7218308559984,66,97,9,11
1616533523315,32.82926258540022,-117.26180766859807,122.66043218040357,66,97,8,11
1616533523408,32.82926892979647,-117.26180251776904,122.60752517710732,67,96,8,11
1616533523563,32.82927535367166,-117.26179722417943,122.54344580450534,68,97,8,11
1616533523820,32.82930240093226,-117.26177698118161,122.24079054355558,72,100,6,11
1616533523937,32.82930947573983,-117.26177204055108,122.16782975508025,74,101,6,11
1616533524051,32.82931671754626,-117.26176719430975,122.09808441265487,76,102,7,11
1616533524191,32.82932409625705,-117.2617624175785,122.03575085382673,78,103,7,11
1616533524306,32.829331574187066,-117.26175769810912,121.9702710528805,79,104,8,11
1616533524430,32.82933919468731,-117.26175310559566,121.90910075000787,81,105,8,11
1616533524674,32.82937094559232,-117.26173590003705,121.68028144196755,83,105,8,11
1616533524820,32.82937916883035,-117.26173200503811,121.6254548390629,82,104,8,11
1616533524935,32.82938755365928,-117.26172805705663,121.55434661965484,83,104,8,11
1616533525114,32.82939606499201,-117.26172433029221,121.48439989979022,83,104,8,11
1616533525252,32.82940469093025,-117.26172078458538,121.41501881370876,84,105,8,11
1616533525363,32.82941345019282,-117.26171729888028,121.3358103517159,85,105,8,11
1616533525460,32.82942237345497,-117.26171404876904,121.26723524331064,86,106,12,11
1616533525704,32.82945905543025,-117.26170271060703,120.99006544597479,87,106,11,11
1616533525821,32.82946845115586,-117.26170020383853,120.92221241662553,86,105,10,11
1616533525990,32.82947789964902,-117.26169776167397,120.85881571009101,84,103,10,11
1616533526115,32.82948752096443,-117.26169541419549,120.78298742498056,84,103,9,11
1616533526258,32.82949721032936,-117.2616931843843,120.70880872488173,84,103,9,11
1616533526486,32.82953709923924,-117.2616853932374,120.37520513877898,88,106,10,11
1616533526637,32.82954733039398,-117.26168370045846,120.29667472422716,89,106,10,11
1616533526790,32.829557586470216,-117.261682072227,120.2264442774381,89,106,8,11
1616533526964,32.829567919987326,-117.26168054959348,120.15273991076785,89,106,8,11
1616533527175,32.8296102398217,-117.26167549118178,119.82348379700902,91,108,7,11
1616533527266,32.829621020390434,-117.26167445865617,119.74691276202635,91,108,7,11
1616533527379,32.82963183374622,-117.261673483211,119.66971417447009,90,107,8,11
1616533527542,32.82964274457313,-117.2616726120114,119.58814533547286,90,107,10,11
1616533527663,32.82965373631979,-117.26167179466962,119.50889495072173,90,107,9,11
1616533527841,32.829664812384536,-117.26167101651652,119.42463718223908,91,107,9,11
1616533528088,32.82970976964085,-117.26166790208471,119.03975835928037,95,109,8,11
1616533528203,32.82972122808343,-117.26166718298605,118.93354101761024,96,109,7,11
1616533528295,32.82973272201048,-117.26166635986667,118.83705530361297,97,110,7,11
1616533528467,32.82974432521951,-117.26166560914739,118.73800887856912,98,110,7,11
1616533528624,32.82975598349826,-117.26166486171748,118.63832072649848,98,110,7,11
1616533528868,32.82980336403445,-117.26166205135851,118.2470016183009,103,113,12,14
1616533528985,32.82981543252479,-117.2616613881004,118.1466722571232,105,114,12,14
1616533529122,32.82982755107451,-117.26166075099889,118.04845726759811,107,116,12,14
1616533529237,32.82983971657102,-117.261660113152,117.9469137230005,109,117,12,14
1616533529329,32.82985196195794,-117.2616595094767,117.84586221018175,111,119,12,14
1616533529480,32.82986428383131,-117.26165889072304,117.74756633291985,113,120,12,14
1616533529594,32.829876638912545,-117.26165825861806,117.64735146044833,115,122,12,14
1616533529779,32.82991401600001,-117.26165611248337,117.38839734049604,113,122,11,11
1616533529899,32.82992651170392,-117.26165526195841,117.31852539729668,109,121,11,11
1616533530011,32.829939118150456,-117.26165446898347,117.24894992335793,107,119,11,11
1616533530148,32.82995176139026,-117.2616535955288,117.18885281214861,103,117,11,11
1616533530262,32.829964488555056,-117.26165267292942,117.12443948269804,98,114,11,11
1616533530375,32.82997724007076,-117.26165183667902,117.0477220826357,95,112,11,11
1616533530522,32.829990114201706,-117.2616510248401,116.97155950404425,92,110,11,11
1616533530813,32.83004217896163,-117.2616472747811,116.65270583030204,81,101,12,11
1616533530924,32.83005536522271,-117.26164631772113,116.56824431049922,79,99,12,11
1616533531038,32.8300685632374,-117.26164530006997,116.4812674835267,77,98,12,11
1616533531142,32.83008186768495,-117.26164426676446,116.39119516727126,76,97,12,11
1616533531296,32.83009522973679,-117.26164317971133,116.29741429993352,76,96,12,11
1616533531407,32.83010856075363,-117.2616420404326,116.20367877708554,75,96,12,11
1616533531501,32.83012213123684,-117.26164083416863,116.12063459761465,73,93,12,11
1616533531644,32.83013563432635,-117.26163959393406,116.04437668293544,71,91,12,11
1616533531763,32.83017645511999,-117.26163580433817,115.77241433281708,69,89,12,11
1616533531890,32.83019018934899,-117.26163445007562,115.68088726942685,69,89,13,11
1616533532060,32.830204101100236,-117.26163304642142,115.5929552356517,69,89,13,11
1616533532165,32.83021792878098,-117.26163160970974,115.50612414449976,69,89,13,11
1616533532312,32.83023177313977,-117.26163009449004,115.4167817952581,69,89,13,11
1616533532423,32.83024563500904,-117.26162860004376,115.32663632634637,69,89,13,11
1616533532713,32.830301310379106,-117.26162198927742,115.00281815695767,71,92,12,11
1616533532823,32.83031523592983,-117.26162025532209,114.9239823104658,71,93,12,11
1616533532950,32.83032926204207,-117.26161851709206,114.84415124766832,71,93,12,11
1616533533122,32.83034329806678,-117.26161660192095,114.76894290074185,70,93,12,11
