1612139290135,32.78457757038562,-117.14598958403916,66.8708929074306,85,123,15,11
1612139290239,32.784579411162554,-117.1459876061366,66.88674302074384,85,123,15,11
1612139290362,32.78458113418633,-117.14598568988009,66.90600671900494,85,123,15,11
1612139290455,32.78458273408033,-117.1459838748104,66.92544974486839,85,123,15,11
1612139290547,32.78458420990889,-117.1459821953546,66.9391680775339,85,123,15,11
1612139290622,32.78458557195373,-117.1459806515012,66.95244944970672,85,123,15,11
1612139290800,32.784586832800194,-117.14597926431264,66.96558254388515,85,123,15,11
1612139290882,32.784587955979326,-117.14597799661695,66.9782263637529,85,123,15,11
1612139290970,32.78458894621199,-117.14597685921822,66.9874092972162,85,123,15,11
1612139291052,32.78458981497596,-117.14597587803955,66.9951320804494,85,123,15,11
1612139291139,32.78459055003241,-117.14597504750209,67.00275912634795,85,123,15,11
1612139291308,32.78459115100358,-117.145974359643,67.00842683487492,85,123,15,11
1612139291423,32.7845916125181,-117.14597381269662,67.01245178045261,84,123,15,11
1612139291562,32.78459226076817,-117.14597292642677,67.01138060597124,85,123,15,11
1612139291670,32.78459224214448,-117.1459728970907,67.00924966998286,85,123,15,11
1612139291774,32.78459217606651,-117.14597291719332,67.00671436135615,84,123,15,11
1612139291865,32.7845921021472,-117.14597294446733,67.00325850242828,85,123,15,11
1612139291965,32.784592042626706,-117.14597295902524,67.0011357562707,85,123,15,11
1612139292070,32.784591994892054,-117.14597295757544,66.99950553091757,85,123,15,11
1612139292204,32.78459194711417,-117.14597295599768,66.99815048021762,85,123,15,11
1612139292295,32.78459189589033,-117.14597295773083,66.99637856525068,85,123,15,11
1612139292378,32.784591848168,-117.14597295487286,66.99545128385891,84,123,15,11
1612139292475,32.78459179992756,-117.14597294977695,66.99427727638069,84,123,15,11
1612139292583,32.78459174949414,-117.1459729457478,66.9931216403216,84,123,15,11
1612139292671,32.78459170285686,-117.14597293986866,66.9922220607936,84,123,15,11
1612139292814,32.78459167287064,-117.14597294935666,66.99185104322449,84,123,15,11
1612139292907,32.78459164943642,-117.14597294771127,66.99108543508804,84,123,15,11
1612139292991,32.78459162565712,-117.14597294914641,66.99065098005423,83,123,15,11
1612139293162,32.7845915950411,-117.14597295016775,66.99034464093104,83,123,15,11
1612139293287,32.78459156798425,-117.14597294656116,66.99002858123279,83,123,15,11
1612139293378,32.784591541367114,-117.14597294341475,66.99011886207776,82,123,15,11
1612139293461,32.78459151041488,-117.14597294263831,66.99004344486487,82,123,15,11
1612139293541,32.78459147656831,-117.14597295009605,66.99038922541662,82,123,15,11
1612139293644,32.784591454356175,-117.1459729300026,66.99078905428955,81,123,15,11
1612139293730,32.78459142993103,-117.14597293085049,66.99132358657612,81,123,15,11
1612139293869,32.78459140853494,-117.14597292194435,66.99225814132875,81,123,15,11
1612139294011,32.78459137827911,-117.14597291507415,66.99269027301447,81,123,15,11
1612139294103,32.784591352767116,-117.14597291431336,66.99371514642513,81,123,15,11
1612139294207,32.7845913361551,-117.1459729030358,66.99462605532953,80,123,15,11
1612139294349,32.78459130825164,-117.14597289491729,66.99509981208655,80,123,15,11
1612139294441,32.78459128227311,-117.14597288632969,66.9961138717664,80,123,15,11
1612139294522,32.784591259280546,-117.14597288273434,66.99726054478192,80,123,15,11
1612139294607,32.78459123396283,-117.14597286794425,66.99836080537668,80,123,15,11
1612139294709,32.78459121418296,-117.14597285547855,66.99951791563893,79,123,15,11
1612139294854,32.784591191119276,-117.14597284174728,67.00083861800202,79,123,15,11
1612139294935,32.78459116771342,-117.14597282833697,67.00203469327964,79,123,15,11
1612139295014,32.78459114717412,-117.14597282566201,67.00340239013788,79,123,15,11
1612139295096,32.7845911222943,-117.14597280703134,67.0048233873549,79,123,15,11
1612139295259,32.78459110441153,-117.1459727977063,67.0060426183829,79,123,15,11
1612139295403,32.78459108468467,-117.14597277703243,67.00731144407013,79,123,15,11
1612139295496,32.784591068818976,-117.14597277293467,67.00908870040543,78,123,15,11
1612139295580,32.784591048985085,-117.14597276689508,67.01079906120442,78,122,15,11
1612139295670,32.78459102908887,-117.145972753166,67.01284198067654,78,122,15,11
1612139295763,32.784591018402864,-117.1459727425454,67.01412503047243,78,122,15,11
1612139295924,32.78459100511401,-117.14597273913817,67.01579695418727,78,122,15,11
1612139296007,32.784590993762905,-117.14597273225672,67.01734981931766,78,122,15,11
1612139296088,32.784590979255086,-117.14597272174925,67.01894374713343,78,122,15,11
1612139296168,32.78459096467866,-117.14597271684025,67.02084342610868,78,122,15,11
1612139296271,32.784590961234244,-117.14597271127828,67.02289179076027,78,122,15,11
1612139296408,32.78459095582869,-117.14597271097227,67.02481061540031,78,122,15,11
1612139296487,32.78459094615813,-117.14597271344859,67.02678062701116,78,122,15,11
1612139296575,32.78459094712974,-117.14597270047612,67.02879840784807,78,122,15,11
1612139296657,32.7845909353274,-117.14597270458651,67.03058383758807,77,122,15,11
1612139296825,32.784590939439035,-117.14597269991367,67.03251828338043,77,122,15,11
1612139296907,32.78459093634964,-117.14597269451312,67.03427605528344,77,122,15,11
1612139296997,32.78459092637199,-117.14597269482516,67.03621251026533,77,122,15,11
1612139297080,32.784590920812754,-117.145972696984,67.03849895208265,77,122,15,11
1612139297252,32.784590919023486,-117.1459726890019,67.04715117679451,77,122,15,11
1612139297377,32.78459091507569,-117.14597268680795,67.04938987077648,77,122,15,11
1612139297464,32.78459091562697,-117.14597268570616,67.05160551997562,77,122,15,11
1612139297630,32.78459091323944,-117.14597268155724,67.05396401108361,77,122,15,11
1612139297713,32.78459091517865,-117.14597267529328,67.0558010529161,77,122,15,11
1612139297802,32.784590918716674,-117.14597268165004,67.05799959961031,77,122,15,11
1612139297885,32.78459092021222,-117.14597267481487,67.06002822323262,77,122,15,11
1612139297967,32.78459092164876,-117.14597267839342,67.06216384324738,77,122,15,11
1612139298076,32.78459092975471,-117.14597267425522,67.0644153377043,77,122,15,11
1612139298201,32.78459093205343,-117.14597267714342,67.0667813391283,77,122,15,11
1612139298308,32.78459094146151,-117.14597267226313,67.06876173311697,77,122,15,11
1612139298399,32.784590939888595,-117.14597266784676,67.0707914816196,77,122,15,11
1612139298515,32.78459095426214,-117.1459726738961,67.0731182420193,77,122,15,11
1612139298689,32.78459095711685,-117.14597267523824,67.07512755362652,77,122,15,11
1612139298778,32.784590963217916,-117.1459726698973,67.07744963546543,77,122,15,11
1612139298859,32.78459097258077,-117.14597267213104,67.07884810469153,77,122,15,11
1612139298941,32.78459098188989,-117.14597267789591,67.08077609416671,77,122,15,11
1612139299025,32.78459098662164,-117.1459726739577,67.0831771081722,77,122,15,11
1612139299200,32.78459099574779,-117.14597267829691,67.08552481001935,77,122,15,11
1612139299326,32.78459101892709,-117.1459726741909,67.08697589605666,77,122,15,11
1612139299416,32.784591052601044,-117.14597263394074,67.08680509032021,77,122,15,11
1612139299513,32.784591173087925,-117.14597251454175,67.08670382643645,77,122,15,11
1612139299657,32.78459141511369,-117.14597226583763,67.08979157875356,77,121,15,11
1612139299760,32.784591790774634,-117.14597187776222,67.09544953782988,77,121,15,11
1612139299840,32.7845923179913,-117.14597133156173,67.10335293662118,77,121,15,11
1612139299921,32.78459300268671,-117.14597059093092,67.11190498200965,77,121,15,11
1612139300002,32.78459388344499,-117.14596968423658,67.12229508981561,77,121,15,11
1612139300086,32.78459493444426,-117.14596855047336,67.13530205340506,77,122,15,11
1612139300187,32.78459618359687,-117.14596720068297,67.1513331654077,78,121,15,11
1612139300331,32.78459764599476,-117.14596563677067,67.1699705721775,78,121,15,11
