1611883291215,32.86735072275186,-117.19735233673944,74.66049333160007,86,122,15,11
1611883291295,32.86734050974711,-117.19736243475421,74.62104303465037,86,122,15,11
1611883291398,32.86733024702365,-117.19737259056524,74.58192800029262,86,122,15,11
1611883291491,32.867319933794235,-117.19738279494426,74.53992518597087,86,122,15,11
1611883291633,32.867309567335106,-117.19739304112977,74.50086488663383,86,122,15,11
1611883291728,32.86729915069235,-117.19740332132316,74.46404690874901,85,122,15,11
1611883291809,32.86728867885832,-117.1974135986342,74.42670448592541,85,122,15,11
1611883291892,32.86727816600766,-117.19742392770284,74.38850808674573,85,122,15,11
1611883292069,32.86726762926465,-117.19743425487145,74.35015229485278,84,122,15,11
1611883292146,32.86725706532511,-117.1974446222364,74.30946367659116,84,122,15,11
1611883292229,32.86724649016049,-117.19745503796659,74.2695305577724,84,122,15,11
1611883292312,32.8672358829572,-117.19746546378693,74.22964281145747,83,122,15,11
1611883292395,32.86722526751213,-117.19747591705162,74.19104796289211,83,122,15,11
1611883292485,32.867214631384236,-117.19748638349797,74.15482723502804,83,122,15,11
1611883292634,32.8672039871463,-117.19749686506587,74.11638644483114,83,122,15,11
1611883292724,32.86719331964496,-117.19750738174686,74.07784371973943,82,122,15,11
1611883292805,32.867182635029195,-117.1975179135905,74.03716199419867,82,122,15,11
1611883292984,32.86713960504411,-117.19756022777182,73.88154205646615,81,122,15,11
1611883293088,32.8671287734279,-117.19757092262303,73.8464162950456,81,122,15,11
1611883293205,32.86711789428886,-117.19758165329768,73.81056884429486,81,122,15,11
1611883293305,32.86710697064575,-117.19759243834561,73.77129609100966,80,122,15,11
1611883293441,32.86709600247674,-117.19760326838244,73.73152903862368,80,122,15,11
1611883293534,32.867084990696256,-117.19761417957889,73.69122730006686,80,122,15,11
1611883293614,32.86707389544749,-117.19762516642157,73.65307953512446,80,122,15,11
1611883293695,32.86706274587165,-117.19763624034424,73.61358083978517,80,122,15,11
1611883293872,32.8670515308209,-117.19764733826234,73.56676538958712,80,122,15,11
1611883293950,32.86704021342892,-117.19765851082218,73.5218167323021,79,121,15,11
1611883294038,32.867028850121095,-117.1976697754186,73.48250449579557,79,121,15,11
1611883294124,32.86701739707707,-117.19768110390216,73.4438005265036,79,121,15,11
1611883294206,32.867005887018585,-117.19769250021604,73.40237868417299,79,121,15,11
1611883294297,32.86699432379367,-117.19770395764786,73.35665461003647,79,121,15,11
1611883294450,32.86698267297536,-117.19771548739847,73.31473850370196,79,121,15,11
1611883294531,32.8669709325178,-117.19772711341274,73.27628709875745,79,121,15,11
1611883294620,32.86695912615342,-117.19773878951617,73.23829590518612,79,121,15,11
1611883294707,32.86694723277604,-117.19775049603541,73.199078192942,78,121,15,11
1611883294824,32.86693527911607,-117.19776228609302,73.15398833661777,78,121,15,11
1611883294956,32.86692325855203,-117.19777411950994,73.10813161659263,78,121,15,11
1611883295094,32.866911166174155,-117.19778599157564,73.06170065916848,78,121,15,11
1611883295176,32.86689899881042,-117.19779793214713,73.01566487154575,78,121,15,11
1611883295261,32.86688680842023,-117.19780991577062,72.97237704098625,78,121,15,11
1611883295352,32.86687457842214,-117.19782194191521,72.93035906433518,78,121,15,11
1611883295495,32.86686232909212,-117.19783400128675,72.88769514233744,78,121,15,11
1611883295586,32.866850069475234,-117.19784607178252,72.84223088051357,78,121,15,11
1611883295666,32.86683781442762,-117.19785815419547,72.7942143032451,78,121,15,11
1611883295763,32.866825549486045,-117.19787022853801,72.74344940383686,78,121,15,11
1611883295883,32.86681331796808,-117.19788228644353,72.69549409789971,78,121,15,11
1611883295969,32.86680109584926,-117.19789435400185,72.65130625292403,77,121,15,11
1611883296106,32.866788899701234,-117.19790637864122,72.60408648741151,77,121,15,11
1611883296186,32.86677673440374,-117.19791840027607,72.5588234147355,77,121,15,11
1611883296271,32.8667646118735,-117.19793041060187,72.51436468441028,77,121,15,11
1611883296371,32.86675249703627,-117.19794241244188,72.46961299579026,77,121,15,11
1611883296511,32.86674042734051,-117.1979543499858,72.42469084419531,77,121,15,11
1611883296601,32.86672840300635,-117.19796630238196,72.37890666205622,77,121,15,11
1611883296681,32.86671639826303,-117.19797823384158,72.33124422166642,77,121,15,11
1611883296766,32.86670444436947,-117.19799016371837,72.27671068818826,77,121,15,11
1611883296939,32.866692502860104,-117.1980020900367,72.2252085428784,77,121,15,11
1611883297021,32.86668052363256,-117.19801402974244,72.1752286955315,77,120,15,11
1611883297157,32.866668562806154,-117.19802594325994,72.1292336403708,77,120,15,11
1611883297237,32.86665657221492,-117.19803784419899,72.0866515796763,77,120,15,11
1611883297322,32.86664456052501,-117.19804978189718,72.0458478020739,77,121,15,11
1611883297415,32.86663253311255,-117.1980617226696,72.00323999504826,77,121,15,11
1611883297556,32.8666204899146,-117.19807367046566,71.9534120766668,77,121,15,11
1611883297664,32.86660838664626,-117.19808562818501,71.90189793351527,77,120,15,11
1611883297745,32.86659628928197,-117.19809758100357,71.8512403115795,77,120,15,11
1611883297816,32.86658413089855,-117.1981095707519,71.80742835153212,77,120,15,11
1611883298000,32.86657194568406,-117.19812159279459,71.76038294670654,77,120,15,11
1611883298083,32.86655973315946,-117.19813363173525,71.70833711649998,77,120,15,11
1611883298165,32.866547478410254,-117.1981456959774,71.65302857034592,77,120,15,11
1611883298246,32.86653517376011,-117.19815780612097,71.59529720087073,77,120,15,11
1611883298332,32.86652282838017,-117.198169940244,71.54622649316471,77,120,15,11
1611883298423,32.866510407247326,-117.1981821424966,71.50304674522617,77,120,15,11
1611883298576,32.86649794781895,-117.198194357283,71.4515823639465,77,120,15,11
1611883298705,32.866485426784955,-117.1982066291394,71.39798817269633,77,120,15,11
1611883298783,32.86647282427718,-117.19821897858824,71.34859082724596,77,120,15,11
1611883298866,32.86646011742429,-117.19823141508746,71.2989605377646,77,120,15,11
1611883299011,32.86644737782084,-117.19824388106541,71.2472461818139,77,120,15,11
1611883299124,32.86643456991083,-117.19825641815909,71.19601892540898,77,120,15,11
1611883299263,32.86642170082128,-117.19826901469273,71.14235633820526,77,120,15,11
1611883299344,32.866408762029536,-117.19828170049968,71.09021821903124,77,120,15,11
1611883299489,32.866356473457934,-117.19833314697514,70.89092918047723,77,120,15,11
1611883299591,32.86634330776253,-117.19834607557813,70.83678009688542,77,120,15,11
1611883299724,32.866330148957445,-117.19835906417856,70.78548771178606,77,120,15,11
1611883299835,32.86631697266426,-117.1983720617252,70.73473293782212,77,120,15,11
1611883299919,32.86630375684273,-117.19838511060955,70.6851151363619,77,120,15,11
1611883300011,32.86629059197808,-117.19839811278754,70.63143873043548,77,120,15,11
1611883300092,32.86627744056855,-117.19841113069336,70.57928872978005,77,120,15,11
1611883300179,32.866264297427115,-117.19842415776459,70.52496319832721,77,120,15,11
1611883300269,32.866251176628985,-117.19843714207961,70.46050856969859,77,120,15,11
1611883300421,32.866238080280795,-117.19845011041562,70.39313377615635,77,120,15,11
1611883300510,32.866224959584365,-117.19846310305849,70.32781314342931,77,120,15,11
1611883300602,32.86621187128082,-117.19847603852915,70.26808335824796,77,120,15,11
1611883300709,32.86619880183594,-117.19848895140923,70.20507619228539,77,120,15,11
1611883300846,32.86618575630675,-117.19850187187131,70.1447236682429,77,120,15,11
1611883300929,32.8661727115761,-117.198514796575,70.08414703441179,77,120,15,11
1611883301085,32.86615970036633,-117.19852770957199,70.01726820023502,77,120,15,11
1611883301166,32.866146662423056,-117.19854064584538,69.94699936447145,77,120,15,11
1611883301249,32.86613366886813,-117.19855355738217,69.88024927981112,77,120,15,11
1611883301342,32.866120679963764,-117.19856649413754,69.81583153793896,77,120,15,11
