1632425109897,32.85381324653754,-117.2370365101522,27.992303513153797,49,121,14,11
1632425110049,32.853834045397974,-117.23704027962259,28.05151124658798,49,120,14,11
1632425110192,32.85385484297979,-117.23704407650234,28.110166431996596,48,119,14,11
1632425110398,32.85393814205192,-117.23705931110815,28.346124764816047,46,114,14,11
1632425110560,32.85395899626232,-117.237062996802,28.39825893618491,45,113,14,11
1632425110680,32.853979842052155,-117.23706667620935,28.45010783954681,44,112,14,11
1632425110762,32.85400069443826,-117.23707038150553,28.50608539850859,44,111,14,11
1632425110907,32.85402158398807,-117.23707411078362,28.563667192556185,43,109,14,11
1632425111076,32.85404247615174,-117.23707776967184,28.625473985464854,43,109,14,11
1632425111219,32.854063381783284,-117.23708142565653,28.68285989812669,43,109,14,11
1632425111405,32.85414741073656,-117.23709532863826,28.869201998887004,42,107,14,11
1632425111565,32.854168602261424,-117.23709867387625,28.920380180664566,42,106,14,11
1632425111678,32.85418989540172,-117.23710195536574,28.970311163157486,42,106,14,11
1632425111852,32.8542112443627,-117.23710523507428,29.012819674387483,42,105,14,11
1632425112073,32.854297745479876,-117.23711786759259,29.21413126947074,41,102,14,11
1632425112197,32.85431962409664,-117.23712083271771,29.265518994166403,41,102,14,11
1632425112307,32.85434161835042,-117.23712371455342,29.324811986003937,41,102,14,11
1632425112444,32.85436372465114,-117.2371265119377,29.387533001947755,41,101,14,11
1632425112607,32.854385919465805,-117.23712923280765,29.443761117724822,42,101,14,11
1632425112722,32.85440823115822,-117.23713187482603,29.503714571006814,42,101,14,11
1632425112831,32.854430644068664,-117.23713442948045,29.559204658609485,42,100,14,11
1632425112948,32.85445315573386,-117.23713688801429,29.606363329653973,42,100,14,11
1632425113186,32.85454411943292,-117.23714553468434,29.79048531017254,43,98,14,11
1632425113332,32.85456710036106,-117.23714742761986,29.85812697452258,42,97,14,11
1632425113467,32.85459017524017,-117.23714918654183,29.925695859311027,42,96,14,11
1632425113581,32.854613311376454,-117.23715084960443,29.98654148297044,42,96,14,11
1632425113702,32.854636547943215,-117.23715241739808,30.05113360235029,42,94,14,11
1632425113996,32.85473015538392,-117.23715797385667,30.252097648499813,42,92,14,11
1632425114154,32.85475366847159,-117.23715924983222,30.283947033969547,41,91,14,11
1632425114246,32.854777261371595,-117.2371603904481,30.32584683634942,40,91,14,11
1632425114393,32.85480089670919,-117.23716148856452,30.37409647663846,39,90,14,11
1632425114574,32.854824642647756,-117.23716254702231,30.426401161457342,39,89,14,11
1632425114691,32.854848570684716,-117.2371636253387,30.472142063552326,38,89,14,11
1632425114801,32.85487237098274,-117.23716462106962,30.51183476521388,38,88,14,11
1632425114904,32.85494408858248,-117.23716726960873,30.62454606910466,36,85,14,11
1632425115080,32.85496811132151,-117.2371680692812,30.6757233401056,36,85,14,11
1632425115190,32.85499241712772,-117.23716883153116,30.735229217819725,35,83,14,11
1632425115280,32.85501652791586,-117.23716957697036,30.78264944589053,34,83,14,11
1632425115424,32.855040686681455,-117.23717027726406,30.82791821672029,34,82,14,11
1632425115559,32.85506486182658,-117.23717092069546,30.869835784824218,33,81,14,11
1632425115688,32.855137710994306,-117.23717263050186,31.017730468371024,33,81,14,11
1632425115805,32.85516207736981,-117.23717311342378,31.06877003523809,33,80,14,11
1632425115989,32.85518647544692,-117.23717351151416,31.113976307603476,33,80,14,11
1632425116109,32.85521089213529,-117.23717388783822,31.158463348783894,32,79,14,11
1632425116222,32.85523538753149,-117.23717425293464,31.21040238198551,32,79,14,11
1632425116312,32.8552599075497,-117.23717458383942,31.254212898905468,32,78,14,11
1632425116455,32.85528440734022,-117.23717493867423,31.291855780400176,31,77,14,11
1632425116591,32.85530897230197,-117.23717527931294,31.347585145391548,31,77,14,11
1632425116711,32.855333620065025,-117.23717552125254,31.409686808392195,31,76,14,11
1632425116934,32.85543232745185,-117.23717634520574,31.587646336148687,32,77,15,11
1632425117046,32.85545703769771,-117.23717651984947,31.62069618589416,32,77,15,11
1632425117210,32.8554817709084,-117.23717662702204,31.65647834234265,32,77,15,11
1632425117293,32.85550651874852,-117.23717673242066,31.709230120733732,32,77,15,11
1632425117450,32.85553129932977,-117.23717685437526,31.776431507194204,32,78,15,11
1632425117633,32.85555612212381,-117.23717699155341,31.83429857041223,32,78,15,11
1632425117799,32.85565525974232,-117.23717734966824,32.069018468305934,33,79,15,11
1632425117991,32.85568005181911,-117.23717737934342,32.12863413010141,33,79,15,11
1632425118106,32.85570491918978,-117.23717743107693,32.18377269576337,33,79,15,11
1632425118217,32.85572970764862,-117.2371775133272,32.23887951353894,33,79,15,11
1632425118304,32.85575449991009,-117.23717752899603,32.28850968753309,33,79,15,11
1632425118450,32.855779278934016,-117.2371775392352,32.33723870007094,33,79,15,11
1632425118588,32.8558040631155,-117.23717751726406,32.39383876919613,33,79,15,11
1632425118797,32.85590330224246,-117.23717724396647,32.56958958819989,33,78,15,11
1632425118952,32.855928065833865,-117.23717711623785,32.61663193829475,32,78,15,11
1632425119095,32.855952847570045,-117.23717695645134,32.67614823561144,33,79,15,11
1632425119207,32.8559776186635,-117.23717689463068,32.724624307346375,33,79,15,11
1632425119309,32.856002572613114,-117.23717683261816,32.77998579570012,33,79,15,11
1632425119455,32.85602730031735,-117.23717672481955,32.835189932147514,33,80,15,11
1632425119777,32.85612630446629,-117.23717606908767,33.064965705882116,33,79,15,11
1632425119887,32.856151255595144,-117.23717593326376,33.11107932405476,33,79,15,11
1632425120041,32.85617595170699,-117.23717576999498,33.153961553320514,33,79,15,11
