1632055989157,32.86941953905331,-117.22974432131188,51.51672680309168,93,147,12,11
1632055989271,32.86939168096761,-117.22974580034249,51.564788003424646,92,146,12,11
1632055989384,32.86936384210135,-117.22974727939074,51.61262369140759,91,146,12,11
1632055989496,32.869336038949555,-117.22974878171583,51.66222435126504,90,145,12,11
1632055989615,32.86930821647648,-117.22975026119782,51.71786860899375,89,145,12,11
1632055989789,32.86928045538888,-117.2297518294414,51.77252596010053,87,144,12,11
1632055989940,32.86925274135866,-117.22975322400805,51.824687066311235,86,144,13,11
1632055990158,32.86914198058327,-117.22975862645673,52.02497546118065,83,141,12,11
1632055990276,32.86911435933896,-117.22975989939181,52.05347725085279,82,140,12,11
1632055990407,32.86908671841182,-117.22976116292926,52.098989874903936,81,139,12,11
1632055990529,32.869059047590795,-117.22976248728209,52.140031314687924,80,139,12,11
1632055990645,32.86903141965675,-117.22976383208821,52.168953659051816,79,138,12,11
1632055990814,32.869003816009375,-117.22976508153093,52.194680436729335,78,136,12,11
1632055991057,32.86889333214446,-117.22976987756611,52.31768707480715,74,132,13,11
1632055991197,32.86886572391681,-117.229770947441,52.35026172306993,72,130,13,11
1632055991313,32.868838177295444,-117.22977191513081,52.37865988416662,71,128,13,11
1632055991421,32.8688105971296,-117.2297728581764,52.420430888875075,70,127,13,11
1632055991534,32.868782997495174,-117.22977379491061,52.46907751440605,69,125,13,11
1632055991655,32.86875544850818,-117.22977465189925,52.51417795899724,68,124,12,11
1632055991960,32.86864525531585,-117.22977794959375,52.6983466363686,65,120,11,11
1632055992129,32.8686177057347,-117.22977881333665,52.73612373082483,65,119,11,11
1632055992265,32.8685901825641,-117.22977968975542,52.77212485227696,64,119,11,11
1632055992377,32.8685626598899,-117.22978065117043,52.80709006887894,64,119,11,11
1632055992490,32.86853517514163,-117.22978168476605,52.84811258669245,64,119,11,11
1632055992604,32.868507654323054,-117.2297828052368,52.892846068049195,64,118,11,11
1632055992721,32.86842509600912,-117.22978649375251,53.04652563757308,64,118,10,11
1632055992868,32.86839757964465,-117.22978782608644,53.097063038296994,64,118,10,11
1632055992995,32.86837002444131,-117.22978918740723,53.14049271288863,64,118,10,11
1632055993119,32.86834249678104,-117.22979055276173,53.18782714461746,64,118,9,11
1632055993258,32.86831498152456,-117.22979196993933,53.23421828004483,65,118,7,11
1632055993360,32.868287431633924,-117.22979342835592,53.273385101833966,66,120,8,14
1632055993483,32.86825987245582,-117.22979490837216,53.31620953439512,68,121,0,13
1632055993675,32.868149610948194,-117.22980125529344,53.491841679466184,74,127,0,13
1632055993903,32.86812204877721,-117.22980298699659,53.53104163137123,76,128,0,13
1632055993986,32.86809448190618,-117.22980477882732,53.57275903342365,78,130,0,13
1632055994106,32.86806691546503,-117.2298066364491,53.61345070101598,80,132,0,13
1632055994336,32.86803934726706,-117.22980856225705,53.65538711179624,82,133,0,13
1632055994446,32.868011770453876,-117.22981055901747,53.69946745332106,84,135,0,13
1632055994583,32.86790148501515,-117.22981889207577,53.863129081237304,93,141,0,13
1632055994695,32.867873905151065,-117.22982104249034,53.90541617360494,95,143,0,13
1632055994881,32.867846322895716,-117.22982324050014,53.9456522422651,98,145,0,13
1632055994996,32.86781874483639,-117.2298254640393,53.984157054146294,100,147,0,13
1632055995154,32.86779115788701,-117.2298277058341,54.026180527653274,103,148,0,13
1632055995262,32.867763578800094,-117.22982996985539,54.06718021675409,106,150,0,13
1632055995409,32.867736001715585,-117.22983229344457,54.112375789494166,109,152,0,13
1632055995612,32.86762565091264,-117.22984209085622,54.27904285033496,120,160,0,13
1632055995795,32.86759806743101,-117.22984466200992,54.32119138817037,124,161,0,13
1632055995914,32.86757047325531,-117.22984725563693,54.36793601525154,127,163,12,11
1632055996059,32.867542881750865,-117.22984985869094,54.41185762287821,130,165,12,11
1632055996173,32.86751528608945,-117.22985250373624,54.45669826419874,133,167,12,11
1632055996373,32.86748769145107,-117.2298552024037,54.505965379965225,136,169,12,11
1632055996486,32.867460130083295,-117.22985787440214,54.55514699277276,138,171,12,11
1632055996603,32.86743258408323,-117.22986057551694,54.605333586441596,141,172,12,11
1632055996718,32.86740500930242,-117.22986334893314,54.664259080242346,143,174,12,11
1632055996790,32.8673223994272,-117.22987193826232,54.82173413679983,145,177,12,11
1632055996944,32.8672948928216,-117.2298749151812,54.869356006498194,146,179,12,11
1632055997093,32.86726741319913,-117.22987780103665,54.91393303525017,146,179,11,11
1632055997207,32.86723992155831,-117.22988076925078,54.96607047184541,145,180,11,11
1632055997314,32.86721242388669,-117.22988370552223,55.01554670511274,144,180,11,11
1632055997459,32.86718484974891,-117.22988667715303,55.06166933621226,144,181,11,11
1632055997672,32.86707489302502,-117.2298985084926,55.27033433975266,144,184,11,11
1632055997786,32.8670474058569,-117.22990148175101,55.312134389830824,143,184,11,11
1632055997940,32.86701986628175,-117.22990440401264,55.355418301531465,143,185,11,11
1632055998084,32.86699239691805,-117.22990739775925,55.401254071981846,142,185,11,11
1632055998200,32.86696493904006,-117.22991040805447,55.45049649008627,141,185,12,11
1632055998359,32.866937483114675,-117.22991344057209,55.506815725717395,139,185,12,11
1632055998607,32.86682760375763,-117.22992530665613,55.71420511530978,128,182,12,11
1632055998725,32.866800149312944,-117.2299281945205,55.77522976494018,125,181,12,11
1632055998885,32.86677262631294,-117.22993103995738,55.83927142349622,124,180,12,11
1632055998988,32.866745110003755,-117.2299338170311,55.90501628857504,122,180,12,11
1632055999143,32.86671756888906,-117.2299365980589,55.971337756364896,121,180,12,11
1632055999262,32.86668995495992,-117.22993932679769,56.035969709487155,119,180,12,11
