1612484537104,32.79102154048102,-117.2536009416042,-32.795533226058616,82,130,15,11
1612484537183,32.791021562534986,-117.25360095718523,-32.79417795828836,82,129,15,11
1612484537264,32.79102158651995,-117.25360097174308,-32.79313239392745,82,129,15,11
1612484537344,32.79102160520054,-117.25360098444729,-32.79131596357686,82,128,15,11
1612484537524,32.79102162411264,-117.25360099599295,-32.79007259998246,82,128,15,11
1612484537615,32.79102164663096,-117.25360100700529,-32.78874965631642,82,128,15,11
1612484537816,32.79102166753474,-117.25360102325578,-32.787579933496865,82,127,15,11
1612484537913,32.7910216929601,-117.25360103552649,-32.78568787326044,82,127,15,11
1612484538013,32.79102171253397,-117.25360104509062,-32.78414967690271,82,127,15,11
1612484538096,32.79102173537357,-117.25360105889222,-32.78281291771224,82,126,15,11
1612484538185,32.7910217502288,-117.25360106847599,-32.78087449231415,82,126,15,11
1612484538264,32.79102176914912,-117.25360108276216,-32.778886293782406,82,126,15,11
1612484538342,32.79102179667487,-117.2536010949429,-32.77713353897598,82,125,15,11
1612484538520,32.79102181776703,-117.253601104888,-32.7751923580042,82,125,15,11
1612484538603,32.79102184214259,-117.25360111899948,-32.77347781544849,82,125,15,11
1612484538685,32.791021865106046,-117.25360113063347,-32.771347174620516,82,125,15,11
1612484538818,32.79102188855888,-117.25360113966306,-32.76914346890857,82,124,15,11
1612484538907,32.79102191416285,-117.25360114585403,-32.76715864466974,82,124,15,11
1612484539009,32.791021941208236,-117.25360115983624,-32.764953022394415,82,124,15,11
1612484539115,32.79102196746759,-117.25360117156966,-32.76306343998016,82,124,15,11
1612484539205,32.79102199774535,-117.2536011854926,-32.761197341432606,82,124,15,11
1612484539357,32.79102202248364,-117.25360119292216,-32.7584714325846,82,123,15,11
1612484539434,32.791022052223106,-117.25360120622207,-32.75657687904297,82,123,15,11
1612484539537,32.7910220761233,-117.25360121271565,-32.75431533845278,82,123,15,11
1612484539619,32.79102210810302,-117.25360121980589,-32.75198449983438,82,123,15,11
1612484539708,32.7910221310638,-117.25360122776937,-32.74966387934492,82,123,15,11
1612484539903,32.791022164565405,-117.25360124026352,-32.747851016313824,82,123,15,11
1612484539996,32.79102218938317,-117.25360124873836,-32.74521658778904,82,123,15,11
1612484540096,32.79102221154552,-117.25360125143315,-32.74244111560926,82,122,15,11
1612484540182,32.79102223795681,-117.25360126306911,-32.739891081284085,82,122,15,11
1612484540263,32.79102226646133,-117.25360127057027,-32.73748740733122,82,122,15,11
1612484540344,32.79102228987357,-117.25360127736826,-32.73509879743221,82,122,15,11
1612484540492,32.791022316204106,-117.25360127868177,-32.73258447849282,82,122,15,11
1612484540583,32.79102233878204,-117.25360128441639,-32.73009251183238,82,122,15,11
1612484540675,32.79102236212141,-117.25360129125255,-32.727129532055415,82,122,15,11
1612484540768,32.79102238737597,-117.2536012960665,-32.72444783618989,82,122,15,11
1612484540904,32.791022420369096,-117.25360130607908,-32.72220028850351,82,122,15,11
1612484540997,32.791022445213564,-117.25360131184264,-32.71956907833907,82,122,15,11
1612484541099,32.791022464620816,-117.25360131021746,-32.716907778409656,82,122,15,11
1612484541183,32.79102249238963,-117.25360131956835,-32.71411107828543,82,121,15,11
1612484541266,32.7910225164266,-117.25360132299492,-32.71149688705034,81,121,15,11
1612484541345,32.791022543351914,-117.25360133045871,-32.70889774129442,81,121,15,11
1612484541493,32.79102256681089,-117.25360133385183,-32.70605736251502,81,121,15,11
1612484541596,32.79102259298785,-117.25360133813072,-32.70328195979808,81,121,15,11
1612484541736,32.79102268738008,-117.25360134668881,-32.691494560964976,81,121,15,11
1612484541860,32.7910227118713,-117.25360135069933,-32.68846748022742,81,121,15,11
1612484541950,32.791022733122354,-117.2536013533898,-32.68509968267708,81,121,15,11
1612484542038,32.79102275833203,-117.25360135775719,-32.68210129220279,81,121,15,11
1612484542174,32.79102277555696,-117.25360135609111,-32.67888585051194,81,121,15,11
1612484542270,32.79102279915292,-117.25360135526037,-32.67599375359938,81,121,15,11
1612484542373,32.791022821307614,-117.25360135573082,-32.672738641081565,81,121,15,11
1612484542456,32.791022842480245,-117.25360135805494,-32.66986130021236,81,121,15,11
1612484542543,32.79102286992462,-117.25360135691886,-32.66718518875968,81,121,15,11
1612484542678,32.79102289125021,-117.2536013575348,-32.66408908282922,81,121,15,11
1612484542769,32.79102290882542,-117.25360135771348,-32.66082326554883,81,121,15,11
1612484542871,32.791022932826216,-117.25360135804857,-32.65825891811467,81,121,15,11
1612484542953,32.79102295200016,-117.25360136142943,-32.65546829327466,81,121,15,11
1612484543040,32.79102296995566,-117.25360135485985,-32.652423507022064,81,121,15,11
1612484543139,32.79102299396278,-117.253601360795,-32.64965539130075,81,121,15,11
1612484543240,32.7910230141548,-117.25360135972295,-32.646705903256795,81,121,15,11
1612484543331,32.79102303279689,-117.2536013578441,-32.64397972117342,81,121,15,11
1612484543497,32.79102305289543,-117.25360135877469,-32.641295763386005,81,121,15,11
1612484543578,32.791023078633486,-117.25360135617342,-32.63863415463489,81,121,15,11
1612484543775,32.791023099176556,-117.25360135816489,-32.635450773015386,81,121,15,11
1612484543866,32.79102312717968,-117.253601359894,-32.632799784396155,81,121,15,11
1612484543968,32.79102314340803,-117.25360135904955,-32.62986840638585,81,121,15,11
1612484544051,32.79102316410538,-117.25360135671444,-32.6270521333181,81,121,15,11
1612484544133,32.791023184689834,-117.25360135546492,-32.6241756113559,80,121,15,11
1612484544226,32.791023208604706,-117.25360135738195,-32.62170687506703,80,121,15,11
1612484544309,32.791023223964814,-117.25360135309589,-32.61856534313583,80,121,15,11
1612484544413,32.79102324848161,-117.25360135826287,-32.6156053970047,80,121,15,11
1612484544561,32.79102326585213,-117.25360135410897,-32.612693103519405,80,121,15,11
1612484544640,32.79102328440215,-117.25360135472029,-32.6097933788373,80,121,15,11
1612484544780,32.791023307942,-117.25360135283903,-32.606841570679535,80,121,15,11
1612484544871,32.79102332675254,-117.25360135298722,-32.60409219800701,80,121,15,11
1612484544981,32.79102334680195,-117.25360135404624,-32.600866253911136,80,121,15,11
1612484545078,32.79102336550885,-117.25360135082221,-32.597611241920966,80,121,15,11
1612484545156,32.79102338116093,-117.25360135067419,-32.59456869483796,80,121,15,11
1612484545250,32.79102340044775,-117.25360134992447,-32.59156840631209,80,121,15,11
1612484545331,32.7910234163483,-117.2536013441081,-32.588165592746975,80,121,15,11
1612484545439,32.79102343652875,-117.25360133826862,-32.5852731755261,80,121,15,11
1612484545589,32.79102345062833,-117.2536013370165,-32.582668072516185,80,121,15,11
1612484545671,32.791023465473515,-117.25360132888325,-32.57911169634985,80,121,15,11
1612484545860,32.79102348041292,-117.25360132924193,-32.57629121963165,80,121,15,11
1612484545951,32.79102349197275,-117.25360132183108,-32.57276605890971,80,121,15,11
1612484546055,32.791023508874396,-117.25360131651303,-32.56994202209624,80,121,15,11
1612484546143,32.79102352134324,-117.25360130874614,-32.56700013692718,80,121,15,11
1612484546230,32.79102353444421,-117.25360130584328,-32.56371179834101,80,121,15,11
1612484546310,32.79102354555453,-117.2536013014358,-32.560714315484496,80,121,15,11
1612484546389,32.79102355640325,-117.25360129438812,-32.55738461522866,80,121,15,11
1612484546552,32.79102356910293,-117.25360129101826,-32.55456759886543,80,121,15,11
1612484546662,32.791023580233045,-117.25360128415132,-32.551526859227316,80,121,15,11
1612484546743,32.79102358846286,-117.25360127926247,-32.54820256567914,80,121,15,11
1612484546901,32.79102359679082,-117.25360127534611,-32.54530861192957,80,121,15,11
1612484546992,32.79102360404069,-117.25360127179985,-32.54214825436879,80,121,15,11
1612484547094,32.79102361287798,-117.25360126186932,-32.53871977974029,80,121,15,11
1612484547178,32.79102362283938,-117.25360126231762,-32.53602477508179,80,121,15,11
