1616287146278,32.84450130461047,-117.2765451009858,-3.900518824550851,30,44,10,11
1616287146481,32.84450237464281,-117.2765407092763,-3.89747462573286,30,43,10,11
1616287146594,32.844503521887304,-117.2765360570735,-3.892834159754495,30,43,10,11
1616287146706,32.84450473274062,-117.27653113766591,-3.883928634606849,30,43,10,11
1616287146774,32.8445086680901,-117.27651483074273,-3.847656977505411,29,42,9,11
1616287146894,32.84451005050408,-117.27650890612391,-3.8376062340278674,29,41,9,11
1616287146985,32.84451152707981,-117.27650279180138,-3.8237659937142867,29,42,10,11
1616287147173,32.84451306326509,-117.27649647154534,-3.809234283433135,30,42,10,11
1616287147284,32.84451464609102,-117.27648994087633,-3.7977743031833207,30,42,10,11
1616287147434,32.84451967352031,-117.27646910183194,-3.7575061850348117,32,44,10,11
1616287147575,32.84452148562185,-117.27646178100743,-3.7432391350748326,33,44,10,11
1616287147686,32.844523317125216,-117.27645425618564,-3.727529224331109,33,44,10,11
1616287147800,32.84452519656591,-117.27644658566184,-3.7155422240299267,34,45,10,11
1616287147913,32.84452708052815,-117.2764387231978,-3.707807613086587,34,45,10,11
1616287148052,32.84452902050776,-117.27643071376457,-3.698532092592972,34,45,10,11
1616287148326,32.84453705169552,-117.27639740997658,-3.652306642327287,33,44,10,11
1616287148447,32.84453909494357,-117.27638882483487,-3.6439866357321598,33,44,10,11
1616287148647,32.844541173056435,-117.276380178616,-3.6270638333412575,33,45,10,11
1616287148761,32.84454319933088,-117.27637145425648,-3.6158134902107766,33,44,10,11
1616287148874,32.84454524920689,-117.27636270113753,-3.6079922912666045,33,45,10,11
1616287148990,32.84454726805797,-117.27635388582095,-3.603458000385693,32,44,10,11
1616287149137,32.84454930419466,-117.27634508398248,-3.59481523062632,32,44,10,11
1616287149362,32.84455728940417,-117.27630972658118,-3.5506366920133945,30,43,10,11
1616287149476,32.8445592747488,-117.27630097640773,-3.5374353998695804,30,44,10,11
1616287149613,32.84456124198629,-117.27629222801059,-3.5258084835314603,29,43,10,11
1616287149729,32.844563185815055,-117.27628349729122,-3.519417702299405,29,43,10,11
1616287149848,32.844565168507955,-117.2762748024727,-3.5066697535281275,28,43,10,11
1616287149961,32.84456716889801,-117.27626606980397,-3.4904427464934322,28,42,10,11
1616287150086,32.844569128334136,-117.27625742577021,-3.475950863931441,28,42,10,11
1616287150330,32.84457700343408,-117.2762230985523,-3.419359637798082,29,44,9,11
1616287150445,32.844578963610786,-117.27621451385995,-3.4066858063575154,30,45,9,11
1616287150634,32.844580928313896,-117.27620601309576,-3.3949280087685043,31,46,9,11
1616287150751,32.84458288930224,-117.276197540133,-3.3819336109395066,31,46,9,11
1616287150863,32.844584812462145,-117.27618907778499,-3.368846410971015,32,47,9,11
1616287150976,32.84458674290397,-117.27618064456169,-3.3543703018547633,32,47,8,11
1616287151065,32.844588645172,-117.27617223980722,-3.341267531578605,32,48,8,11
1616287151331,32.8445962755485,-117.27613886343836,-3.3064225254453383,33,50,8,11
1616287151444,32.844598154874895,-117.2761305986398,-3.3003666483216993,34,51,8,11
1616287151594,32.84460005636643,-117.27612238758266,-3.2851913976560545,34,51,8,11
1616287151677,32.84460191948752,-117.2761142040562,-3.271537414405284,35,53,8,11
1616287151824,32.8446037645746,-117.27610609235019,-3.2588684388920615,35,53,7,11
1616287151936,32.84460560215676,-117.27609805759295,-3.2485211549850153,35,53,7,11
1616287152061,32.84460743188258,-117.27609007622657,-3.2362638318848824,35,53,7,11
1616287152325,32.8446146516213,-117.27605874411171,-3.195809624831904,36,55,7,11
1616287152450,32.84461645566983,-117.27605104378236,-3.1758514843325036,36,56,7,11
1616287152646,32.84461827866876,-117.27604342915853,-3.1601777929297685,36,56,7,11
1616287152767,32.844619998990254,-117.27603586822016,-3.155954342222284,37,56,7,11
1616287152880,32.84462164887532,-117.27602835427626,-3.1560911651065235,36,57,7,11
1616287153029,32.84462675376408,-117.27600599589049,-3.1121400896353406,37,57,7,11
1616287153141,32.84462839766458,-117.27599867612288,-3.1001141313285996,36,57,7,11
1616287153302,32.84463004478499,-117.27599138994515,-3.0848430899104793,36,57,7,11
1616287153448,32.844631720048554,-117.27598416172783,-3.072392904619881,36,57,7,11
1616287153564,32.84463335420785,-117.27597698011166,-3.065071868653545,36,57,7,11
1616287153704,32.844634960138656,-117.27596982234033,-3.056744462816483,36,57,8,11
1616287153817,32.8446365786866,-117.27596272253265,-3.045566899420186,35,57,8,11
1616287153936,32.844638177983505,-117.27595566209662,-3.0349329893009993,35,56,8,11
1616287154124,32.84464454579591,-117.27592788554043,-2.976705527379959,33,54,8,11
1616287154247,32.84464611580729,-117.27592104446971,-2.9626676027209298,32,53,8,11
1616287154391,32.84464766698327,-117.27591423455867,-2.949740669063756,32,53,8,11
1616287154541,32.84464923367297,-117.27590745859877,-2.933163101168002,31,52,8,11
1616287154739,32.84465074228952,-117.27590070331095,-2.9187327085358516,31,52,8,11
1616287154857,32.8446522640267,-117.27589398488476,-2.90845215494552,31,52,8,11
1616287155028,32.84465829135529,-117.27586757145201,-2.8785399100239766,31,51,8,11
1616287155139,32.84465979374831,-117.2758610423508,-2.8663931345298357,31,51,8,11
1616287155267,32.844661286593606,-117.27585457939172,-2.8508383765936065,30,50,8,11
1616287155411,32.844662743686676,-117.27584815308668,-2.8353667509778218,30,50,8,11
1616287155568,32.8446641850803,-117.27584171908799,-2.813872233497724,30,50,8,11
1616287155705,32.84466565882273,-117.27583534706599,-2.797290826286221,30,49,8,11
1616287155819,32.844667130031766,-117.2758290431581,-2.787902718110173,30,49,8,11
1616287155936,32.844668549966045,-117.27582276764703,-2.773315457069946,30,50,9,11
1616287156115,32.844674021525634,-117.27579837375121,-2.729501512449613,33,51,9,11
1616287156275,32.844675330864696,-117.27579251289964,-2.7136468497795767,33,52,9,11
1616287156424,32.84467662398602,-117.27578677644648,-2.6988902775700025,33,52,9,11
