1616531901763,32.87649490409201,-117.22993958328748,63.99934628634138,63,98,11,11
1616531901965,32.8764877381998,-117.22993996399373,64.00228161457652,64,99,10,11
1616531902188,32.876461474402994,-117.22994105378082,64.03998157278711,66,100,8,11
1616531902301,32.876455547123925,-117.22994120146313,64.05019879021941,66,100,9,11
1616531902408,32.87644987970509,-117.22994133756579,64.05438560437233,66,101,8,11
1616531902540,32.87644448399856,-117.22994141342043,64.05985073659741,67,101,8,11
1616531902685,32.87643936061604,-117.22994144431578,64.0673593440452,68,102,8,11
1616531902814,32.87643451116459,-117.22994146721929,64.07466741769015,69,102,8,11
1616531903081,32.87641776853385,-117.22994140655858,64.08332583596311,76,107,8,11
1616531903198,32.87641423749002,-117.22994139545563,64.08134939423827,79,108,7,11
1616531903319,32.87641094791506,-117.22994138120981,64.080305478832,81,110,7,11
1616531903450,32.876407954529704,-117.22994136477082,64.07648526477541,84,112,6,11
1616531903542,32.87640507610931,-117.22994135448651,64.07086721154856,87,113,5,11
1616531903707,32.876402700168214,-117.22994135008135,64.06701071891521,90,115,5,11
1616531903888,32.87639624520288,-117.22994129807469,64.06636868337804,97,119,5,11
1616531904006,32.87639464660787,-117.22994133398743,64.05685151520781,101,121,5,11
1616531904121,32.87639322038773,-117.22994132201353,64.05650805975489,102,122,5,11
1616531904294,32.87639206096307,-117.22994131798387,64.05128740536566,105,124,5,11
1616531904406,32.87639091923158,-117.22994132831128,64.04320800107905,109,126,5,11
1616531904543,32.8763899257756,-117.22994134164817,64.03457185433079,112,128,5,11
1616531904640,32.87638903482573,-117.22994135674804,64.02531723559298,116,130,5,11
1616531904773,32.876386590957516,-117.22994141806873,64.00004927182829,127,136,6,11
1616531904916,32.87638574733115,-117.22994144248045,63.991777470285,131,138,6,11
1616531905081,32.8763848670444,-117.2299414446584,63.987344453698384,133,140,6,11
1616531905193,32.876384045185105,-117.22994143378914,63.98430729037184,136,141,6,11
1616531905310,32.87638322327361,-117.22994140569456,63.98257245806851,139,143,6,11
1616531905424,32.876382347833285,-117.22994143684843,63.97500437776277,143,145,6,11
1616531905558,32.87638152535634,-117.22994146818583,63.9680800205521,146,147,6,11
1616531905772,32.87637751493219,-117.2299413108959,63.96220295899589,154,153,8,11
1616531905908,32.87637624105376,-117.2299413286537,63.95657668121578,158,155,8,11
1616531906105,32.87637483619015,-117.22994135524937,63.95096741932115,161,157,8,11
1616531906226,32.876373262159625,-117.22994116499468,63.952163918259444,158,158,7,11
1616531906438,32.87636559736044,-117.22994111824438,63.96047448914951,148,161,7,11
1616531906607,32.876363102883545,-117.2299409923055,63.969483145085285,146,161,7,11
1616531906719,32.876360588058944,-117.22994099259824,63.96933765635654,145,162,7,11
1616531906888,32.87635795751434,-117.22994113561494,63.9656943674131,144,163,7,11
1616531907058,32.87635505246052,-117.22994109230522,63.96625525588948,143,164,8,11
1616531907173,32.876352086267474,-117.22994122176212,63.963270984775555,143,165,8,11
1616531907389,32.87633862449045,-117.22994215429124,63.96239874517225,151,171,8,11
1616531907497,32.876334888591984,-117.22994251726556,63.96765873422353,153,173,8,11
1616531907684,32.87633102981454,-117.22994300527375,63.97822689348798,156,175,7,11
1616531907853,32.87631903154088,-117.22994511817991,64.00565127581189,164,181,7,11
1616531907993,32.87631491720842,-117.22994607675174,64.00733510809143,167,183,7,11
1616531908145,32.87631075300092,-117.22994720979041,64.00675303740736,170,185,14,9
1616531908336,32.876306566699704,-117.229948587548,64.00764432695952,174,187,12,9
1616531908521,32.876289698876285,-117.22995708264361,63.99029393328173,181,195,10,9
1616531908692,32.876285507095055,-117.22995977071736,63.97976264119683,183,197,10,9
1616531908804,32.87628138072422,-117.22996279034261,63.963649201726874,185,199,10,9
1616531909030,32.87627733174866,-117.22996610414943,63.95318495072491,186,201,10,9
1616531909150,32.87627330549669,-117.22996971613584,63.94865946819756,187,203,9,9
1616531909267,32.87626973873888,-117.22997310823925,63.94879935341062,190,205,7,11
1616531909495,32.87625550130745,-117.22999085994545,63.91661637635676,205,214,7,11
1616531909629,32.876252424066244,-117.22999600069946,63.91004577656416,208,216,7,11
1616531909740,32.87624952911878,-117.23000146418596,63.90612215127746,212,219,7,11
1616531909945,32.87624684907709,-117.23000724078126,63.895663173187536,215,221,7,11
1616531910177,32.87623853414383,-117.23003325034728,63.86854781693204,229,229,9,11
1616531910290,32.87623710732484,-117.23004043923062,63.861128580354666,232,230,9,11
1616531910423,32.87623590717326,-117.23004785636518,63.85110029870003,234,232,9,11
1616531910532,32.876234993147264,-117.23005549680552,63.84436494310774,236,233,9,11
1616531910676,32.8762343557983,-117.23006335983119,63.83709171716583,237,234,9,11
1616531910798,32.876234016251715,-117.23007148162642,63.826421419204856,239,236,9,11
1616531911066,32.87623534094355,-117.23010608619033,63.82016246219058,240,238,9,11
1616531911181,32.87623626841285,-117.23011528583167,63.818496112801874,240,239,9,11
1616531911334,32.87623738018772,-117.23012488889404,63.81387077976477,243,241,11,11
1616531911446,32.876238579318894,-117.23013476880499,63.81014793965998,245,242,11,11
1616531911537,32.876239882895625,-117.23014491021236,63.807929907345255,247,244,11,11
1616531911691,32.87624122624179,-117.23015530726605,63.80518958012453,248,245,11,11
1616531911816,32.87624258017751,-117.23016599923281,63.80086116307792,247,246,11,11
1616531911981,32.876246976354096,-117.23019953638358,63.78601122682181,261,253,11,11
