1620506180761,32.80289975671239,-117.03848314934028,169.89405178848386,30,52,10,11
1620506180935,32.80293441740729,-117.03846431398613,169.83911232816865,31,52,9,11
1620506181023,32.80294592268777,-117.03845819861743,169.81790577239948,31,53,8,11
1620506181194,32.80295741575512,-117.03845217911501,169.79626099733105,32,53,8,11
1620506181307,32.80296888319384,-117.03844627318787,169.77613262419618,32,53,8,11
1620506181421,32.80298032784776,-117.03844045930511,169.74813678616786,33,54,8,11
1620506181559,32.802991767495264,-117.03843473738989,169.71997660957402,33,55,8,11
1620506181675,32.803003142036545,-117.0384290708592,169.69272074106973,34,55,7,11
1620506181790,32.803014499100804,-117.03842348972827,169.66798913782696,35,56,7,11
1620506181991,32.80305981486905,-117.03840211003252,169.54310339642532,39,58,7,11
1620506182158,32.80307107891775,-117.0383969613597,169.5066880048712,39,59,7,11
1620506182273,32.803082340867945,-117.0383919289487,169.4722540489607,40,60,7,11
1620506182389,32.80309357716714,-117.03838698176006,169.43469552819965,41,60,7,11
1620506182530,32.80310480357933,-117.03838209835307,169.39487786986925,42,61,7,11
1620506182643,32.80311605706114,-117.03837732844524,169.35826718953763,42,61,7,11
1620506182757,32.80312736376214,-117.03837258609302,169.3212180649994,42,61,7,11
1620506182927,32.80316102407861,-117.03835876745507,169.19456682419343,43,61,9,11
1620506183029,32.80317223502046,-117.0383543179296,169.14801709521026,42,61,8,11
1620506183176,32.803183455155455,-117.03834989740292,169.10299566566783,42,61,8,11
1620506183295,32.803194734242595,-117.03834545409498,169.06216947323492,42,61,8,11
1620506183409,32.80320587309073,-117.03834110770373,169.01708741551826,42,61,8,11
1620506183545,32.80321702003352,-117.03833679231774,168.97542148813287,43,62,8,11
1620506183663,32.8032281511578,-117.03833244803107,168.93547497794356,43,62,7,11
1620506183777,32.80323925650349,-117.03832813419798,168.89579707365152,43,62,7,11
1620506184000,32.80328349759448,-117.03831100544454,168.71841015634243,47,65,8,11
1620506184144,32.803294519799,-117.03830674376042,168.67199388537833,48,66,8,11
1620506184297,32.80330553149495,-117.03830252430818,168.62834189276361,49,67,8,11
1620506184413,32.80331654038819,-117.03829830126433,168.58268888323622,50,68,8,11
1620506184545,32.80332751155477,-117.03829411557341,168.53332798364846,51,69,8,11
1620506184660,32.803338463688014,-117.03828993470543,168.4805791151461,51,69,8,11
1620506184780,32.80334942303455,-117.03828575653927,168.43282749149463,52,70,8,11
1620506184905,32.803382134517705,-117.03827351334579,168.28660991013913,53,72,10,11
1620506185064,32.803392940891726,-117.0382695239217,168.23892760192552,53,72,10,11
1620506185260,32.80340367767086,-117.03826553777975,168.18960158905037,52,72,10,11
1620506185374,32.80341434928566,-117.03826158205386,168.14401658560072,51,71,10,11
1620506185510,32.80342495067715,-117.03825773312134,168.10121251822247,50,71,10,11
1620506185620,32.80343544756503,-117.03825390167991,168.06185707714954,49,70,10,11
1620506185733,32.80344586369017,-117.03825014560057,168.0263472576325,47,69,10,11
1620506185930,32.80348629134061,-117.03823565602619,167.87356766912777,46,69,10,11
1620506186051,32.803496134165705,-117.03823216224929,167.8387744659393,46,69,10,11
1620506186222,32.80350585924421,-117.03822873211433,167.80781483743894,46,69,10,11
1620506186334,32.803515460821366,-117.03822531858879,167.77742489216132,46,69,10,11
1620506186450,32.80352496004166,-117.03822195933215,167.7489351708302,46,69,10,11
1620506186592,32.80353435438639,-117.03821863375101,167.71939804445452,46,69,10,11
1620506186706,32.803543629330754,-117.0382153685905,167.69071317523296,46,69,10,11
1620506186916,32.803579594790335,-117.03820270738713,167.5770806441231,46,69,10,11
1620506187060,32.803588296433475,-117.03819958888619,167.54912792964325,46,69,10,11
1620506187227,32.80359689741348,-117.0381965154042,167.52656607663963,46,69,10,11
1620506187352,32.80360536579984,-117.03819347274356,167.5056841018877,47,69,10,11
1620506187487,32.80361369227985,-117.03819042455699,167.48041490995135,47,69,10,11
1620506187601,32.80362190063715,-117.03818748637282,167.4465302520768,47,69,10,11
1620506187717,32.803630007041846,-117.03818459982243,167.41917516094972,48,70,10,11
1620506187898,32.803661343455666,-117.03817326604273,167.32345077610753,47,69,10,11
1620506188048,32.80366889974161,-117.03817052701403,167.30118895180533,47,69,10,11
1620506188178,32.80367635473397,-117.03816782156679,167.27950887750046,47,69,10,11
1620506188322,32.80368369645792,-117.03816515700578,167.25941868974428,47,69,10,11
1620506188455,32.80369093468165,-117.0381625100133,167.23814184870238,47,68,10,11
1620506188567,32.80369807007288,-117.03815988193531,167.21870259168514,46,68,10,11
1620506188681,32.80370510674968,-117.03815731325254,167.19807766251367,46,67,10,11
1620506188989,32.80373224197578,-117.03814730287053,167.1324206143277,46,67,10,11
1620506189086,32.80373876672442,-117.03814487577101,167.1143935731908,46,67,10,11
1620506189205,32.80374519259509,-117.03814248318956,167.0975135019176,46,67,10,11
1620506189350,32.80375153216844,-117.03814011816435,167.08303704125524,46,66,10,11
1620506189495,32.803757770408374,-117.03813778744654,167.06903201576085,46,67,10,11
1620506189607,32.8037639115369,-117.03813548175263,167.05587801568214,46,67,10,11
1620506189718,32.803769946281804,-117.03813318913753,167.04503837554086,46,67,10,11
1620506189896,32.80379288291554,-117.03812434730435,167.0076276323561,47,67,10,11
1620506190072,32.803798270564954,-117.03812221358048,166.9993075810303,48,67,10,11
1620506190189,32.80380350017314,-117.03812009389615,166.99247932162052,49,68,10,11
1620506190344,32.80380858010589,-117.03811802674305,166.98534020488592,50,69,10,11
1620506190481,32.80381351330534,-117.03811598402649,166.97707630327372,52,70,10,11
1620506190596,32.80381831812124,-117.03811398308893,166.96949033244132,52,71,10,11
1620506190709,32.80382300068544,-117.0381120325461,166.964071956986,51,70,10,11
1620506191008,32.803840056630584,-117.03810478326827,166.93988868662802,52,71,10,11
