4925063641439,32.961713908808775,-117.10364081058253,156.35096829673387,81,121,15,11
4925063641533,32.96172245964842,-117.10361540609311,156.3101991295217,81,121,15,11
4925063641620,32.96173101151513,-117.10359003831641,156.27243507529445,81,121,15,11
4925063641736,32.96173951440685,-117.10356475650912,156.2201569456476,81,121,15,11
4925063641901,32.961748040639385,-117.1035394047411,156.1717695904762,80,121,15,11
4925063642025,32.961756500367095,-117.10351421210585,156.13171636672647,80,121,15,11
4925063642115,32.96176492690919,-117.10348910997745,156.0850336894815,80,121,15,11
4925063642255,32.96177332499861,-117.10346406533147,156.03941054291587,80,121,15,11
4925063642339,32.96178170536294,-117.10343906551722,155.99841804744366,81,121,14,11
4925063642434,32.96179006752379,-117.10341416316264,155.95208161389945,81,121,15,11
4925063642535,32.96179845719756,-117.10338921610901,155.90680422973773,80,121,15,11
4925063642621,32.96180678151142,-117.10336444207626,155.86095598808066,80,121,15,11
4925063642692,32.961815092989205,-117.10333975741219,155.8094469690131,80,121,15,11
4925063642786,32.96182339689049,-117.10331514120053,155.75737795905334,81,121,14,11
4925063642891,32.9618316816264,-117.10329058509538,155.70494874577122,81,121,14,11
4925063643013,32.961839938050936,-117.10326609581088,155.64988223561338,81,121,14,11
4925063643152,32.961848203955725,-117.10324157532806,155.5930703281477,80,121,14,11
4925063643243,32.96185642165167,-117.10321722158481,155.53607298679896,80,121,14,11
4925063643331,32.96186461941104,-117.10319294595853,155.47780312294464,80,121,14,11
4925063643424,32.96187277610509,-117.1031687353231,155.4152755989729,80,121,14,11
4925063643531,32.96188092246349,-117.10314457699128,155.35923536842708,80,121,14,11
4925063643615,32.9618890487521,-117.10312046870126,155.3007830847002,80,121,14,11
4925063643698,32.96189718086018,-117.1030963382314,155.24050302441327,80,120,15,11
4925063643791,32.96190525999213,-117.10307231634586,155.18376900649852,80,121,15,11
4925063643953,32.96191331737256,-117.10304832846913,155.12349839834934,81,121,15,11
4925063644081,32.96192136579287,-117.1030243550591,155.06548463448686,81,121,15,11
4925063644164,32.9619294082381,-117.10300039694592,155.0092714680098,81,121,15,11
4925063644314,32.96193745037744,-117.10297646861568,154.94871836006394,81,121,15,11
4925063644402,32.961945511049464,-117.10295247505802,154.88941617043102,81,120,15,11
4925063644492,32.96195354349506,-117.10292857881387,154.82860198631332,81,120,15,11
4925063644597,32.961961582943715,-117.10290469362783,154.76958057591864,81,121,15,11
4925063644679,32.96196962124113,-117.10288081758014,154.71162232965096,81,121,14,11
4925063644772,32.9619776926679,-117.10285696505669,154.65448219368332,81,121,14,11
4925063644856,32.96198576565947,-117.10283313314125,154.59782802501292,81,121,15,11
4925063644960,32.961993870256414,-117.10280925664749,154.5382983481111,81,120,15,11
4925063645082,32.96200197342412,-117.10278546114465,154.4786242097152,81,120,15,11
4925063645169,32.96201006123781,-117.10276166576574,154.41573690602672,81,121,14,11
4925063645318,32.96201814108575,-117.10273787697734,154.35284224307787,81,121,14,11
4925063645401,32.962026216706775,-117.1027140788504,154.2919152899324,81,121,14,11
4925063645521,32.96203429918907,-117.10269024933457,154.23364935140606,81,121,14,11
4925063645602,32.9620424040732,-117.102666402684,154.1647815862214,81,120,14,11
4925063645681,32.96205051757789,-117.10264257670212,154.09475802005102,81,120,14,11
4925063645756,32.96205863461836,-117.10261872082637,154.0232631290303,81,121,14,11
4925063645847,32.96206675817728,-117.10259485846736,153.94617388313094,81,121,13,11
4925063646016,32.96207489672131,-117.10257096672774,153.87059548514364,81,121,15,11
4925063646136,32.96208306192098,-117.10254701898965,153.80039720518135,81,121,15,11
4925063646236,32.96209127322274,-117.1025230045576,153.7283255892544,81,120,15,11
4925063646321,32.962099492456375,-117.10249900439365,153.65105239595414,81,120,14,11
4925063646400,32.96210774177758,-117.1024749567294,153.5725864770579,81,121,14,11
4925063646563,32.96211601518494,-117.10245084549483,153.496177431726,81,121,14,11
4925063646664,32.96212431926394,-117.10242669305909,153.41714323866674,81,121,14,11
4925063646745,32.96213263882093,-117.10240249127585,153.33988686090328,81,121,14,11
4925063646827,32.96214100288379,-117.10237822000475,153.26267938446335,81,120,14,11
4925063646908,32.962149370172476,-117.10235393914574,153.17874616322246,81,120,14,11
4925063647012,32.962157770763326,-117.10232957344708,153.1049194334577,81,121,14,11
4925063647133,32.962166212509715,-117.10230513925194,153.03160948196262,81,121,14,11
4925063647224,32.96217461677723,-117.10228066114631,152.9450280441839,81,121,14,11
4925063647311,32.96218295477498,-117.10225607507219,152.85967802231423,81,121,14,11
4925063647406,32.96219126699726,-117.1022313484154,152.78282238346944,80,120,14,11
4925063647576,32.9621995821747,-117.10220652075381,152.7054305258123,80,120,14,11
4925063647674,32.96220794208114,-117.10218161224513,152.62315655997332,80,121,14,11
4925063647755,32.96221634373927,-117.10215657555605,152.54108227583689,80,121,14,11
4925063647842,32.96222477152111,-117.10213142340196,152.45485033519927,80,121,14,11
4925063647923,32.962233237820435,-117.10210613765105,152.3683239275822,80,121,14,11
4925063648082,32.96224174609452,-117.10208069256181,152.2872423198498,80,120,14,11
4925063648202,32.96225028780126,-117.1020551028398,152.2044787485283,80,120,14,11
4925063648295,32.96225886021677,-117.10202940129373,152.1158904074531,80,120,15,11
4925063648436,32.96229369885749,-117.1019252311574,151.77231143636925,80,120,15,11
4925063648540,32.96230262816464,-117.10189890877294,151.68611335264504,81,120,15,11
4925063648638,32.962311685357186,-117.10187248085279,151.60203294217956,81,120,15,11
4925063648731,32.96232087455327,-117.10184597004827,151.51336928128046,81,120,15,11
4925063648840,32.962330193862364,-117.10181940974545,151.41541854448766,81,121,15,11
4925063648971,32.962339672716865,-117.10179278854172,151.32202496602287,81,121,15,11
4925063649098,32.96234929275869,-117.10176609194379,151.23177672935,81,120,15,11
4925063649177,32.96235904645815,-117.1017393754627,151.1320764294022,81,120,15,11
4925063649289,32.9623689169165,-117.10171260279115,151.0348523191656,81,121,15,11
4925063649422,32.96237888414176,-117.10168578745203,150.93585432371344,82,121,15,11
4925063649517,32.96238892521287,-117.10165897811034,150.82696061877775,82,121,15,11
4925063649601,32.962399039653576,-117.10163212401899,150.72440576954997,82,121,15,11
4925063649681,32.9624091993749,-117.10160526317961,150.6144412686943,82,121,15,11
4925063649767,32.96241941337688,-117.1015784281744,150.49230447932626,82,121,15,11
4925063649926,32.96242971180472,-117.10155159878819,150.3756927620242,82,121,15,11
4925063650051,32.9624400766876,-117.10152479681186,150.25760803077324,82,121,15,11
4925063650142,32.96245050814886,-117.10149802451501,150.13759689643916,82,121,15,11
4925063650234,32.96246100416829,-117.10147127839284,150.01499894907448,82,121,15,11
4925063650318,32.96247152878713,-117.1014445701845,149.88923318438728,82,121,15,11
4925063650486,32.962482123119656,-117.1014178818375,149.7707360706828,82,121,15,11
4925063650567,32.962492785830236,-117.10139121102132,149.65538863728239,82,121,15,11
4925063650648,32.962503490200916,-117.10136456177541,149.53838054296705,82,121,15,11
4925063650728,32.96251425672283,-117.10133796159886,149.4186783411553,82,121,15,11
4925063650809,32.96252506127568,-117.10131137746272,149.29860472326126,82,121,15,11
4925063650912,32.96253591598112,-117.10128479267762,149.18162042451473,82,121,15,11
4925063651041,32.96254681933596,-117.10125821536523,149.06339343800957,82,121,15,11
4925063651122,32.96255776085437,-117.10123162423653,148.94861827046458,82,121,15,11
4925063651216,32.96256876116949,-117.10120504330429,148.82990362369736,82,121,15,11
4925063651288,32.9625798287554,-117.10117847708793,148.70855896769535,82,121,15,11
4925063651468,32.96259095068702,-117.10115191163057,148.58821027389448,82,121,15,11
4925063651555,32.96260211685814,-117.10112534888542,148.46580329894596,82,121,15,11
