1616373643637,32.77986784270412,-117.17277125032668,71.57213331085671,33,58,12,11
1616373643802,32.77988514748431,-117.17276953829325,71.61168343668105,33,58,12,11
1616373643984,32.779952400454086,-117.17276273883435,71.80675737486489,32,57,12,11
1616373644183,32.77996868481653,-117.1727611072396,71.8566110698363,32,56,12,11
1616373644309,32.77998475621695,-117.17275951725567,71.90726734603844,33,57,12,11
1616373644427,32.780000603818976,-117.17275793089217,71.95265367148934,34,58,12,11
1616373644528,32.78001624406854,-117.17275637227453,71.99732268576984,35,58,12,11
1616373644650,32.780031662793654,-117.172754842432,72.04039609421511,35,59,12,11
1616373644794,32.78004686525074,-117.1727533613322,72.08134801373205,36,59,12,11
1616373644923,32.780091110452446,-117.17274906956521,72.19044386278571,37,60,12,11
1616373645008,32.780105412351816,-117.17274766443722,72.22949341288582,38,61,11,11
1616373645159,32.78011948118999,-117.17274628872929,72.26512107945074,37,61,11,11
1616373645311,32.78013333668252,-117.17274496190441,72.30135491129889,38,61,11,11
1616373645442,32.78014698845532,-117.17274367879502,72.34000658278867,39,62,13,11
1616373645577,32.78016042713236,-117.1727424076712,72.36894499389115,39,62,12,11
1616373645695,32.78017364352976,-117.172741154333,72.39196525833394,38,62,12,11
1616373645783,32.78018665000851,-117.1727399246675,72.4178668318306,37,61,12,11
1616373645927,32.780199455129576,-117.17273869942835,72.4493004303235,37,61,12,11
1616373646015,32.78021206957538,-117.1727375072146,72.48450798486161,36,60,12,11
1616373646192,32.78022448601459,-117.17273633356511,72.5194361306692,35,60,12,11
1616373646291,32.780260524206554,-117.17273295238051,72.6166837469788,36,60,12,11
1616373646414,32.78027213624068,-117.17273185840008,72.64610585043663,36,60,12,11
1616373646551,32.78028355521316,-117.1727307751315,72.67526454353495,36,61,12,11
1616373646661,32.78029477598774,-117.17272975639764,72.70425040489764,36,61,12,11
1616373646749,32.780305802802786,-117.17272875847954,72.73337988400394,37,62,12,11
1616373646907,32.78033770877914,-117.17272597488989,72.82099630710499,39,63,12,11
1616373646991,32.7803479638377,-117.17272507365391,72.84715632608524,38,63,12,11
1616373647194,32.780358010928204,-117.17272421687663,72.8754223866203,38,63,12,11
1616373647313,32.780367869618026,-117.17272338728624,72.90456866648009,37,62,12,11
1616373647429,32.78037753453873,-117.17272256171935,72.9324166156784,36,61,12,11
1616373647529,32.78038698645921,-117.17272175547205,72.9587881108737,36,62,12,11
1616373647676,32.7803962661975,-117.17272098104344,72.98873828825346,35,60,14,11
1616373647819,32.78040534199599,-117.17272024273136,73.01917678516507,34,60,14,11
1616373647920,32.78043134001137,-117.1727180848784,73.09402552355418,32,58,14,11
1616373648005,32.780439608920304,-117.17271739618013,73.11615697211315,31,57,14,11
1616373648204,32.78044766389436,-117.17271671442232,73.13684497334322,31,56,14,11
1616373648320,32.78045551724056,-117.17271603643444,73.15795771299965,30,55,14,11
1616373648432,32.780463163051465,-117.17271537742111,73.17902848684957,30,55,14,11
1616373648566,32.78047060604474,-117.17271473434057,73.1994593417025,30,55,14,11
1616373648690,32.78047785204824,-117.17271410927931,73.22210943904354,29,54,14,11
1616373648813,32.780484871870286,-117.17271348652302,73.24202902192901,30,54,14,11
1616373648908,32.78050466483152,-117.17271173442742,73.2940010794125,31,55,14,11
1616373649089,32.78051083852641,-117.17271119368364,73.30922900544391,31,55,14,11
1616373649232,32.780516800493665,-117.17271066750524,73.32545308564629,31,55,14,11
1616373649353,32.78052252758036,-117.17271015229744,73.3399323174486,31,55,14,11
1616373649470,32.78052798443919,-117.17270966276665,73.35352017608692,32,55,14,11
1616373649604,32.78053314643815,-117.1727091963001,73.3659391847443,32,55,14,11
1616373649716,32.78053801990719,-117.17270877106768,73.37673345320655,32,55,14,11
1616373649808,32.78054262198012,-117.17270836114757,73.38614474011445,32,56,14,11
1616373650052,32.780558582116434,-117.17270692441812,73.41924490108975,33,56,14,11
1616373650198,32.78056198185011,-117.17270661774013,73.4255842265374,33,57,14,11
1616373650310,32.780565154674385,-117.17270633234324,73.4315398692104,33,57,14,11
1616373650426,32.78056810951591,-117.17270606911035,73.43938513936622,33,57,14,11
1616373650529,32.7805708535348,-117.1727058332878,73.44818785705178,33,56,14,11
1616373650689,32.780573390956135,-117.17270561079904,73.45519062389806,32,56,14,11
1616373650777,32.78057574053964,-117.17270540725936,73.46172888319134,32,55,14,11
1616373650946,32.78058171720436,-117.17270487175462,73.47675520382968,31,55,14,11
1616373651105,32.780583378526835,-117.17270471680663,73.47853310874164,31,55,14,11
1616373651312,32.78058488353974,-117.1727045684088,73.48232163705478,31,55,14,11
1616373651425,32.780586230408716,-117.17270444270079,73.48779717620063,30,54,14,11
1616373651540,32.78058741870805,-117.17270432964301,73.49244789574537,29,53,14,11
1616373651693,32.780590725124476,-117.17270398458504,73.49668982570161,29,53,14,11
1616373651845,32.78059122490712,-117.17270392784567,73.49666580898594,30,53,14,11
1616373652005,32.78059158855961,-117.17270388533667,73.49587295855548,30,54,14,11
1616373652118,32.78059181580143,-117.1727038560733,73.49572403887883,30,54,14,11
1616373652341,32.780591892120626,-117.17270381155885,73.48770649648819,31,55,14,11
1616373652482,32.78059187220019,-117.1727038018855,73.48498757594574,32,55,14,11
1616373652596,32.78059186871281,-117.17270379181798,73.48301577472539,32,56,14,11
1616373652684,32.78059186067997,-117.17270377528264,73.48061342293023,33,56,14,11
1616373652830,32.780591848443876,-117.17270376224076,73.47870985723506,34,57,14,11
1616373653002,32.780591861157745,-117.17270376604546,73.47740301060897,34,57,14,11
1616373653121,32.78059185893955,-117.17270376882003,73.47416526976379,34,59,14,11
1616373653250,32.78059186280584,-117.17270376057272,73.47277454973452,34,60,14,11
1616373653371,32.780591861675326,-117.1727037636091,73.47237897540238,35,60,14,11
1616373653512,32.780591864564194,-117.17270376884098,73.47302584913604,35,61,14,11
1616373653624,32.780591865293644,-117.17270377661119,73.47321757401446,34,61,14,11
1616373653715,32.780591860493566,-117.17270377381162,73.47392830028522,34,61,14,11
