1631984599540,32.80322756288079,-116.94355412532651,112.24436229571413,69,124,13,11
1631984599674,32.80322756667032,-116.94358825530146,112.27443121819685,69,124,13,11
1631984599787,32.80322757577425,-116.94362233354215,112.30679516496188,68,125,13,11
1631984599972,32.80322758745545,-116.94365655051702,112.33544301198222,68,125,13,11
1631984600217,32.80322736899859,-116.94379262110004,112.4439034316851,64,123,13,11
1631984600330,32.803227224182635,-116.94382658984925,112.46769032541665,63,123,13,11
1631984600426,32.803227118111856,-116.94386069891014,112.49006804175853,62,122,13,11
1631984600570,32.803226973145385,-116.94389462875915,112.50619586131648,60,120,13,11
1631984600702,32.80322683910304,-116.94392853418532,112.5217120942003,59,119,12,11
1631984600833,32.8032267198693,-116.94396241401857,112.52642230721796,58,118,12,11
1631984600949,32.80322658880343,-116.94399625361272,112.53498038234625,57,116,12,11
1631984601067,32.80322649158664,-116.94403008894865,112.53813886997774,55,114,12,11
1631984601170,32.80322617729864,-116.94413167698227,112.56396654069749,52,110,11,11
1631984601257,32.80322607950832,-116.94416543791999,112.58355811990997,51,108,11,11
1631984601388,32.803225975128484,-116.94419920113101,112.59737774469264,50,107,11,11
1631984601534,32.80322585878127,-116.94423289441289,112.60252325110065,48,104,11,11
1631984601674,32.803225733840016,-116.9442668323079,112.6117905692681,46,102,10,11
1631984601861,32.803225596829236,-116.94430052633534,112.61060234014775,46,101,10,11
1631984601978,32.803225470778926,-116.94433418354224,112.60806355757056,47,102,10,11
1631984602158,32.803225028917964,-116.94446898784902,112.61928626945348,47,100,9,11
1631984602359,32.80322489314043,-116.94450257628556,112.6240474953338,47,100,9,11
1631984602474,32.80322473334029,-116.94453625590937,112.64318146591718,46,99,9,11
1631984602570,32.803224595550695,-116.94456987458399,112.61344951681482,45,96,9,11
1631984602737,32.80322445126435,-116.94460335937453,112.55103123233845,44,95,10,11
1631984602851,32.803224323046464,-116.94463686230395,112.51219489842657,44,95,10,11
1631984602984,32.80322425164474,-116.94467070235456,112.51376037040323,44,94,10,11
1631984603223,32.8032238494407,-116.94480508200166,112.50419437406434,43,93,10,11
1631984603338,32.80322371801243,-116.94483854131593,112.43437407669327,43,93,10,11
1631984603454,32.80322365787898,-116.94487210546481,112.4047531753272,43,93,9,11
1631984603565,32.8032236236969,-116.94490571593286,112.39920656938902,43,92,9,11
1631984603678,32.803223598703404,-116.94493933657364,112.39119532056284,42,91,9,11
1631984603882,32.8032235656112,-116.94497295414246,112.36214915168246,43,91,12,11
1631984604087,32.80322351812061,-116.94510732660133,112.21359386849647,41,87,11,11
1631984604288,32.80322352090696,-116.94514095054835,112.18507826364717,40,86,11,11
1631984604401,32.80322352968396,-116.94517461545173,112.15491415334303,40,86,11,11
1631984604556,32.803223506162645,-116.94520827344438,112.11578920323234,40,85,11,11
1631984604671,32.80322348854451,-116.94524190467055,112.06984452366827,40,85,10,11
1631984604784,32.8032234914707,-116.94527555991112,112.03333541292064,40,85,10,11
1631984604931,32.80322349547686,-116.94530922872481,112.00063097072967,40,85,10,11
1631984605181,32.80322336943421,-116.9454437621266,111.84051358333286,39,83,10,11
1631984605291,32.803223317914345,-116.94547737007383,111.79555238467366,39,83,10,11
1631984605404,32.80322324417808,-116.94551093884856,111.74699930140159,39,83,10,11
1631984605516,32.80322320323086,-116.94554448701307,111.69450716432723,39,82,10,11
1631984605632,32.803223187785264,-116.94557804279273,111.64695547553286,39,82,10,11
1631984605906,32.80322312093524,-116.94571209969283,111.44280832240788,37,78,12,11
1631984606022,32.80322310184553,-116.94574556299446,111.38724739908356,37,78,12,11
1631984606201,32.803223056725564,-116.94577901825159,111.33103634445426,36,77,12,11
1631984606371,32.8032230116635,-116.94581243484241,111.27404448289985,36,77,12,11
1631984606484,32.80322296303317,-116.94584580599275,111.2109101232797,36,77,12,11
1631984606604,32.80322293377474,-116.94587914402118,111.14748506530665,36,76,12,11
1631984606800,32.80322280332466,-116.94601247448037,110.91846179248158,35,74,12,11
1631984606915,32.80322279222409,-116.94604582523732,110.85505612403855,34,74,12,11
1631984607030,32.80322275138719,-116.94607915149544,110.79186739560217,34,73,13,11
1631984607198,32.80322270063292,-116.94611248111315,110.72417896143065,33,73,13,11
1631984607402,32.8032226273053,-116.94614580752298,110.65315033723232,34,73,13,11
1631984607599,32.80322236971245,-116.94627925387054,110.36980433291889,33,71,13,11
1631984607782,32.803222337509936,-116.94631264063841,110.2907366550272,33,71,13,11
1631984607893,32.803222293426806,-116.9463460169186,110.21154215455051,33,71,13,11
1631984608005,32.80322225623815,-116.94637939691593,110.13309919395373,33,71,13,11
1631984608135,32.8032222323405,-116.94641280472332,110.05652275635735,33,70,12,11
1631984608301,32.80322213192646,-116.94651318834485,109.83326390337913,32,70,12,11
1631984608415,32.80322210221861,-116.94654662775002,109.75040053896997,33,70,12,11
1631984608529,32.80322210050468,-116.94658012180045,109.67084102759709,33,70,12,11
1631984608663,32.80322209243896,-116.94661360748141,109.58682076133016,33,70,12,11
1631984608794,32.803222087253985,-116.94664722697433,109.49457708642436,33,70,12,11
1631984608918,32.803222058069366,-116.9466807063153,109.4024367513041,33,70,12,11
1631984609035,32.80322203562476,-116.94671423534979,109.31594874980065,33,70,12,11
1631984609148,32.803222024031896,-116.9467477703369,109.2303284379157,33,70,12,11
1631984609300,32.80322201856838,-116.94684868294621,108.9574706673795,34,71,13,11
1631984609417,32.8032219876983,-116.94688225537736,108.85839925705409,34,72,13,11
1631984609533,32.80322196527864,-116.94691585978761,108.76708090776145,34,72,11,11
1631984609669,32.803221947575416,-116.94694947513963,108.6810776570153,34,72,11,11
