1616368247114,32.85876620425829,-117.20624491015437,48.98538128384064,128,234,7,11
1616368247262,32.8587542102693,-117.20623309754993,49.114123029819154,129,234,8,11
1616368247377,32.85874225780086,-117.20622138931125,49.2580504907607,128,233,8,11
1616368247516,32.858730113926946,-117.20620966900678,49.395432703210545,128,233,8,11
1616368247755,32.85868090888081,-117.20616306531824,49.947446824587104,128,231,7,11
1616368247893,32.85866831952133,-117.20615156899431,50.07697809311831,129,232,6,11
1616368248013,32.85865570420824,-117.20614019030273,50.21458367460318,129,232,6,11
1616368248106,32.858642910253835,-117.20612885567063,50.35085050737778,130,232,6,11
1616368248218,32.85863016170553,-117.20611759213354,50.48359246185079,128,229,6,11
1616368248449,32.858617222645606,-117.20610636062814,50.62232738666122,128,229,6,11
1616368248566,32.85860424190632,-117.20609497870643,50.74667508901856,126,227,6,11
1616368248744,32.85855111543839,-117.206051492891,51.29316458097558,136,230,6,11
1616368248878,32.858537608596485,-117.20604089832435,51.43113312565994,139,231,6,11
1616368249034,32.858523987822025,-117.20603042480039,51.56871126283495,142,232,6,11
1616368249124,32.8585101972027,-117.20601999014877,51.70710433149095,144,232,6,11
1616368249268,32.85849640171254,-117.20600971698384,51.83725814092897,146,228,6,11
1616368249406,32.85848248909261,-117.2059995870058,51.977566289015186,148,228,6,11
1616368249485,32.85846852211847,-117.20598954595957,52.109513319557685,149,225,6,11
1616368249638,32.858454494129866,-117.20597970413104,52.239860854274774,152,225,6,11
1616368249753,32.85841204660238,-117.2059510120185,52.61329257080927,157,222,8,11
1616368249871,32.8583976550918,-117.20594174759454,52.750584634611684,160,223,8,11
1616368249985,32.85838313764904,-117.20593258815683,52.88744049903316,163,223,8,11
1616368250078,32.858368509829496,-117.20592353372543,53.02228143883402,166,224,11,11
1616368250223,32.858353793037274,-117.20591457416413,53.15475393125746,168,223,11,11
1616368250418,32.858338986237484,-117.2059057483634,53.289453821795696,169,223,11,11
1616368250528,32.85832414862311,-117.20589701037761,53.420936423736194,168,220,10,11
1616368250787,32.858264419340195,-117.20586387373693,53.95922532354352,167,216,9,11
1616368250909,32.85824939363323,-117.20585611571964,54.100468021778156,170,216,8,11
1616368251028,32.85823437781005,-117.2058485074059,54.24323804386455,173,216,7,11
1616368251146,32.85821938541393,-117.20584098992609,54.387818242881835,174,215,7,11
1616368251238,32.85820442564895,-117.20583356742227,54.531079210679664,176,215,7,11
1616368251409,32.858189515219664,-117.20582626133314,54.67695122835794,175,212,7,11
1616368251524,32.858174603716236,-117.20581904126037,54.821346836466496,176,211,7,11
1616368251640,32.85815972446919,-117.20581190091582,54.95959038238664,178,212,7,11
1616368251774,32.85811545835541,-117.2057909114106,55.38286847522912,173,206,9,11
1616368251887,32.85810076661784,-117.20578402154318,55.51784644728754,175,207,9,11
1616368252012,32.8580861296023,-117.20577717027793,55.65330077444677,177,207,9,11
1616368252130,32.85807160180466,-117.20577039144408,55.786695940823726,176,208,8,11
1616368252217,32.8580571855495,-117.20576356653162,55.92150805787806,174,209,9,11
1616368252469,32.85804281535507,-117.20575685461382,56.070320246733424,173,210,8,11
1616368252650,32.85798553659933,-117.20573042476697,56.627659601812084,161,214,5,11
1616368252804,32.85797113657046,-117.20572401870146,56.769023184962705,163,215,6,11
1616368252919,32.857956808602616,-117.20571769848884,56.90774751590842,163,217,6,11
1616368253038,32.85794234491506,-117.20571145163963,57.0510952088773,163,218,7,11
1616368253151,32.857927827842225,-117.20570526164332,57.205310816641784,163,220,7,11
1616368253239,32.85791327907181,-117.20569906873166,57.357674176162405,160,221,7,11
1616368253409,32.85789869089121,-117.20569300232117,57.50318886693375,162,222,8,11
1616368253520,32.85788403950714,-117.20568697578607,57.65321978581011,162,224,8,11
1616368253791,32.857824773099644,-117.20566367772413,58.24902508419242,160,229,9,11
1616368253906,32.85780982746172,-117.20565810068312,58.40716134593927,156,230,10,11
1616368254023,32.857794871607815,-117.20565254242273,58.56133694477916,155,231,9,11
1616368254138,32.857779794161345,-117.20564713622588,58.718161022298084,152,231,9,11
1616368254261,32.857764669023226,-117.20564179446231,58.891094381180295,145,231,9,11
1616368254454,32.85774946707309,-117.20563655032429,59.06081523248943,147,232,8,11
1616368254633,32.85768795745171,-117.20561618485023,59.706780765913436,143,236,8,11
1616368254779,32.85767247279709,-117.20561134062409,59.86957307860638,142,237,7,11
1616368254925,32.857656950788254,-117.20560651120489,60.03358700204989,140,237,7,11
1616368255046,32.85764133018701,-117.20560166786257,60.19644594800588,137,237,7,11
1616368255157,32.85762572577494,-117.20559689413932,60.36121151786244,136,238,7,11
1616368255247,32.85761008032489,-117.20559212711444,60.52909877396691,137,240,8,11
1616368255413,32.85759432647163,-117.20558741451393,60.69243009024108,137,241,8,11
1616368255525,32.857578690116924,-117.20558255711471,60.85560980105877,135,242,8,11
1616368255779,32.85751614170633,-117.20556362544536,61.495745385788936,133,247,8,11
1616368255894,32.85750064188135,-117.20555892036172,61.67021197668357,134,248,7,11
1616368256016,32.85748516704043,-117.20555418674863,61.84887393011629,134,249,6,11
1616368256130,32.857469720187666,-117.20554921658113,62.02693684245858,135,251,6,11
1616368256253,32.85745429725752,-117.20554466363937,62.190982059575354,135,252,6,11
1616368256444,32.857438931173824,-117.20554004184667,62.36132677092358,135,254,6,11
1616368256560,32.8574236150431,-117.20553541454179,62.54169033423534,136,255,6,11
1616368256775,32.85736284235441,-117.20551733888266,63.180386621058545,137,261,7,11
1616368256921,32.85734775798346,-117.20551293231729,63.335919858547975,137,262,7,11
1616368257033,32.85733273873764,-117.20550851390439,63.490305828438565,135,263,7,11
1616368257147,32.85731782724215,-117.20550401256038,63.64207899064452,133,263,7,11
