3600047895613,32.795715923528824,-117.20903516763153,-28.08318165544558,76,122,15,11
3600047895763,32.7956899125431,-117.20901987202649,-28.078461982152895,76,122,15,11
3600047895861,32.79566385926944,-117.20900467167485,-28.06668014470552,76,122,15,11
3600047895962,32.795637810764866,-117.20898952942923,-28.052386692232574,76,122,15,11
3600047896041,32.79561172619368,-117.20897442043949,-28.029192693698292,76,122,15,11
3600047896122,32.79558564790332,-117.20895940091532,-28.01388383965466,76,122,15,11
3600047896219,32.795559579186346,-117.2089444291091,-28.00496509059471,76,122,15,11
3600047896367,32.79553351078215,-117.20892952116986,-27.99780246588256,76,122,15,11
3600047896523,32.79550743111364,-117.20891468644318,-27.984849475336738,76,122,15,11
3600047896604,32.79548137619309,-117.20889990661135,-27.973180626196285,76,122,15,11
3600047896688,32.79545532157233,-117.20888519873732,-27.95906606768632,76,122,15,11
3600047896777,32.79542926508623,-117.20887056099774,-27.94536374198311,76,122,15,11
3600047896873,32.79540321967982,-117.20885598703774,-27.932214285500823,76,122,15,11
3600047896973,32.79537719173315,-117.20884147695214,-27.917724011810584,76,122,15,11
3600047897052,32.795351156219255,-117.20882701810925,-27.90225909381125,76,122,15,11
3600047897133,32.79532513526015,-117.20881264928003,-27.89402575856558,76,122,15,11
3600047897227,32.795299127631836,-117.20879833675707,-27.891126504750595,76,122,15,11
3600047897379,32.79527314894373,-117.20878409355046,-27.887393767159292,76,122,15,11
3600047897547,32.79524715110043,-117.20876993238775,-27.878452048009656,76,122,15,11
3600047897628,32.795221161702464,-117.20875583760505,-27.869698193853353,76,122,15,11
3600047897715,32.795194930995656,-117.20874169466299,-27.861874709248028,76,122,15,11
3600047897854,32.795168980099454,-117.20872774996188,-27.858481150518873,76,122,15,11
3600047897950,32.795143033095876,-117.20871388776148,-27.855361070534492,77,122,15,11
3600047898045,32.79511709299581,-117.20870008468388,-27.850121942628064,77,122,15,11
3600047898126,32.795091164791465,-117.20868634753596,-27.843167545741146,77,122,15,11
3600047898209,32.79506523638471,-117.208672665607,-27.83572995213291,77,122,15,11
3600047898368,32.79503908060455,-117.20865893317497,-27.832578910350282,77,122,15,11
3600047898515,32.79501318678726,-117.20864539426128,-27.83333350877189,77,122,15,11
3600047898612,32.79498728807877,-117.20863192492652,-27.83318455662261,77,122,15,11
3600047898690,32.79496140041126,-117.20861852335722,-27.831770985585493,77,122,15,11
3600047898806,32.79493551029144,-117.20860522408091,-27.835322272767147,77,122,15,11
3600047898888,32.79490962149569,-117.20859201307003,-27.838405078815168,77,122,15,11
3600047898979,32.79488347924181,-117.20857876717983,-27.837462183960383,77,122,15,11
3600047899084,32.794857579584686,-117.20856572009822,-27.839579339534954,77,122,15,11
3600047899173,32.794831682634786,-117.20855275648914,-27.84345145391476,77,122,15,11
3600047899357,32.794727779905685,-117.20850165974359,-27.851632308385835,77,122,15,11
3600047899451,32.79470184710388,-117.20848909901032,-27.85348941832846,77,122,15,11
3600047899552,32.79467591815151,-117.20847660563152,-27.85856627510058,77,122,15,11
3600047899697,32.794649998880715,-117.20846417711378,-27.868380207489473,77,122,15,11
3600047899799,32.79462405562341,-117.20845181034767,-27.87855132247191,77,122,15,11
3600047899880,32.79459809563867,-117.20843949253386,-27.88907095577056,77,122,15,11
3600047899961,32.79457191164904,-117.20842713262017,-27.8981126300481,77,122,15,11
3600047900048,32.794545957398064,-117.2084149444294,-27.907925067296098,77,122,15,11
3600047900138,32.79451997971532,-117.20840284322311,-27.91469004658441,77,122,15,11
3600047900359,32.79449398741763,-117.20839082162232,-27.919734247344365,77,122,15,11
3600047900443,32.79446797478686,-117.20837885814193,-27.918581700148465,77,122,15,11
3600047900531,32.79444194981652,-117.20836696889567,-27.916919155144882,77,122,15,11
3600047900612,32.794415699965995,-117.208355023749,-27.91701907136641,77,122,15,11
3600047900697,32.794389674961614,-117.20834324912018,-27.92027409015209,77,122,15,11
3600047900788,32.79436363072724,-117.20833152859105,-27.92105322372126,77,122,15,11
3600047900880,32.794337585326886,-117.20831986829451,-27.923404491717044,77,122,15,11
3600047900963,32.7943115176407,-117.208308256892,-27.9224718659318,77,122,15,11
3600047901046,32.794285454745534,-117.20829669132594,-27.922175455340998,77,122,15,11
3600047901134,32.794259162430244,-117.20828507936375,-27.921090777537295,77,122,15,11
3600047901356,32.794233102108,-117.20827362536973,-27.922415929468194,77,122,15,11
3600047901450,32.794207019902935,-117.20826223257484,-27.92242392497752,77,122,15,11
3600047901529,32.79418092333294,-117.20825092077675,-27.92235007698528,77,122,15,11
3600047901613,32.794154803688514,-117.20823963460244,-27.917719005823223,77,122,15,11
3600047901752,32.79412867206636,-117.20822841635817,-27.915457112342136,77,122,15,11
3600047901854,32.79410230485627,-117.20821716344243,-27.911909167654223,77,122,15,11
3600047901938,32.79407613812915,-117.208206056962,-27.91116184211627,77,122,15,11
3600047902016,32.79404993248036,-117.20819500752422,-27.905222626113286,77,122,15,11
3600047902098,32.7940237220793,-117.20818400333175,-27.906010599837284,77,122,15,11
3600047902186,32.79399748279848,-117.2081730493355,-27.905100242042515,77,122,15,11
3600047902408,32.79397122106976,-117.20816213204057,-27.90514823680958,77,122,15,11
3600047902510,32.79394472541873,-117.20815116463231,-27.907523339073602,77,122,15,11
3600047902591,32.793918434614966,-117.20814032765045,-27.913582185906158,77,122,15,11
3600047902673,32.793892114985205,-117.2081295409151,-27.920477381115887,77,122,15,11
3600047902765,32.79386578296443,-117.20811881668124,-27.93115735778491,77,122,15,11
3600047902858,32.793839400581824,-117.20810814947133,-27.937152026718497,77,122,15,11
3600047902954,32.79381300001363,-117.20809754312927,-27.942407184331657,77,122,15,11
3600047903040,32.79378637422776,-117.20808689387113,-27.94623899593007,77,122,15,11
3600047903119,32.793759926869235,-117.20807636440321,-27.949693296909434,77,122,15,11
3600047903212,32.793733446732205,-117.20806588207958,-27.95494291276807,77,122,15,11
3600047903436,32.793706937329965,-117.20805545133753,-27.963401984285085,77,122,15,11
3600047903528,32.793680407425285,-117.20804507201998,-27.971023791863594,77,122,15,11
3600047903597,32.79365385385736,-117.20803474442646,-27.982364048205948,77,122,15,11
3600047903699,32.7936270764459,-117.20802438431566,-27.993296991972386,77,122,15,11
3600047903843,32.79360047531821,-117.20801416571177,-28.001163604287825,77,122,15,11
3600047903953,32.79357386228491,-117.20800398987564,-28.00696512869545,77,122,15,11
3600047904038,32.793547214792035,-117.20799385557036,-28.009679809685736,77,122,15,11
3600047904117,32.79352053112893,-117.20798376372271,-28.011287322395887,77,122,15,11
3600047904199,32.793493829512414,-117.20797372412308,-28.015460998259883,77,122,15,11
3600047904288,32.793466910010665,-117.20796367772726,-28.02301296038546,77,122,15,11
3600047904448,32.79344017032214,-117.20795376546904,-28.035535253960578,77,122,15,11
3600047904603,32.793413407313885,-117.20794389273635,-28.044603994139116,77,122,15,11
3600047904682,32.793386614784566,-117.20793408896172,-28.048219265390305,77,122,15,11
3600047904780,32.793359792123915,-117.20792435354343,-28.049193592887434,77,122,15,11
3600047904862,32.793332929869244,-117.20791467342373,-28.05113844836318,77,122,15,11
3600047904954,32.793305862085745,-117.2079049814159,-28.055793776707702,77,122,15,11
3600047905056,32.79327896527726,-117.20789542719656,-28.057862876986444,77,122,15,11
3600047905137,32.79325204550626,-117.20788590815215,-28.05937783524175,77,122,15,11
3600047905216,32.79322509485741,-117.20787646366323,-28.059998719772437,77,122,15,11
3600047905306,32.793198134960534,-117.20786707109644,-28.058928716911964,77,122,15,11
3600047905463,32.79317114489599,-117.2078577408602,-28.054097489629637,77,122,15,11
3600047905634,32.79306275091369,-117.20782093904621,-28.021782764449053,77,122,15,11
3600047905740,32.79303564805619,-117.20781187807282,-28.016871903886546,77,122,15,11
