1631986098502,32.85389131571153,-117.23198136342963,38.64074375634096,28,52,12,11
1631986098623,32.85391608627464,-117.23196400168024,38.755968664024884,28,52,12,11
1631986098810,32.85401538530542,-117.23189426243334,39.25841072540171,28,53,12,11
1631986098931,32.85404019637232,-117.2318768845048,39.38420060496768,29,53,12,11
1631986099048,32.854065015684206,-117.23185955825824,39.50543073466055,29,53,12,11
1631986099247,32.85408983923001,-117.23184221264493,39.626468436736836,29,54,12,11
1631986099420,32.8541146882146,-117.2318249134569,39.76007828917578,29,54,12,11
1631986099574,32.8542145456386,-117.2317564708337,40.314749148949865,29,54,12,11
1631986099720,32.85423961230117,-117.23173955426144,40.437960563058056,29,55,12,11
1631986099847,32.854264701835596,-117.23172268223136,40.55581774529228,30,55,12,11
1631986099961,32.85428983545773,-117.23170585038852,40.679466719158704,30,55,12,11
1631986100155,32.85431502594999,-117.23168911378039,40.800077772747926,30,56,13,11
1631986100311,32.854390787157215,-117.23163932935812,41.115477227739795,31,57,13,11
1631986100427,32.85441615076368,-117.23162289569164,41.22169653981329,31,57,13,11
1631986100565,32.8544415632463,-117.23160659349627,41.315364261814736,31,57,13,11
1631986100644,32.85446700373969,-117.23159036986173,41.4104652225559,31,58,13,11
1631986100811,32.85449250072692,-117.23157422573982,41.50793622949444,31,58,13,11
1631986100923,32.8545180249816,-117.23155814832762,41.60525057326983,31,58,13,11
1631986101035,32.854543611000416,-117.23154216246428,41.70353572686903,31,58,13,11
1631986101177,32.85456919417772,-117.23152622267716,41.79978848054578,31,58,13,11
1631986101467,32.854671967024046,-117.23146311558389,42.186365485162355,30,57,13,11
1631986101600,32.85469776601297,-117.2314475450049,42.28408505029767,30,57,13,11
1631986101714,32.854723590996926,-117.23143210601738,42.38157184365069,30,56,13,11
1631986101842,32.854749488069956,-117.23141673008077,42.4860072873883,29,56,13,11
1631986101954,32.85477540731032,-117.23140146983559,42.59375730349692,29,55,13,11
1631986102190,32.85487958059136,-117.2313413461363,43.01705625195825,28,54,12,11
1631986102333,32.854905748818425,-117.23132652891684,43.11992794859264,28,54,12,11
1631986102501,32.85493195112573,-117.23131181778082,43.21345767152114,28,54,12,11
1631986102639,32.854958229442474,-117.23129725830661,43.30555244777484,28,54,12,11
1631986102723,32.85498456452333,-117.23128284280614,43.39697257270112,28,53,12,11
1631986102866,32.85501096382967,-117.23126856867927,43.49715187209978,28,53,12,11
1631986102995,32.855037415104874,-117.23125446432473,43.598802302883996,27,52,12,11
1631986103222,32.8551436884504,-117.2311992816442,43.99604014748968,27,51,12,11
1631986103369,32.85517035781204,-117.2311857881091,44.09460366507109,27,50,12,11
1631986103482,32.8551970754282,-117.23117239872394,44.19853381085804,27,50,12,11
1631986103623,32.85522383185167,-117.23115913730584,44.29413506600377,28,50,12,11
1631986103711,32.85525062120344,-117.23114599922732,44.38444767406139,28,50,12,11
1631986103856,32.855277458477126,-117.23113299898061,44.47597079487784,28,50,12,11
1631986104108,32.85538518401727,-117.23108223677218,44.85415173316865,29,51,12,11
1631986104307,32.855412194816545,-117.23106982779787,44.94487339818916,30,51,12,11
1631986104398,32.85543925575909,-117.23105750783338,45.04163525332691,30,51,12,11
1631986104587,32.85546633652143,-117.23104525856266,45.135045286266795,31,51,12,11
1631986104720,32.855493407591226,-117.23103308854537,45.222987340523005,31,52,12,11
1631986104911,32.855602011834236,-117.23098538779807,45.60867545159597,30,52,12,11
1631986105049,32.8556294031351,-117.23097367863825,45.708901961431366,29,51,12,11
1631986105188,32.85565669363641,-117.23096218883543,45.805437335941576,30,52,12,11
1631986105388,32.855684013833844,-117.23095082560302,45.90566907643846,29,51,12,11
1631986105478,32.85571136850518,-117.23093958457281,46.003073948927856,29,51,12,11
1631986105711,32.855821158555614,-117.23089580831193,46.387740091882044,29,51,12,11
1631986105826,32.85584870740602,-117.2308851662342,46.49099370315437,29,51,12,11
1631986105939,32.855876276830365,-117.23087459810871,46.59285587746003,30,51,12,11
1631986106133,32.85590383023345,-117.23086407271732,46.69233050724272,29,51,12,11
1631986106377,32.85601449250716,-117.23082291751683,47.08723974350187,27,50,12,11
1631986106556,32.85604215789375,-117.23081286468594,47.188342844822614,27,49,12,11
1631986106639,32.8560698609309,-117.2308029052262,47.2904576409324,27,49,13,11
1631986106800,32.85609758960724,-117.23079305644298,47.39015509263975,26,49,13,11
1631986106910,32.856125573737934,-117.23078319608415,47.49597175063383,26,48,13,11
1631986107024,32.856153346663376,-117.23077352980324,47.599880923904536,26,48,13,11
1631986107303,32.85626467806124,-117.2307359383997,47.9949197062647,25,47,13,11
1631986107397,32.8562925711314,-117.23072681741859,48.10127292798292,25,47,13,11
1631986107567,32.85632049572255,-117.23071781662713,48.20802689026923,25,47,13,11
1631986107649,32.85634847739865,-117.23070894455863,48.31495629577634,24,47,13,11
1631986107812,32.85637648914721,-117.23070022100097,48.42071606733871,24,46,14,11
1631986107926,32.856404531709686,-117.23069164476496,48.524336239887056,25,47,14,11
1631986108039,32.85643260012976,-117.23068320559318,48.626047063205306,24,46,14,11
1631986108237,32.85651700751124,-117.23065870009071,48.92765881728023,24,45,13,11
1631986108352,32.85654519262644,-117.23065079290005,49.02707846819146,25,45,13,11
1631986108439,32.85657341566514,-117.23064302202535,49.13442108000654,25,46,13,11
1631986108610,32.85660167271275,-117.23063536694278,49.246347756774036,25,46,13,11
