1616372342012,32.811660759927754,-117.20138326540608,61.91249942618578,28,70,11,11
1616372342259,32.81166072874931,-117.20138325967773,61.91672785889579,28,70,11,11
1616372342396,32.81166071805004,-117.20138325623005,61.9179686711437,28,69,11,11
1616372342505,32.81166071449445,-117.20138325645274,61.91888706204096,28,69,11,11
1616372342617,32.81166070481239,-117.20138326249419,61.92050530171788,28,69,11,11
1616372342797,32.81166070445091,-117.20138326027183,61.922490597187625,28,69,11,11
1616372342898,32.81166068489267,-117.20138325847323,61.92423311073292,28,69,11,11
1616372343149,32.81166066753925,-117.20138325759642,61.929955889644305,27,68,11,11
1616372343340,32.81166064808825,-117.20138324930662,61.93065279342858,27,68,11,11
1616372343432,32.811660642391956,-117.20138324749001,61.930748716774914,27,67,11,11
1616372343575,32.81166062795207,-117.20138324796982,61.93245175152399,27,67,11,11
1616372343688,32.81166062696525,-117.20138325731918,61.93433903993737,27,67,11,11
1616372343807,32.8116606147998,-117.20138325499414,61.93527201882738,26,66,11,11
1616372344051,32.811660590172465,-117.20138324875356,61.94134292230932,26,66,11,11
1616372344175,32.81166058934145,-117.20138326095531,61.94252437428122,26,65,11,11
1616372344457,32.81166056863533,-117.20138324321583,61.94301108773632,26,65,11,11
1616372344711,32.81166054388695,-117.20138324788496,61.94622668470961,28,67,11,11
1616372344812,32.81166053489082,-117.20138324026438,61.94694842983412,28,67,11,11
1616372344956,32.811660530602,-117.20138323341862,61.947155707729365,28,67,11,11
1616372345084,32.81166052187965,-117.2013832248636,61.94755492029982,28,67,11,11
1616372345311,32.81166049375002,-117.20138323385825,61.95237483107276,28,67,11,11
1616372345466,32.81166049970071,-117.20138323045947,61.95364240138869,28,67,11,11
1616372345585,32.81166050077446,-117.2013832377434,61.95372418835407,28,67,11,11
1616372345702,32.811660488620475,-117.20138322905325,61.954360464528456,27,67,11,11
1616372345803,32.81166048500666,-117.20138323191064,61.955998166217164,27,67,11,11
1616372345947,32.811660472122846,-117.20138323313589,61.957124210915254,27,67,11,11
1616372346076,32.81166048318721,-117.20138323256515,61.95758027354826,27,66,11,11
1616372346306,32.81166046480715,-117.20138324061335,61.961036456650966,27,66,11,11
1616372346449,32.81166047206586,-117.20138323458805,61.96192524287974,27,66,11,11
1616372346562,32.811660468576335,-117.20138323706232,61.96262293795182,27,66,11,11
1616372346739,32.811660462472936,-117.20138324347867,61.96398946880469,27,66,11,11
1616372346837,32.81166046170979,-117.20138324632053,61.96455786493499,27,65,11,11
1616372346995,32.81166045964117,-117.20138324654266,61.96496836277916,27,65,11,11
1616372347144,32.81166044845391,-117.20138325209243,61.96823312992743,27,65,11,11
1616372347250,32.81166045341043,-117.20138325999392,61.969172017518524,27,65,11,11
1616372347378,32.811660455092074,-117.201383254233,61.96884597226469,27,66,11,11
1616372347521,32.811660458142335,-117.2013832385768,61.96902621451157,27,66,11,11
1616372347633,32.81166044821532,-117.20138326372059,61.96997796447801,27,66,11,11
1616372347749,32.811660447389784,-117.20138325566285,61.970913418628875,27,66,11,11
1616372347851,32.8116604479671,-117.20138326010535,61.97150788386884,27,65,11,11
1616372348141,32.81166045879505,-117.20138325461379,61.97258457320415,27,65,11,11
1616372348275,32.81166045737193,-117.20138325483211,61.97323580679238,27,65,11,11
1616372348368,32.811660465756766,-117.20138326293282,61.974887341132636,26,65,11,11
1616372348531,32.81166046316165,-117.201383251285,61.974994945771265,26,65,11,11
1616372348644,32.81166045928689,-117.20138326117953,61.97527782962395,26,65,11,11
1616372348817,32.811660468027746,-117.20138325665583,61.97545163656668,26,65,11,11
1616372349016,32.81166046286621,-117.2013832493157,61.97719454400911,27,65,11,11
1616372349188,32.81166046735858,-117.20138324718776,61.97773419223321,27,65,11,11
1616372349289,32.811660472129276,-117.20138324296273,61.97816394544785,27,65,11,11
1616372349414,32.81166047342096,-117.20138323998174,61.97900196078502,27,65,11,11
1616372349558,32.81166047273878,-117.20138324154713,61.979628388956584,27,65,11,11
1616372349671,32.81166046562942,-117.20138324249507,61.980293173021295,27,66,11,11
1616372349789,32.811660458655744,-117.20138322489957,61.97977112002614,27,66,11,11
1616372349890,32.81166045419978,-117.20138323062203,61.97996979157902,28,66,11,11
1616372350044,32.81166044157896,-117.20138321620814,61.98132358931056,28,67,11,11
1616372350220,32.811660438277706,-117.20138321714383,61.98174722742286,28,67,11,11
1616372350322,32.81166044773562,-117.20138321687395,61.98218341471717,28,67,11,11
1616372350484,32.81166044275543,-117.20138322330833,61.98231481718152,28,67,11,11
1616372350594,32.81166044947543,-117.20138322219172,61.98289506749227,28,67,11,11
1616372350704,32.81166045117442,-117.20138322642664,61.98328059069559,28,67,11,11
1616372350844,32.81166045313548,-117.20138322646648,61.984887977292786,28,67,11,11
1616372350968,32.81166044563411,-117.20138322395613,61.98425798375049,28,67,11,11
1616372351112,32.81166044474991,-117.20138323002337,61.98600648114523,27,66,11,11
1616372351227,32.81166045172335,-117.20138322512959,61.986891470241076,27,66,11,11
1616372351430,32.81166044580291,-117.20138322687482,61.98737772269454,27,66,11,11
1616372351518,32.81166045316512,-117.20138321821936,61.986736770457235,27,66,11,11
1616372351670,32.81166045354639,-117.20138322581603,61.98770954773346,27,66,11,11
1616372351841,32.81166045598462,-117.20138321646574,61.98725673161158,28,67,11,11
1616372351973,32.811660450901115,-117.20138321867205,61.987343964644765,28,67,11,11
1616372352170,32.81166045005045,-117.20138320751248,61.98656893775895,28,67,11,11
