1616366157772,32.87218042877538,-117.23398122700296,47.260949331572135,45,122,11,11
1616366157885,32.87218017584644,-117.23398111457607,47.25255401287027,45,122,11,11
1616366158001,32.87217982317855,-117.23398093543464,47.24392742058601,44,121,11,11
1616366158170,32.87217937381441,-117.23398073628528,47.23446777024112,44,120,11,11
1616366158288,32.87217880313469,-117.2339805032129,47.22801584760195,44,120,11,11
1616366158422,32.87217809007388,-117.23398016816448,47.21550732230686,44,120,11,11
1616366158535,32.87217723031632,-117.23397976292135,47.19932593624598,45,120,11,11
1616366158771,32.87217207326593,-117.23397725445889,47.11352320078746,46,120,11,11
1616366158889,32.872170333174054,-117.23397640618285,47.089338424747524,47,120,11,11
1616366159002,32.87216844351886,-117.2339755014693,47.06247804577693,47,120,11,11
1616366159120,32.87216640023541,-117.2339745419987,47.03910369843712,48,120,11,11
1616366159200,32.87216418678223,-117.23397352571955,47.02197232568909,48,120,11,11
1616366159365,32.87216177647188,-117.23397241190693,47.00360811704384,49,120,11,11
1616366159480,32.87215920675823,-117.23397118892099,46.96860341419532,49,120,11,11
1616366159590,32.87215653171625,-117.23396986256361,46.91512295196339,50,121,11,11
1616366159710,32.872153679802544,-117.23396850274054,46.8749522418719,51,121,11,11
1616366159870,32.87214436170457,-117.23396431616175,46.77159299167523,53,122,11,11
1616366159989,32.87214105995965,-117.23396281505885,46.74197191426296,53,122,11,11
1616366160168,32.87213762588097,-117.2339611828436,46.73031736495463,54,121,11,11
1616366160280,32.87213421790289,-117.23395952793436,46.68076047201036,54,122,11,11
1616366160413,32.87213077095286,-117.23395798091042,46.61386367588634,55,122,11,11
1616366160530,32.87212716881873,-117.23395648106575,46.57771194493507,56,123,11,11
1616366160648,32.87212350143558,-117.23395495353103,46.55925175747,56,122,11,11
1616366160876,32.8721086527208,-117.2339486151249,46.39509939728977,57,123,10,11
1616366161002,32.872104747171974,-117.23394714839397,46.37054589715484,56,123,10,11
1616366161121,32.87210071964267,-117.23394576031149,46.345516902755435,56,123,10,11
1616366161249,32.872096679485,-117.23394411629913,46.31546742178771,55,123,10,11
1616366161384,32.87209257367123,-117.233942629034,46.26180317984521,55,123,10,11
1616366161499,32.872088411074266,-117.2339411344325,46.20861664993453,55,123,11,11
1616366161612,32.87208411341851,-117.23393961836064,46.19424248755366,54,122,10,11
1616366161860,32.87206639737504,-117.23393354189228,46.07047609659674,52,121,10,11
1616366161976,32.872061807673994,-117.23393209393609,46.02605835244147,52,121,10,11
1616366162147,32.87205717184819,-117.2339306393873,45.98342352249737,52,121,10,11
1616366162259,32.872052457157345,-117.2339292111844,45.9474561552697,51,120,9,11
1616366162393,32.872047707493046,-117.23392783936681,45.91091375281273,50,119,9,11
1616366162509,32.872042894878575,-117.23392650557706,45.87609749619713,48,117,9,11
1616366162631,32.872038021170184,-117.23392525204757,45.8367802658329,47,116,9,11
1616366162765,32.87202306116167,-117.23392165164537,45.714222538983414,46,114,10,11
1616366162878,32.872017921980216,-117.23392046251472,45.682490501008346,46,114,10,11
1616366162992,32.872012752271885,-117.23391934565457,45.649332369044664,46,113,10,11
1616366163111,32.87200755874892,-117.23391834350979,45.61114563129774,45,113,10,11
1616366163231,32.87200235940786,-117.23391743478315,45.57219986656633,45,112,10,11
1616366163365,32.87199711332204,-117.23391652187406,45.54132960641163,44,110,10,11
1616366163478,32.871991804975536,-117.23391562176164,45.51043358180076,43,109,10,11
1616366163590,32.8719864489996,-117.23391481376994,45.48330710217124,42,108,10,11
1616366163703,32.871980991211984,-117.23391403672764,45.457443007218004,42,107,10,11
1616366163862,32.87196440240136,-117.23391192104539,45.39414483096603,41,104,10,11
1616366163975,32.871958828280164,-117.23391138550234,45.35758191648975,40,103,10,11
1616366164147,32.87195319308488,-117.233910917362,45.315597635798596,40,103,10,11
1616366164262,32.87194746270827,-117.2339104084362,45.279748235622364,40,103,10,11
1616366164393,32.87194174114675,-117.23390998532449,45.22805150433714,41,103,10,11
1616366164506,32.87193594127391,-117.2339095811727,45.18522743551345,40,102,10,11
1616366164621,32.871930041199356,-117.23390926582086,45.152622161325716,41,102,10,11
1616366164726,32.87191193675873,-117.23390823611781,45.05841478110499,42,102,10,11
1616366164880,32.87190580539176,-117.2339079259545,45.029732897028,42,103,10,11
1616366164998,32.87189968682701,-117.23390756772434,44.98912533078458,42,103,10,11
1616366165116,32.87189354505131,-117.23390723340937,44.943180262269294,42,103,10,11
1616366165200,32.87188748395575,-117.23390707180562,44.89408147575417,42,103,10,11
1616366165365,32.87188138365263,-117.23390681198832,44.85053947501081,42,102,10,11
1616366165475,32.87187524020059,-117.2339064639022,44.81296203966838,41,101,10,11
1616366165559,32.87186903978344,-117.23390609748152,44.78536721119558,41,101,10,11
1616366165704,32.8718627154582,-117.2339058494607,44.79184605635933,41,101,10,11
1616366165866,32.87184393168328,-117.23390494820569,44.807822706322355,41,100,10,11
1616366165946,32.87183767528811,-117.23390466895457,44.7976378772903,42,101,11,11
1616366166157,32.87183144214705,-117.23390440941021,44.7913607873855,42,100,11,11
1616366166302,32.87182524449758,-117.23390408168626,44.79246963150981,42,101,11,11
1616366166410,32.87181907807291,-117.23390367717192,44.80001436938826,42,101,11,11
1616366166523,32.871812856113294,-117.233903401864,44.80671758360716,42,100,11,11
1616366166766,32.87178803826587,-117.23390186885234,44.891582632263415,43,101,11,11
1616366166878,32.871781839163674,-117.23390154724943,44.89058702233013,43,102,11,11
1616366167006,32.87177565643224,-117.23390104411011,44.90452466214187,43,102,11,11
1616366167121,32.87176950168504,-117.233900368326,44.925635855554205,44,103,11,11
1616366167200,32.871763385752,-117.2338996835438,44.92646604333739,44,103,11,11
1616366167362,32.871757268776236,-117.23389897875508,44.922074498001436,44,103,11,11
1616366167479,32.8717510924913,-117.23389812071122,44.93508221923731,44,103,11,11
1616366167597,32.871744920914324,-117.23389713220578,44.95736665050397,44,103,11,11
1616366167770,32.871726260109035,-117.23389355285651,44.98484028456197,43,103,11,11
1616366167882,32.87172001356964,-117.2338920645683,44.984531163591086,43,104,11,11
