1612139681208,32.80969697097118,-117.14685789969849,89.47948337417371,76,121,15,11
1612139681332,32.80969660850064,-117.14687811664014,89.4989250126464,76,121,15,11
1612139681422,32.809696243718655,-117.14689829187287,89.51499990506163,76,121,15,11
1612139681508,32.809695871671856,-117.14691843806894,89.53202963034428,76,121,15,11
1612139681616,32.8096954857516,-117.1469385552938,89.54761719635827,76,121,15,11
1612139681689,32.80969509834183,-117.14695863408164,89.5609192943815,76,121,15,11
1612139681841,32.809694711503,-117.1469786767513,89.57512530123736,76,121,15,11
1612139681932,32.809694313074125,-117.14699868386852,89.59430282124971,76,121,15,11
1612139682015,32.809693919640246,-117.14701866096448,89.61564305191068,76,121,15,11
1612139682132,32.809693530568985,-117.14703861154918,89.63965147328366,76,121,15,11
1612139682220,32.809693141857544,-117.14705852065842,89.66241917609075,76,121,15,11
1612139682344,32.809692787535,-117.14707839035258,89.6872627453111,76,121,15,11
1612139682434,32.809692425491235,-117.1470982005719,89.71054735114612,76,121,15,11
1612139682515,32.80969207394049,-117.1471179511654,89.73153059865393,76,121,15,11
1612139682677,32.80969171524544,-117.1471376822331,89.75959820322821,76,121,15,11
1612139682762,32.809691370372285,-117.14715738051385,89.78793053825984,76,121,15,11
1612139682903,32.80969103710068,-117.1471770275721,89.81221433896295,76,121,15,11
1612139682983,32.80969070708592,-117.14719660898953,89.83634633724151,76,121,15,11
1612139683085,32.809690377266314,-117.14721615282716,89.86275524826196,76,121,15,11
1612139683282,32.809689106179945,-117.14729393547888,89.97347171008995,76,121,15,11
1612139683382,32.809688808653284,-117.14731326889303,90.00113129000717,76,121,15,11
1612139683534,32.80968851623135,-117.14733258792135,90.02991346958888,76,121,15,11
1612139683627,32.809688231978086,-117.14735181980039,90.05303083957114,76,121,15,11
1612139683709,32.80968793669885,-117.1473709725926,90.08047255503558,76,121,15,11
1612139683790,32.80968764845246,-117.14739002901663,90.1110489807345,76,121,15,11
1612139683947,32.80968736214257,-117.14740893377332,90.14107917965799,76,121,15,11
1612139684058,32.80968707855075,-117.14742767989246,90.16779930450583,76,121,15,11
1612139684145,32.80968679895855,-117.14744619834732,90.19204770522943,76,121,15,11
1612139684272,32.80968653373075,-117.14746443656621,90.2138999842169,76,121,15,11
1612139684362,32.80968626735962,-117.14748239135658,90.23609511950391,76,121,15,11
1612139684443,32.809685998670155,-117.1475000285009,90.25426859623474,77,121,15,11
1612139684546,32.809685729123295,-117.14751734583946,90.2698563522983,77,121,15,11
1612139684695,32.80968552525249,-117.14753438129208,90.29566440301025,77,121,15,11
1612139684776,32.809685319500524,-117.1475511375992,90.33081421222812,77,121,15,11
1612139684868,32.80968511088222,-117.1475675684276,90.35840168997115,78,121,15,11
1612139684951,32.80968486481266,-117.14758363800935,90.37095840522566,78,121,15,11
1612139685063,32.8096846169354,-117.14759937324385,90.37842131182853,78,121,15,11
1612139685206,32.809684389329526,-117.14761478962289,90.38981657068258,78,121,15,11
1612139685326,32.80968416737153,-117.14762987160066,90.40520260785696,79,121,15,11
1612139685416,32.80968393224042,-117.14764461870337,90.4234605594102,79,121,15,11
1612139685499,32.80968368687189,-117.14765902935002,90.44545568012057,79,121,15,11
1612139685601,32.80968343824994,-117.1476730897065,90.46680218191037,79,121,15,11
1612139685757,32.809683176492086,-117.14768677394997,90.48733460142105,80,121,15,11
1612139685839,32.80968292870869,-117.14770004755741,90.50375278606442,80,121,15,11
1612139685932,32.80968268934933,-117.14771290778873,90.51682585855734,80,121,15,11
1612139686012,32.809682449070074,-117.14772535965703,90.52884097532066,81,121,15,11
1612139686114,32.809682227723364,-117.14773739837834,90.53836939559099,81,121,15,11
1612139686206,32.809682016795904,-117.14774900488591,90.54596377444307,81,121,15,11
1612139686327,32.80968179720775,-117.14776016539788,90.55051887925536,82,121,15,11
1612139686421,32.809681586551214,-117.14777089983949,90.55337340986179,82,121,15,11
1612139686513,32.80968138139923,-117.14778041864734,90.55437556195473,84,123,15,11
1612139686604,32.80968115908018,-117.14779055927319,90.55530582901598,87,125,15,11
1612139686760,32.809680939088175,-117.14780030987004,90.55430400467637,90,126,15,11
1612139686842,32.80968073757135,-117.14780968151737,90.55218084424178,93,128,15,11
1612139686923,32.80968053240016,-117.14781867616233,90.55005186225014,96,130,15,11
1612139687009,32.80968034813384,-117.14782647147705,90.55171930330746,99,132,15,11
1612139687111,32.8096801697841,-117.1478348059151,90.55256881763911,102,133,15,11
1612139687264,32.80967996833357,-117.14784279083702,90.55111954555099,106,135,15,11
1612139687384,32.80967978611823,-117.14785043462808,90.54940453115357,109,137,15,11
1612139687559,32.80967918097687,-117.14787699338751,90.52602602564114,124,145,15,11
1612139687666,32.80967904478634,-117.14788306628553,90.5206881119951,128,147,15,11
1612139687761,32.809678909794435,-117.14788889777974,90.51791953198955,132,149,15,11
1612139687854,32.80967878165775,-117.14789450188228,90.51499336269765,137,151,15,11
1612139687984,32.80967866200721,-117.14789987639445,90.51205918832645,141,153,15,11
1612139688069,32.80967855305415,-117.14790451053737,90.50753013919488,145,155,15,11
1612139688193,32.80967842939682,-117.14790944893396,90.50307012744722,150,157,15,11
1612139688283,32.809678314723456,-117.14791417003119,90.49798969749963,154,159,15,11
1612139688382,32.80967821030735,-117.14791868120983,90.49245188069257,159,161,15,11
1612139688496,32.8096781107722,-117.14792298674149,90.48713290844273,164,163,15,11
1612139688644,32.8096780226734,-117.14792709139623,90.48270443004442,169,166,15,11
1612139688726,32.80967794171433,-117.14793062477796,90.47890171866992,173,168,15,11
1612139688819,32.80967786458851,-117.14793438540042,90.47402527378335,178,170,15,11
1612139688900,32.80967779562857,-117.1479379939401,90.46811429958399,183,172,15,11
1612139689002,32.80967771359519,-117.14794146226939,90.46230570012744,188,174,15,11
1612139689160,32.809677632551825,-117.14794478009541,90.45730680740121,194,177,15,11
1612139689294,32.80967756577698,-117.14794794392506,90.45170512264787,199,179,15,11
1612139689378,32.809677501016424,-117.14795067169496,90.44744724681725,204,181,15,11
1612139689459,32.80967743801824,-117.14795357504916,90.44252924831912,209,184,15,11
1612139689576,32.80967738704034,-117.14795634639131,90.43822116593418,215,186,15,11
1612139689716,32.80967733466767,-117.14795898409449,90.43261656870486,221,188,15,11
1612139689800,32.809677287648135,-117.14796148781859,90.42729239446236,227,191,15,11
1612139689880,32.80967724632337,-117.14796385672507,90.42193847694506,232,193,15,11
1612139689961,32.80967720869038,-117.14796587779529,90.41732569116675,238,195,15,11
1612139690062,32.809677163805816,-117.14796799780234,90.4122793148209,244,198,15,11
1612139690157,32.80967712600532,-117.14796998792123,90.40824970808178,250,200,15,11
1612139690280,32.80967708909964,-117.14797184978109,90.40315484904222,256,203,15,11
1612139690370,32.80967736366398,-117.14797363327797,90.40384896881658,209,198,15,11
1612139690465,32.809677471186326,-117.14797523844786,90.40592884247933,183,193,15,11
1612139690571,32.809677525919575,-117.14797675106097,90.4080284493383,165,189,15,11
1612139690654,32.80967754659357,-117.14797816805579,90.41055334155028,152,185,15,11
1612139690803,32.8096775587777,-117.14797949987644,90.41356431510651,142,182,15,11
1612139690889,32.80967756346211,-117.14798072543819,90.41494374995305,135,179,15,11
1612139690970,32.8096775714289,-117.1479818514536,90.41703690488568,128,176,15,11
1612139691088,32.80967757696323,-117.14798289742684,90.41796795086283,123,173,15,11
1612139691244,32.80967758090816,-117.14798388577273,90.41848599929634,118,170,15,11
