1620503444731,32.88015057064848,-117.23543996106487,77.10149613986209,24,45,12,11
1620503444876,32.880151137355554,-117.23544041532341,77.1043037580532,24,45,12,11
1620503444991,32.880151641358765,-117.23544088885656,77.10460582713043,23,44,12,11
1620503445149,32.880152147709886,-117.23544125356369,77.10552121160572,23,44,12,11
1620503445288,32.880152586315575,-117.23544164375087,77.10606946478917,23,44,12,11
1620503445414,32.88015299907987,-117.23544201159173,77.10666290683044,22,44,12,11
1620503445493,32.88015338282084,-117.2354423239523,77.10788347408703,22,43,12,11
1620503445830,32.88015484866299,-117.23544276232944,77.11320329965858,22,43,12,11
1620503445990,32.880155167836456,-117.23544258779495,77.11466606031378,22,43,12,11
1620503446165,32.88015648437893,-117.23544130714333,77.1140396543819,23,44,11,11
1620503446278,32.880156717665116,-117.23544062725492,77.11252484451586,23,43,11,11
1620503446371,32.88015695332807,-117.2354398118052,77.11121678810427,23,43,11,11
1620503446492,32.88015719869197,-117.23543886255646,77.11139946188013,24,43,11,11
1620503446697,32.88015738149466,-117.23543777827909,77.11007480473714,24,44,11,11
1620503446938,32.880156644025995,-117.2354316795552,77.09591196158784,25,43,11,11
1620503447100,32.88015593292647,-117.23542961617005,77.09096313965317,25,43,11,11
1620503447234,32.880154913712744,-117.23542730815852,77.0860551975125,25,43,11,11
1620503447367,32.88015489779209,-117.23542497385776,77.08733126080662,26,43,11,11
1620503447449,32.88015348751856,-117.2354221641896,77.08463528517086,26,43,11,11
1620503447569,32.88015230841825,-117.2354192430883,77.07820764602685,26,42,11,11
1620503447858,32.88015005616793,-117.23540625384861,77.07648041162929,28,43,11,11
1620503448012,32.88014927723739,-117.2354024894663,77.08121147507636,28,43,11,11
1620503448136,32.88014930815217,-117.23539887709832,77.08553715359484,29,44,11,11
1620503448278,32.88014894178074,-117.23539490587191,77.08735695425133,29,44,11,11
1620503448393,32.880149030860984,-117.23539096182819,77.09560877253804,30,44,10,11
1620503448472,32.88014879587492,-117.23538670970056,77.10446695636662,30,45,11,11
1620503448727,32.88014848114067,-117.23536843021887,77.1643449356938,31,46,11,11
1620503448871,32.88014807595676,-117.23536327240542,77.16881354680163,31,46,11,11
1620503449035,32.88014795780967,-117.23535820932864,77.17799585185642,32,47,11,11
1620503449159,32.880148392630225,-117.23535342732816,77.18608496211232,32,48,11,11
1620503449298,32.88014850180496,-117.23534825749385,77.19361879952476,33,48,11,11
1620503449427,32.88014862063283,-117.23534298823911,77.21100273710724,33,49,11,11
1620503449506,32.880147873652746,-117.2353369732022,77.2200104884615,33,49,11,11
1620503449732,32.88014660326249,-117.2353135281912,77.25121936807417,33,51,11,11
1620503449876,32.88014637148283,-117.23530740270179,77.25828097901345,33,51,11,11
1620503449990,32.88014610340903,-117.23530126051084,77.26293396358133,33,52,11,11
1620503450148,32.88014610437223,-117.2352953913351,77.27043732189004,34,53,11,11
1620503450292,32.880146091525354,-117.23528947859262,77.27892543073742,35,54,11,11
1620503450405,32.88014598480165,-117.23528354273793,77.27854445816278,36,55,11,11
1620503450656,32.88014360943223,-117.23525776092603,77.25119460968234,36,58,10,11
1620503450775,32.88014300260312,-117.23525118491774,77.23378765303862,36,58,10,11
1620503450922,32.88014228251296,-117.23524449987794,77.21965979241774,36,59,10,11
1620503451035,32.880141696843395,-117.23523791675271,77.21177372385462,37,60,10,11
1620503451158,32.88014095817715,-117.23523121050084,77.19331436800346,37,60,11,11
1620503451341,32.88014028831566,-117.2352247775599,77.1683995959555,37,61,11,11
1620503451451,32.88013966374956,-117.23521828562754,77.14302548407932,38,61,11,11
1620503451649,32.88013609563214,-117.23519058085787,77.00404623106131,38,62,10,11
1620503451765,32.88013513628704,-117.2351834906017,76.96593970362704,39,63,10,11
1620503451919,32.88013427087212,-117.23517680550192,76.94800522400374,39,64,10,11
1620503452079,32.8801333853549,-117.23516991144801,76.92577243668796,40,65,9,11
1620503452189,32.88013242377177,-117.23516303660685,76.89968803387711,41,66,10,11
1620503452330,32.880131473721555,-117.23515586026406,76.87219999960827,41,66,10,11
1620503452443,32.880130512225115,-117.23514878268159,76.84595160417147,41,67,10,11
1620503452516,32.880127647036495,-117.23512726152798,76.785808845342,43,70,10,11
1620503452623,32.88012668382516,-117.23511988814661,76.75732426909187,43,70,10,11
1620503452784,32.88012572416994,-117.23511259532543,76.73255673142695,44,71,10,11
1620503452928,32.880124813022135,-117.23510518952851,76.69954978503121,44,72,10,11
1620503453042,32.88012377521185,-117.23509825177283,76.6777254413206,45,73,10,11
1620503453154,32.880122792353596,-117.23509112215011,76.65857231886898,46,74,10,11
1620503453308,32.88012180409914,-117.23508371438123,76.62804551898105,47,75,10,11
1620503453452,32.88012080035221,-117.2350762312518,76.59865212500783,47,76,8,11
1620503453612,32.88011674820128,-117.23504700274084,76.54239987436041,49,79,8,11
1620503453761,32.88011579150562,-117.23503962723471,76.53574085543417,50,80,8,11
1620503453907,32.880114812678244,-117.23503224303438,76.53456474374356,50,81,8,11
1620503454046,32.880113665849265,-117.23502495126858,76.53399551424256,51,82,8,11
1620503454191,32.88011303214292,-117.23501728167469,76.52230882460323,51,82,8,11
1620503454346,32.880112374115164,-117.23500995035864,76.52802436184996,51,82,8,11
1620503454464,32.88011141495364,-117.2350027606267,76.51479425031579,52,83,8,11
1620503454665,32.8801078246692,-117.23497379032008,76.44116509586732,54,87,11,11
1620503454785,32.88010725123796,-117.23496633009418,76.4360229319448,54,87,10,11
