1612138798881,32.8691833241819,-117.1946235655831,73.44425030117826,157,170,0,13
1612138799026,32.86916398921725,-117.19460365977854,73.42797479678333,161,173,0,13
1612138799125,32.86914470268174,-117.19458359505735,73.41160809424812,165,175,0,13
1612138799244,32.86912543361876,-117.1945633475495,73.39851192158714,170,177,0,13
1612138799344,32.869106184015095,-117.19454294340464,73.38130618659656,174,179,0,13
1612138799443,32.86908690202618,-117.19452237779832,73.37095263044874,178,181,0,13
1612138799606,32.86906756271901,-117.19450168908712,73.35941682885334,182,183,0,13
1612138799697,32.869048211141575,-117.1944809021515,73.3476906898216,184,185,12,11
1612138799783,32.86902879378154,-117.19446004675173,73.33825382185977,183,187,12,11
1612138799886,32.869009289034096,-117.1944390933395,73.33956600279487,181,189,12,11
1612138799969,32.86898964635854,-117.19441809090308,73.34025838615109,177,190,15,11
1612138800052,32.86896983540769,-117.19439698659595,73.34300350468985,173,191,15,11
1612138800135,32.86894976311344,-117.19437570711685,73.33432983562524,167,191,15,11
1612138800298,32.86892961840819,-117.1943545324958,73.31525632268995,161,191,15,11
1612138800367,32.86890926853669,-117.19433332707486,73.30242652946855,156,192,15,11
1612138800462,32.868888725731836,-117.19431206391323,73.30133221907471,151,192,15,11
1612138800555,32.868868006871004,-117.19429072825268,73.30773496836834,146,192,15,11
1612138800716,32.8688471266932,-117.19426932314249,73.3128214384358,142,191,15,11
1612138800869,32.86882595612742,-117.19424776190557,73.31320766056159,137,191,15,11
1612138800952,32.86880477524243,-117.19422629433193,73.29804901315048,133,190,15,11
1612138801035,32.86878338029825,-117.19420476705109,73.28640500184123,129,189,15,11
1612138801181,32.86876181590869,-117.19418318807283,73.2772657947151,126,189,15,11
1612138801260,32.86874014281534,-117.19416152722305,73.25896827829797,123,188,15,11
1612138801390,32.86871839126453,-117.19413972345761,73.23952877426886,120,187,15,11
1612138801512,32.868696405536,-117.19411773110554,73.22769944526574,117,186,15,11
1612138801592,32.86867442030866,-117.19409576493825,73.2187060633233,115,185,15,11
1612138801681,32.8686523021037,-117.19407371054666,73.21657089955886,113,183,15,11
1612138801766,32.8686300697999,-117.19405161573192,73.20418268961112,111,182,15,11
1612138801869,32.868607681666006,-117.19402947093903,73.19562071351226,109,181,15,11
1612138802017,32.86858518736731,-117.19400730414758,73.17834728667437,107,180,15,11
1612138802098,32.868562462928956,-117.1939849737725,73.16776157033541,105,179,15,11
1612138802183,32.86853973468673,-117.19396273186979,73.1574747955267,104,178,15,11
1612138802267,32.86851688119885,-117.1939404764689,73.14470541199995,102,176,15,11
1612138802417,32.868493932599876,-117.1939182230879,73.12699073417767,101,175,15,11
1612138802498,32.86847089480241,-117.19389593034207,73.11738820423321,100,174,15,11
1612138802600,32.868447782173526,-117.19387361932887,73.10415007209753,99,173,15,11
1612138802691,32.86842446421238,-117.19385117599792,73.08949968668634,97,171,15,11
1612138802771,32.86840121259129,-117.1938288675289,73.06760378804991,97,170,15,11
1612138802881,32.86837790207795,-117.19380656854885,73.04695512916103,96,169,15,11
1612138803025,32.86835453196259,-117.19378428641237,73.03417119477815,95,168,15,11
1612138803106,32.868331104932885,-117.19376197957924,73.02747807049647,94,167,15,11
1612138803261,32.86823723670199,-117.19367241060831,72.95604254702415,91,162,15,11
1612138803363,32.8682137926007,-117.19364999264243,72.93522186870678,91,161,15,11
1612138803456,32.86819033131221,-117.19362755318522,72.91449439677915,90,160,15,11
1612138803573,32.868166846066806,-117.19360511703445,72.89238518448303,90,159,15,11
1612138803738,32.868143221537444,-117.19358256597572,72.86508836821196,89,158,15,11
1612138803819,32.86811971536157,-117.19356013493046,72.83789695398298,88,157,15,11
1612138803908,32.86809619253255,-117.19353768488745,72.81337379978613,88,156,15,11
1612138803988,32.86807265325942,-117.19351518998175,72.79390379892946,88,155,15,11
1612138804071,32.86804910658538,-117.19349268884368,72.76532212639968,87,154,15,11
1612138804220,32.868025557439836,-117.1934701669736,72.73471318436127,87,153,15,11
1612138804304,32.86800184049107,-117.19344752052788,72.70323490711358,87,152,15,11
1612138804396,32.86797821539465,-117.19342498035313,72.67892149738326,86,152,15,11
1612138804483,32.867954566389585,-117.19340243038236,72.6446719184141,86,151,15,11
1612138804569,32.8679308837792,-117.19337986630731,72.61072334073785,86,150,15,11
1612138804738,32.86790715938272,-117.19335728642926,72.5781323921712,86,149,15,11
1612138804819,32.867883372061,-117.19333466217657,72.55232266584287,85,149,15,11
1612138804901,32.867859397348425,-117.19331190145527,72.52195253025519,85,148,15,11
1612138805039,32.867835502979624,-117.19328922930231,72.49277657154076,85,147,15,11
1612138805122,32.8678115608535,-117.19326652971353,72.45807375999956,85,146,15,11
1612138805290,32.86778756280302,-117.19324377373182,72.4241874754191,85,146,15,11
1612138805381,32.86776350844418,-117.19322097909459,72.38957000828754,85,145,15,11
1612138805461,32.86773937367237,-117.19319815045887,72.3579936086764,84,144,15,11
1612138805610,32.867715056831905,-117.19317515275,72.31922753974504,84,144,15,11
1612138805691,32.86769083595444,-117.19315224917958,72.27718157351944,84,143,15,11
1612138805793,32.86766656168086,-117.19312927204675,72.24010535868398,84,143,15,11
1612138805874,32.86764224819648,-117.19310623389754,72.1997112927,84,142,15,11
1612138805964,32.867617894600414,-117.19308314041365,72.15821322104682,84,142,15,11
1612138806052,32.86759348474614,-117.19306000734777,72.11471351778387,84,141,15,11
1612138806133,32.86756889259858,-117.19303669698625,72.07250882135028,84,140,15,11
1612138806292,32.86754439898792,-117.1930135012201,72.02672085853388,84,140,15,11
1612138806376,32.86751984982342,-117.19299027062404,71.98388214326528,84,139,15,11
1612138806466,32.86749526869764,-117.1929670014945,71.93756065009826,84,139,15,11
1612138806601,32.86747065927295,-117.192943665635,71.89292435376045,84,139,15,11
1612138806710,32.867446030267395,-117.19292026975948,71.84538307945631,84,138,15,11
1612138806810,32.86742123222429,-117.19289668707216,71.79311064187488,83,138,15,11
1612138806898,32.867396581533626,-117.19287319170809,71.7418662712836,83,137,15,11
1612138806979,32.867371897055165,-117.1928496539554,71.68861608387361,83,137,15,11
1612138807117,32.867347180867526,-117.19282609181553,71.63476589554526,83,136,15,11
1612138807210,32.867322410897444,-117.19280248783473,71.58188635287436,83,136,15,11
1612138807364,32.86729762776552,-117.19277883755746,71.52519324311832,83,136,15,11
1612138807444,32.86727270469245,-117.19275504731151,71.46167954492005,83,135,15,11
1612138807529,32.86724788236997,-117.19273135406769,71.41383482784288,83,135,15,11
1612138807685,32.867223031006056,-117.1927075957739,71.36949754980083,83,135,15,11
1612138807763,32.867198169586494,-117.19268379848725,71.31740263836117,83,134,15,11
1612138807865,32.86717330591548,-117.1926599772042,71.25687422415851,83,134,15,11
1612138807944,32.86714842323452,-117.19263612285387,71.19678062606782,83,134,15,11
1612138808028,32.86712335172377,-117.1926120684756,71.14338722736954,82,133,15,11
1612138808112,32.86709844333154,-117.1925881473007,71.0817762322911,82,133,15,11
1612138808193,32.86707353773085,-117.19256417660021,71.02044292785651,82,133,15,11
1612138808350,32.86704860529016,-117.19254017620696,70.96170620723977,82,132,15,11
1612138808437,32.86702365388954,-117.19251612436463,70.90836270519473,82,132,15,11
1612138808529,32.86699870641963,-117.19249205753333,70.84946004681444,82,132,15,11
1612138808608,32.86697361904347,-117.19246779384856,70.79346932201855,82,132,15,11
1612138808756,32.86694869368984,-117.19244363285469,70.73368675951397,82,131,15,11
1612138808858,32.86692377411091,-117.19241940682038,70.67900508085953,81,131,15,11
1612138808940,32.86689885392027,-117.19239512112493,70.62655112549216,81,131,15,11
1612138809020,32.86687396961386,-117.19237079266468,70.56703140985458,81,131,15,11
