1616288398030,32.870973162992335,-117.2511988697079,39.40301438075395,104,126,9,11
1616288398193,32.87097724928401,-117.25119068704798,39.472780910032604,105,126,9,11
1616288398350,32.870981193098515,-117.25118242283156,39.543200647927215,105,126,9,11
1616288398529,32.87098501626415,-117.25117408642271,39.613984548785375,105,126,9,11
1616288398732,32.870998982727585,-117.25114002397366,39.90488810194142,106,126,9,11
1616288398869,32.87100210912696,-117.25113129669303,39.97559025265889,104,125,9,11
1616288398995,32.87100510461301,-117.25112250096954,40.04845702365927,101,124,9,11
1616288399095,32.871008028522475,-117.25111367897128,40.12365400461373,101,123,9,11
1616288399284,32.871010806771466,-117.25110481023555,40.193199279581286,101,123,9,11
1616288399527,32.87102059306573,-117.25106874241933,40.49676255150805,100,122,9,11
1616288399645,32.87102272963217,-117.2510595848038,40.58446159442135,100,122,9,11
1616288399762,32.8710247477351,-117.25105036812461,40.66818945129973,101,122,9,11
1616288399898,32.87102660184614,-117.25104105949093,40.747829890220416,100,122,9,11
1616288400011,32.87102836851888,-117.25103171165699,40.82703854485202,100,122,9,11
1616288400123,32.87103000300798,-117.25102227612764,40.906477486272316,99,121,9,11
1616288400267,32.87103152119587,-117.25101277897537,40.98868368584316,100,122,9,11
1616288400423,32.87103537630788,-117.25098396956841,41.23901245549785,105,125,9,11
1616288400540,32.871036368422814,-117.25097419869846,41.32079569164576,105,125,9,11
1616288400714,32.87103722650333,-117.25096437628912,41.40572875461045,106,126,9,11
1616288400826,32.87103793139642,-117.25095449338652,41.48985036240157,106,126,9,11
1616288400960,32.871038513908665,-117.25094457615377,41.575900256669506,106,126,9,11
1616288401072,32.87103897408657,-117.25093466893524,41.660552578179086,108,127,9,11
1616288401176,32.871039259490935,-117.25092477235289,41.74399008328439,109,128,9,11
1616288401321,32.87103935876845,-117.25089514029688,41.97722635025789,112,130,8,11
1616288401436,32.87103909058979,-117.25088530249197,42.05407411834374,113,130,8,11
1616288401548,32.871038681827265,-117.25087549356093,42.13477115136469,113,131,8,11
1616288401663,32.87103812795288,-117.25086570443854,42.21560596371734,113,131,8,11
1616288401787,32.87103743114951,-117.25085595115274,42.293243269707524,113,130,8,11
1616288401920,32.87103663203685,-117.25084628358451,42.375894297733616,113,131,8,11
1616288402032,32.871035705880104,-117.25083665611498,42.45848403236905,114,131,8,11
1616288402123,32.87103468214447,-117.25082710726909,42.54247887135665,115,132,8,11
1616288402323,32.87103081211982,-117.25079870102752,42.79460078706871,119,135,7,11
1616288402438,32.87102925293218,-117.2507893021068,42.87942426266094,120,136,7,11
1616288402566,32.87102754846365,-117.25077992725525,42.96393346393222,120,136,8,11
1616288402679,32.87102570503898,-117.25077058517064,43.05005038814875,120,136,8,11
1616288402851,32.87102370020218,-117.25076125064544,43.13462079455866,119,135,8,11
1616288402986,32.87102152078008,-117.250751927573,43.21726633882948,116,134,8,11
1616288403123,32.87101923967829,-117.25074266766099,43.3028811538487,114,134,8,11
1616288403320,32.87100889640439,-117.25070614216436,43.63693953833302,106,128,6,11
1616288403478,32.87100600226398,-117.25069714737133,43.71941463108716,103,127,6,11
1616288403592,32.871003077761664,-117.25068829056953,43.80549220540318,103,126,6,11
1616288403708,32.87100000148006,-117.25067947693002,43.890016202454085,102,125,6,11
1616288403822,32.87099676533722,-117.25067072457037,43.97776743355942,100,124,6,11
1616288403959,32.87099341779182,-117.25066206350171,44.062380259162694,98,122,6,11
1616288404096,32.870989929483564,-117.25065347093674,44.148481861119336,96,121,6,11
1616288404332,32.870975186444554,-117.25061997237457,44.51553487620827,93,118,6,11
1616288404444,32.870971243407695,-117.25061181797598,44.60966042657703,93,118,6,11
1616288404558,32.870967213256556,-117.25060376347358,44.702486020020956,93,118,6,11
1616288404677,32.870963045,-117.25059578898453,44.79423088592141,93,117,6,11
1616288404849,32.87095882744282,-117.2505879387647,44.8853853199226,95,118,7,11
1616288404982,32.87095444553301,-117.25058015532615,44.97322029213313,95,118,7,11
1616288405195,32.87093578475041,-117.25054995670234,45.32154618996356,95,117,7,11
1616288405360,32.8709308422359,-117.2505426151046,45.40413196046499,94,117,7,11
1616288405480,32.87092582461538,-117.2505353728993,45.487997581142444,94,116,7,11
1616288405598,32.8709206620569,-117.25052823125272,45.573531450716445,93,115,7,11
1616288405717,32.87091539605527,-117.25052120120228,45.65745322696433,92,114,7,11
1616288405834,32.87091013398205,-117.25051427293826,45.743231690219794,92,114,7,11
1616288405968,32.870904783495256,-117.25050742384798,45.828646722249076,92,114,9,11
1616288406101,32.870899346762094,-117.25050067894482,45.91181432112503,92,114,8,11
1616288406191,32.870893849573335,-117.25049404715196,45.99481244413759,92,114,8,11
1616288406328,32.870876527401045,-117.25047464989431,46.243742563305936,88,110,8,11
1616288406443,32.870870787363685,-117.25046837531,46.3290605919588,89,110,8,11
1616288406559,32.87086484429432,-117.25046216601763,46.41341871008192,88,109,8,11
1616288406676,32.87085889625099,-117.2504560212354,46.495580745173804,88,109,8,11
1616288406854,32.870852877940685,-117.25044994711942,46.58141597421494,88,109,7,11
1616288406987,32.87084681626198,-117.25044392418968,46.66905602003374,88,109,7,11
1616288407252,32.87082135663995,-117.25042050608896,47.00116887369163,86,107,7,11
1616288407416,32.87081483425328,-117.25041481432298,47.08373874958911,86,107,7,11
1616288407529,32.870808237285445,-117.25040915635321,47.16645551007239,85,106,7,11
1616288407646,32.87080134392759,-117.25040353718965,47.25178101241404,83,106,7,11
1616288407761,32.87079429169257,-117.25039807865214,47.33138867982889,81,104,7,11
1616288407874,32.870787279441,-117.25039249295507,47.409385953491146,79,104,7,11
1616288408125,32.87075893832176,-117.25037030830877,47.75813493469189,77,103,9,11
