1614906321550,32.83587072129415,-117.23391974935653,9.1523662069183,114,226,10,11
1614906321670,32.835842577088144,-117.23390720569053,9.156930983734085,112,225,10,11
1614906321792,32.8358146620022,-117.23389470241744,9.173545481910304,110,225,10,11
1614906321977,32.835703593045885,-117.23384479640083,9.22775681007528,99,217,10,11
1614906322132,32.83567592526303,-117.23383237087901,9.24828210125417,96,214,10,11
1614906322280,32.83564841373671,-117.23382005225962,9.277508111392187,94,213,10,11
1614906322416,32.83562098029056,-117.23380782537009,9.297831899306777,92,211,10,11
1614906322530,32.83559363975875,-117.23379558853422,9.311162875830433,90,209,10,11
1614906322648,32.83556640715548,-117.23378338827382,9.332467100477274,88,207,10,11
1614906322782,32.83553920619092,-117.23377122048768,9.346885652564492,87,206,10,11
1614906322909,32.83545794098902,-117.23373498937254,9.368214426838186,82,199,10,11
1614906323021,32.83543104743583,-117.23372302423651,9.374065495400709,80,197,10,11
1614906323150,32.83540423352337,-117.23371109695051,9.377528263735687,78,195,10,11
1614906323353,32.835377470785545,-117.23369918545882,9.387496916911392,77,193,10,11
1614906323489,32.835350630975135,-117.23368727013106,9.395989009576969,77,194,10,11
1614906323601,32.83532399010041,-117.23367548324191,9.400296892018329,77,194,10,11
1614906323718,32.83529737488006,-117.23366375261861,9.407612365192234,77,193,10,11
1614906323872,32.83519122158867,-117.23361696469509,9.425114053850747,74,189,9,11
1614906324015,32.83516474845336,-117.23360538960978,9.439428204097453,72,186,9,11
1614906324157,32.83513823451997,-117.23359391604707,9.450066636600846,72,185,9,11
1614906324276,32.83511169899648,-117.23358254537754,9.466040793358903,71,184,9,11
1614906324455,32.835085157545514,-117.23357127763495,9.477291762671458,71,183,9,11
1614906324569,32.835058628385305,-117.23356011789578,9.478747847225765,69,180,9,11
1614906324685,32.83503197264414,-117.23354897675445,9.480814507038954,68,178,9,11
1614906324907,32.834925654125804,-117.23350578643553,9.539605424943757,64,169,9,11
1614906325017,32.83489909601855,-117.233495177485,9.547528041928793,63,167,9,11
1614906325167,32.834872459758074,-117.23348468430794,9.547561669698776,62,165,9,11
1614906325317,32.83484594079475,-117.23347436019854,9.553407661360563,61,163,9,11
1614906325485,32.83481949950233,-117.23346416104962,9.557194034202304,61,162,9,11
1614906325609,32.834793101671636,-117.23345405780378,9.555402099418787,60,161,9,11
1614906325723,32.83476672569542,-117.23344412233662,9.549703887930793,61,162,9,11
1614906325794,32.83468789799516,-117.23341491920577,9.543687324733787,64,165,10,11
1614906325879,32.83466170719708,-117.23340542240241,9.532319397394298,65,166,10,11
1614906326022,32.834635488434024,-117.23339607316582,9.534166074569479,66,167,10,11
1614906326175,32.834609229881856,-117.23338685374038,9.546214272902102,67,167,10,11
1614906326298,32.83458293827794,-117.23337778918656,9.55020503547573,68,168,10,11
1614906326431,32.83455661543003,-117.23336892968219,9.542760144029764,69,169,10,11
1614906326548,32.83453024910944,-117.23336028966987,9.527933229663493,70,170,10,11
1614906326662,32.83450381694418,-117.23335186847916,9.51248889985202,71,170,10,11
1614906326774,32.8344773268093,-117.23334363768518,9.496581556226243,73,171,10,11
1614906326896,32.83445080319252,-117.23333555008112,9.477190366627013,74,171,10,11
1614906327092,32.834344326168996,-117.23330417927806,9.39369460229429,78,173,10,11
1614906327269,32.83431760125812,-117.23329650775338,9.378334277045235,78,173,10,11
1614906327438,32.83429085096512,-117.23328889249692,9.35372274124382,79,173,10,11
1614906327551,32.83426405563097,-117.23328133909294,9.330020248631367,79,172,10,11
1614906327668,32.83423714849572,-117.23327370786487,9.309673466305318,77,171,10,11
1614906327782,32.834210264904684,-117.23326634009165,9.286189650519828,77,171,10,11
1614906327895,32.834183263490914,-117.23325892619316,9.26787659489434,76,170,10,11
1614906328098,32.834074952765214,-117.23323016043388,9.1519535066947,71,166,10,11
1614906328246,32.83404780542729,-117.23322324738454,9.13517496152083,70,166,10,11
1614906328360,32.83402055975508,-117.23321643321002,9.133454569762732,68,163,10,11
1614906328504,32.83399324547259,-117.23320972127378,9.129049646617608,67,162,10,11
1614906328623,32.83396585572226,-117.23320319254002,9.119407278850836,67,160,10,11
1614906328739,32.83393845602819,-117.23319670340094,9.108418245047247,65,157,10,11
1614906328868,32.83391096213707,-117.23319035575716,9.088693678161722,63,155,10,11
1614906329001,32.833883417796365,-117.23318403905346,9.069137400072185,62,153,10,11
1614906329089,32.833800349327596,-117.2331659125879,9.014418911202402,60,148,10,11
1614906329273,32.8337725180885,-117.23316002859961,8.995744011327902,60,147,10,11
1614906329416,32.833744487498514,-117.23315411991109,8.980260798821176,59,146,10,11
1614906329528,32.83371657902967,-117.23314839227795,8.962458746394704,59,145,10,11
1614906329645,32.83368861534778,-117.23314276359099,8.954801917276138,58,143,10,11
1614906329760,32.83366056030578,-117.23313723886729,8.947226958011312,58,142,10,11
1614906329873,32.83363243210836,-117.23313180559659,8.942273932367883,58,142,10,11
1614906330095,32.833519106449536,-117.23311125450704,8.900263795676056,59,140,10,11
1614906330243,32.833490533506115,-117.23310642740701,8.884699679649561,60,141,10,11
1614906330381,32.83346187315358,-117.23310171812524,8.87036389802483,61,141,10,11
1614906330477,32.833433111535406,-117.23309712604825,8.855168546025673,62,141,10,11
1614906330630,32.83340425849611,-117.2330926253751,8.836304806092041,63,142,10,11
1614906330743,32.83337530512955,-117.23308822041352,8.81455169652926,64,142,10,11
1614906330873,32.83334625063494,-117.23308393483005,8.7895288583076,65,143,9,11
1614906331127,32.83322907956349,-117.23306798008689,8.672554468593448,68,143,9,11
1614906331333,32.83319952353021,-117.23306426106953,8.638911182867187,69,144,9,11
1614906331438,32.83316985825183,-117.23306066040719,8.607340457418525,70,145,9,11
1614906331565,32.83314010284416,-117.23305717020567,8.571841277638963,72,146,9,11
1614906331713,32.833110258166656,-117.23305379354638,8.529115713762483,73,146,9,11
