1613162433651,32.88036686421162,-117.23153389998669,71.44553133978869,48,128,13,11
1613162433763,32.880364020758265,-117.23154281443907,71.45757330019886,48,127,13,11
1613162433878,32.88036117406439,-117.23155172840848,71.46789903212348,48,127,13,11
1613162433989,32.88035837631908,-117.23156067422512,71.48031799692322,47,126,13,11
1613162434102,32.88035558041301,-117.23156963310478,71.49494185545343,47,126,13,11
1613162434264,32.88035279911866,-117.2315786243414,71.50795509184411,47,125,13,11
1613162434410,32.88034447651738,-117.23160569285022,71.5491344591141,47,125,13,11
1613162434553,32.880341763986905,-117.23161471155764,71.55451678622752,48,126,13,11
1613162434668,32.88033902841721,-117.23162374457092,71.56234433934911,48,126,13,11
1613162434781,32.880336313028934,-117.2316328133433,71.56586200559401,49,126,13,11
1613162434862,32.88033364967319,-117.23164195093884,71.57728997162893,49,126,13,11
1613162435009,32.880331041745734,-117.23165110964115,71.58467536293747,49,127,13,11
1613162435171,32.880323296204764,-117.23167856036964,71.59990832325072,49,127,13,11
1613162435331,32.88032081217891,-117.2316877114991,71.60019394538196,50,127,13,11
1613162435477,32.880318346301856,-117.2316969095857,71.59966984180232,50,128,13,11
1613162435611,32.88031566669132,-117.23170600404235,71.61164856373367,50,128,12,11
1613162435725,32.88031310696594,-117.2317151815398,71.63002110918568,50,128,12,11
1613162435841,32.88031069154207,-117.23172443227477,71.63928653714164,51,129,12,11
1613162435958,32.880308167605165,-117.2317336511951,71.65982788163814,51,129,12,11
1613162436167,32.88029852328424,-117.23177064076712,71.67946733875472,53,132,12,11
1613162436323,32.88029616595994,-117.23177993165955,71.68203768751415,53,133,12,11
1613162436467,32.88029381638618,-117.2317892119168,71.6905271106933,53,133,12,11
1613162436600,32.880291462819265,-117.23179854472518,71.69497153960441,53,133,12,11
1613162436715,32.880289104921545,-117.23180794718299,71.70481739043775,53,133,13,11
1613162436831,32.88028669186081,-117.23181717058189,71.70570282743572,53,133,13,11
1613162436961,32.88028440735237,-117.23182643941864,71.68805674091753,52,133,13,11
1613162437181,32.880275159202704,-117.23186378940085,71.65613948466782,50,131,13,11
1613162437338,32.88027296035335,-117.23187314305436,71.64194454589143,50,131,13,11
1613162437491,32.8802707617351,-117.2318825249161,71.6416483209034,50,131,13,11
1613162437624,32.88026861670822,-117.23189196024137,71.63784499055716,50,131,13,11
1613162437749,32.88026638790216,-117.23190131566936,71.6341952579253,50,131,13,11
1613162437867,32.88026425706541,-117.23191065484822,71.61902775662642,50,131,14,11
1613162437953,32.880262164711716,-117.23192005073017,71.60129031935715,50,132,14,11
1613162438100,32.880260025440236,-117.2319293591588,71.58615943641075,50,132,13,11
1613162438306,32.880251817626366,-117.23196672907102,71.57077452423314,49,131,13,11
1613162438449,32.88024978908485,-117.2319760854082,71.5618746151099,49,131,13,11
1613162438583,32.88024782301075,-117.23198530638604,71.55039651471769,48,130,13,11
1613162438701,32.880245855953554,-117.23199459417935,71.5405423968716,47,129,13,11
1613162438819,32.8802439127781,-117.23200385590235,71.53803676062562,47,129,13,11
1613162438942,32.88024194724714,-117.2320131171338,71.5390746270228,48,130,13,11
1613162439053,32.88024008209364,-117.23202240356193,71.54008180602996,48,130,13,11
1613162439227,32.88023466597103,-117.23205016486497,71.5209931749545,46,128,13,11
1613162439351,32.88023289502062,-117.23205934798187,71.50854660997209,45,125,13,11
1613162439511,32.88023117785815,-117.23206850001074,71.49547846371934,44,124,13,11
1613162439645,32.88022951676763,-117.23207772212581,71.49360309483944,44,123,13,11
1613162439763,32.88022784617986,-117.23208699348176,71.4904619473516,43,122,13,11
1613162439881,32.88022622019336,-117.23209616428149,71.4907538670372,43,121,13,11
1613162439965,32.88022468147689,-117.23210536642968,71.49429876694508,43,121,13,11
1613162440110,32.880220084708306,-117.23213274363366,71.48433722246872,42,119,14,11
1613162440189,32.8802186618258,-117.2321419398161,71.48113186240744,42,118,14,11
1613162440410,32.88021727484976,-117.23215105167347,71.47482474624759,42,118,13,11
1613162440560,32.88021593017594,-117.23216015826361,71.46924155370958,41,117,13,11
1613162440691,32.880214568333486,-117.23216924759933,71.45864241225159,41,116,13,11
1613162440805,32.880213304853086,-117.23217836453085,71.44740912292042,41,116,13,11
1613162440930,32.88021207758768,-117.23218742026843,71.43121743730836,41,115,13,11
1613162441011,32.88020855494861,-117.23221458174766,71.36307641705825,40,112,13,11
1613162441130,32.88020745823586,-117.23222360570657,71.3479658769755,39,111,13,11
1613162441247,32.88020637799885,-117.23223263376744,71.33547747828511,39,111,13,11
1613162441423,32.880205385597094,-117.2322416955358,71.32140123250942,39,110,13,11
1613162441569,32.88020448648182,-117.23225080080049,71.30156137460055,39,110,13,11
1613162441703,32.88020361952682,-117.2322597709641,71.28279774425751,39,110,13,11
1613162441814,32.88020275567226,-117.23226870895627,71.25612375601398,39,109,13,11
1613162442001,32.880200112879,-117.23230459757397,71.20333313623212,39,108,13,11
1613162442146,32.8801995824379,-117.23231350824528,71.1826448194208,39,108,13,11
1613162442279,32.88019914768832,-117.23232239858709,71.16462700244864,39,107,13,11
1613162442439,32.88019873384679,-117.23233133264608,71.15109962409447,38,106,13,11
1613162442588,32.88019826363053,-117.23234023931236,71.14308428132027,38,105,13,11
1613162442722,32.88019783561251,-117.2323491020408,71.13528788688485,38,105,13,11
1613162442836,32.88019760256077,-117.23235799465297,71.1300975366475,36,103,13,11
1613162443104,32.88019695311116,-117.23239331377715,71.1035495420582,36,101,13,11
1613162443216,32.880197001220054,-117.23240211305342,71.09623234904419,36,101,13,11
1613162443391,32.88019711331804,-117.23241091241981,71.09084652085589,36,101,13,11
1613162443615,32.88019839280609,-117.2324460537989,71.07581890616368,37,101,13,11
1613162443736,32.88019889649451,-117.23245478579656,71.0685966623546,37,102,13,11
