1616284061174,32.80690530249026,-117.21500296478935,-20.01221763249105,265,597,0,13
1616284061368,32.806908043715474,-117.21498991704587,-19.96966597623187,266,600,0,13
1616284061563,32.80691915450788,-117.21493702092015,-19.871696023732714,271,609,0,13
1616284061756,32.80692199776877,-117.21492351435906,-19.833155201991936,273,612,0,13
1616284061839,32.80692483030736,-117.21491002835926,-19.83379374475069,274,614,0,13
1616284061958,32.80692770414688,-117.2148964107646,-19.82301828123205,276,617,0,13
1616284062129,32.806930636624166,-117.21488256878808,-19.756472538305463,278,619,0,13
1616284062245,32.80693359826395,-117.21486867007964,-19.698996725246733,280,622,0,13
1616284062360,32.80694253657224,-117.21482660316543,-19.565343037564507,286,629,0,13
1616284062472,32.80694554213565,-117.21481227028065,-19.47986103515223,288,632,0,13
1616284062585,32.80694857844453,-117.21479793212119,-19.437482655263874,290,634,0,13
1616284062751,32.806951541839545,-117.21478355482682,-19.418724748143987,293,637,0,13
1616284062834,32.80695453195406,-117.21476904060184,-19.38141538696872,296,640,0,13
1616284062948,32.80695746764303,-117.2147543611654,-19.308117605629835,298,642,0,13
1616284063099,32.806960521535736,-117.21473963060109,-19.236817045958617,301,645,0,13
1616284063236,32.80696365231142,-117.21472485281504,-19.173409123854988,304,647,0,13
1616284063354,32.80696683444298,-117.21471001283345,-19.118519338663866,307,650,0,13
1616284063559,32.806979582271026,-117.21464967986023,-18.861701132187992,320,660,0,13
1616284063731,32.806982869237466,-117.21463439591818,-18.80079671274465,324,663,0,13
1616284063818,32.8069861840246,-117.21461902219524,-18.73949866104304,327,666,0,13
1616284063936,32.80698956812395,-117.21460355314832,-18.675432008265577,331,669,0,13
1616284064117,32.80699289364453,-117.21458803420906,-18.62335725738204,335,672,0,13
1616284064238,32.80699629737846,-117.21457247822408,-18.57783375746224,339,674,0,13
1616284064521,32.807010126419684,-117.21450930070077,-18.292245018412846,356,685,0,13
1616284064670,32.80701364357353,-117.21449334346316,-18.229444721983864,361,688,0,13
1616284064785,32.80701715002764,-117.21447731371022,-18.166109210278943,365,691,0,13
1616284064904,32.807020625568875,-117.2144613243467,-18.095610606308025,370,694,6,11
1616284065018,32.80702399808882,-117.21444642568291,-18.038633134552377,370,696,6,11
1616284065129,32.80702787112818,-117.21442972394838,-17.968484164533262,371,699,7,11
1616284065245,32.80703163001904,-117.21441331268339,-17.91373233680828,372,701,7,11
1616284065388,32.80703545967981,-117.21439605147475,-17.831772396948445,371,703,7,11
1616284065651,32.807050360612536,-117.2143287093517,-17.42580751255109,359,704,7,11
1616284065767,32.80705426720868,-117.21431206261691,-17.347856034969,358,706,7,11
1616284065881,32.80705787106708,-117.21429510735865,-17.234768017552426,356,707,7,11
1616284065993,32.80706176606007,-117.21427816089577,-17.146749818240977,353,707,7,11
1616284066163,32.807065526705415,-117.21426102251564,-17.038665959645385,347,705,7,11
1616284066278,32.80706924782675,-117.21424394572678,-16.942647073608775,340,703,6,11
1616284066524,32.8070840934473,-117.21417488784945,-16.430597565092263,321,698,7,11
1616284066676,32.80708808280602,-117.21415789542654,-16.32787934786606,318,697,7,11
1616284066797,32.807091835172955,-117.21414055378841,-16.21621447247278,313,695,7,11
1616284066911,32.80709577932248,-117.21412316364186,-16.085377491012007,308,692,7,11
1616284067025,32.8070995443087,-117.21410571637253,-15.956891389685836,305,691,7,11
1616284067144,32.80710336587421,-117.21408833609487,-15.836264497038497,301,690,7,11
1616284067296,32.80710711280883,-117.21407091086297,-15.716130904787914,296,687,7,11
1616284067425,32.807111147514966,-117.21405337363437,-15.594432222211243,290,683,7,11
1616284067503,32.80712246112816,-117.21400105260109,-15.266890837163807,286,682,0,13
1616284067589,32.807126236481004,-117.21398350687376,-15.150421856889116,288,684,0,13
1616284067757,32.807130048070086,-117.213965931016,-15.064076421584323,290,686,0,13
1616284067877,32.807133907202996,-117.21394827966166,-14.953103934079731,291,688,0,13
1616284067996,32.807137704822495,-117.21393063040149,-14.824794060665528,293,689,0,13
1616284068167,32.80714155805481,-117.21391294017421,-14.70352954192008,294,691,0,13
1616284068429,32.80715730198976,-117.2138419186041,-14.248744772320814,296,695,7,11
1616284068541,32.807161347175324,-117.21382414756397,-14.142166149667807,294,693,7,11
1616284068679,32.80716571659804,-117.21380600294725,-13.98879129588458,284,685,7,11
1616284068793,32.807169918556355,-117.21378812437017,-13.809951263667445,273,675,7,11
1616284068873,32.80717456112082,-117.21377023020034,-13.648868964314877,258,658,7,11
1616284069018,32.80717911879525,-117.2137522471347,-13.524834891412219,245,642,7,11
1616284069138,32.80718315937191,-117.21373452338393,-13.352399208072944,231,623,7,11
1616284069274,32.80718746432076,-117.21371667829881,-13.218860397844082,217,601,7,11
1616284069536,32.80720411184995,-117.21364548219908,-12.665582834337606,181,538,7,11
1616284069670,32.80720757288544,-117.21362907777734,-12.541825750194807,182,539,7,11
1616284069784,32.807211580543886,-117.21361089903921,-12.411609926427433,183,541,7,11
1616284069894,32.8072158702012,-117.21359174272098,-12.323668987094848,184,542,7,11
1616284070010,32.80721979543508,-117.21357400200785,-12.222032207922805,184,543,7,11
1616284070181,32.807223486350566,-117.21355611710771,-12.082118600183563,185,544,7,11
1616284070313,32.80722724667058,-117.21353822621643,-11.956432060673368,185,544,6,11
1616284070443,32.80723116047128,-117.2135204259401,-11.86413739463098,186,545,6,11
1616284070608,32.80723491045864,-117.2135026061588,-11.756533793151258,186,545,7,11
1616284070777,32.807249978192836,-117.21343106816099,-11.296540302497327,191,550,5,11
1616284070893,32.80725372108995,-117.21341315165601,-11.19660779467132,193,550,6,11
1616284071003,32.80725746556274,-117.21339525630454,-11.100836510346225,194,551,5,11
1616284071120,32.80726119627216,-117.21337735355517,-11.001812899108158,196,550,5,11
1616284071285,32.807264949089635,-117.21335946037031,-10.908063350620258,198,546,10,14
