1619903682132,32.88002820816825,-117.23186732200739,71.56624100294148,49,92,9,11
1619903682308,32.880045144381526,-117.23184664651444,71.54931842086617,49,93,9,11
1619903682500,32.88004949488312,-117.23184139938026,71.55275217561932,49,93,9,11
1619903682620,32.88005386935133,-117.2318360933622,71.5534826432753,49,93,9,11
1619903682735,32.880058277576936,-117.23183077570293,71.55158953395475,49,93,9,11
1619903682857,32.88006269795916,-117.23182539298479,71.55731540879965,49,93,9,11
1619903683011,32.88007646461094,-117.2318080624276,71.58811178738316,48,94,9,11
1619903683138,32.88008115371137,-117.23180211535143,71.59067924971458,48,94,9,11
1619903683218,32.88008577555476,-117.23179620133516,71.58061146949437,47,94,9,11
1619903683365,32.88009037934191,-117.23179026846094,71.57186012536881,47,94,9,11
1619903683513,32.88009496222499,-117.2317842575198,71.56960362088319,46,94,9,11
1619903683623,32.880099485687424,-117.23177813944145,71.55260948573073,46,94,9,11
1619903683737,32.880104045840106,-117.2317720956409,71.53450949360774,45,94,9,11
1619903683926,32.88011750964275,-117.23175352186018,71.50508126101707,43,93,9,11
1619903684038,32.880121989216164,-117.23174735605208,71.49694090508466,43,93,9,11
1619903684152,32.880126403355966,-117.2317411461488,71.4797647401587,43,93,9,11
1619903684235,32.88013075570375,-117.23173478063822,71.46169437125387,42,93,9,11
1619903684380,32.880135115207445,-117.231728428006,71.44971779628304,41,92,9,11
1619903684600,32.88014832421232,-117.23170944883016,71.43001824922479,38,89,9,11
1619903684740,32.88015269143919,-117.23170303167879,71.43285188984757,37,87,9,11
1619903684925,32.88015706804321,-117.23169667909082,71.4314123999509,36,86,9,11
1619903685060,32.88016146423642,-117.2316903657844,71.4253598538793,36,84,9,11
1619903685173,32.880165759722196,-117.23168399281658,71.42710688615423,35,83,9,11
1619903685285,32.88016996022868,-117.23167765265002,71.42021563479405,35,83,9,11
1619903685369,32.88017422397254,-117.23167140683447,71.40728452634814,34,82,9,11
1619903685598,32.88019094823879,-117.23164626983109,71.37546733401999,34,81,9,11
1619903685688,32.88019511972375,-117.23164005273918,71.3648186414441,34,80,9,11
1619903685897,32.880199254684214,-117.23163384298117,71.3417851207231,33,79,9,11
1619903686071,32.880203308203626,-117.23162760509977,71.3227491417187,33,79,9,11
1619903686183,32.88020735959804,-117.23162130479358,71.31656797493473,33,78,9,11
1619903686427,32.88022340902649,-117.23159652010787,71.2684747620778,33,78,9,11
1619903686543,32.88022739859563,-117.23159030730673,71.2583588819433,33,77,9,11
1619903686654,32.88023134877595,-117.23158406399239,71.24272397513427,33,77,9,11
1619903686746,32.880235247022156,-117.23157790120987,71.22829510588339,33,77,9,11
1619903686954,32.880239168316436,-117.23157170239892,71.22272104555364,33,77,9,11
1619903687164,32.880254153401346,-117.23154707305359,71.18090133654056,33,77,9,11
1619903687320,32.88025776089185,-117.23154094353026,71.17164891708015,34,78,9,11
1619903687460,32.88026137215545,-117.23153475996372,71.17425595333917,33,77,9,11
1619903687575,32.8802649138263,-117.23152867150091,71.17980083151811,33,77,9,11
1619903687687,32.88026838037057,-117.2315226293689,71.17606928272241,33,76,9,11
1619903688000,32.8802814352542,-117.23149929870343,71.13542005881364,34,77,9,11
1619903688125,32.88028460519162,-117.23149363065434,71.1353188958622,34,77,9,11
1619903688221,32.88028772666217,-117.23148796378838,71.13576425084003,34,77,9,11
1619903688367,32.880290733290884,-117.2314823915711,71.13150758902344,34,77,9,11
1619903688560,32.88029366641692,-117.23147686909499,71.12039063998854,35,78,9,11
1619903688672,32.88029660194019,-117.23147137815775,71.11202420012222,35,78,9,11
1619903688902,32.88030790268876,-117.23144975829456,71.09009453526276,34,76,9,11
1619903689048,32.880310510209895,-117.23144448938442,71.07612287511286,34,76,9,11
1619903689169,32.88031313503842,-117.23143928332325,71.07114717605123,34,76,9,11
1619903689251,32.88031573048297,-117.23143413419099,71.06742680491102,34,76,9,11
1619903689399,32.88031832869208,-117.2314290204634,71.05728130711766,34,76,9,11
1619903689504,32.880320815573064,-117.23142398640555,71.04116634750531,34,75,9,11
1619903689651,32.880323226632385,-117.23141895914898,71.0291003355643,34,76,9,11
1619903689884,32.88033270467121,-117.23139943820222,71.00704869711655,36,77,9,11
1619903690041,32.88033494571171,-117.23139468630609,70.99569686090305,36,78,9,11
1619903690163,32.880337161149164,-117.23139000161477,70.97326838915822,36,78,9,11
1619903690244,32.88033937307003,-117.23138537512241,70.95919895005815,37,78,9,11
1619903690391,32.88034155679699,-117.2313807250123,70.95306952418292,37,78,9,11
1619903690554,32.88034374124501,-117.23137618017672,70.94143800073886,37,79,9,11
1619903690798,32.88035204187136,-117.23135835461028,70.91006250521916,39,81,9,11
1619903690972,32.880354059636595,-117.23135394356748,70.90576342986667,39,81,9,11
1619903691084,32.8803561344008,-117.23134957624532,70.9010400611309,39,81,9,11
1619903691195,32.880358158825715,-117.23134524399596,70.89738318305567,39,81,9,11
1619903691278,32.88036017728508,-117.23134098348302,70.89938758028642,40,82,9,11
1619903691423,32.880362142903266,-117.23133670472029,70.88800508674281,40,82,9,11
1619903691528,32.880364143423954,-117.23133247313088,70.87524614336907,40,83,9,11
1619903691681,32.88036609994895,-117.23132818545511,70.85803347837202,40,83,9,11
1619903691898,32.880374236229905,-117.23131153172817,70.8294675121406,41,84,9,11
1619903692043,32.88037630291863,-117.23130747253319,70.8208124312193,41,84,9,11
1619903692155,32.88037841281566,-117.2313034347892,70.81336853193332,41,85,9,11
1619903692240,32.88038051116692,-117.23129938569517,70.80891719976648,41,85,9,11
