1612140543266,32.88214538281952,-117.19551601486496,80.33775764358748,78,121,15,11
1612140543378,32.882143392956756,-117.19554102276312,80.28997949270467,78,121,15,11
1612140543463,32.882141406463646,-117.19556600174138,80.22936176140225,78,121,15,11
1612140543608,32.88213941283783,-117.19559097241923,80.16889920153316,78,121,15,11
1612140543677,32.88213743423076,-117.19561594956797,80.1126705203071,78,121,15,11
1612140543770,32.882135429056284,-117.19564092124507,80.05994439794546,78,121,15,11
1612140543890,32.88213340436879,-117.1956658793647,80.00840860744137,78,121,15,11
1612140543971,32.88213137990216,-117.19569083168624,79.95883164131557,78,121,15,11
1612140544067,32.882129324253405,-117.19571578187694,79.91190187828262,78,121,15,11
1612140544150,32.88212722959707,-117.19574072787965,79.86808824916064,78,121,15,11
1612140544288,32.882125089968426,-117.1957656222772,79.81899620113333,78,121,15,11
1612140544392,32.88212287409186,-117.19579046234297,79.77056706418419,78,121,15,11
1612140544473,32.88212063063399,-117.19581529586681,79.73276993488277,78,121,15,11
1612140544545,32.88211837872077,-117.1958401088494,79.70207859888501,78,121,15,11
1612140544698,32.88211614093547,-117.19586488682609,79.66846644711684,78,121,15,11
1612140544791,32.88211391505074,-117.19588964587035,79.63357752547911,78,121,15,11
1612140544893,32.8821117239571,-117.19591439476437,79.59641221549306,78,121,15,11
1612140544984,32.882109560144485,-117.19593906523706,79.55127398334865,78,121,15,11
1612140545072,32.8821073765068,-117.1959637037708,79.51333862375448,78,121,15,11
1612140545153,32.882105171334565,-117.19598833838486,79.48145127397537,78,121,15,11
1612140545329,32.88210303112694,-117.1960129056364,79.43500310251649,78,121,15,11
1612140545431,32.88210094579718,-117.19603738010818,79.37617882474746,78,121,15,11
1612140545532,32.88209892534794,-117.19606180570607,79.31911823306734,78,121,15,11
1612140545682,32.882096951673624,-117.19608619424875,79.27040771849346,78,121,15,11
1612140545755,32.88209495984394,-117.19611050839525,79.22597223606431,78,121,15,11
1612140545845,32.88209295214188,-117.19613474845174,79.18222084738979,78,121,14,11
1612140545962,32.88209097506443,-117.19615892512029,79.14606486532162,78,121,14,11
1612140546062,32.882089038080196,-117.19618305792395,79.1188228990245,78,121,14,11
1612140546144,32.88208711357507,-117.19620711921958,79.08936612919224,78,121,15,11
1612140546227,32.88208521455525,-117.19623111176266,79.06055234545713,78,121,15,11
1612140546341,32.88208330314556,-117.19625504097525,79.04116248033408,78,121,15,11
1612140546460,32.88208140799095,-117.19627893960575,79.02672160691559,78,121,15,11
1612140546540,32.88207951551238,-117.19630276519385,79.00267328424158,79,121,13,11
1612140546638,32.882077608002895,-117.1963265466589,78.97603153045907,79,121,13,11
1612140546784,32.882075662736895,-117.19635025331375,78.94216391801247,79,121,13,11
1612140546875,32.88207366816635,-117.19637388229778,78.90136377613972,79,121,13,11
1612140546973,32.8820716180262,-117.19639743126801,78.86343555054144,79,121,13,11
1612140547070,32.88206951937817,-117.1964209423169,78.83718608084126,79,121,13,11
1612140547170,32.88206737134344,-117.19644438958362,78.81043915359876,79,121,13,11
1612140547261,32.88206516063601,-117.19646779409035,78.78658339878538,79,121,15,11
1612140547430,32.882062896917404,-117.19649110575963,78.76024626147951,79,121,12,11
1612140547546,32.882060611446704,-117.19651433845519,78.73200241738681,79,121,10,11
1612140547648,32.88205092559766,-117.1966069180967,78.6883838549606,80,121,11,11
1612140547773,32.882048299596676,-117.19662995138417,78.66885004522881,80,121,11,11
1612140547855,32.88204556902662,-117.19665298422805,78.65588573366516,80,121,9,11
1612140547950,32.88204277367911,-117.19667594166198,78.63153209019634,80,121,9,11
1612140548046,32.88203986657895,-117.19669889895451,78.62054161359804,80,121,11,11
1612140548155,32.88203695595856,-117.19672189267116,78.62039173472355,80,121,10,11
1612140548276,32.882033920459946,-117.19674486412097,78.61172265925477,81,121,10,11
1612140548370,32.88203079145871,-117.19676773742364,78.57610858500988,81,121,10,11
1612140548455,32.882027517186856,-117.19679057574707,78.54991090402405,81,121,10,11
1612140548596,32.88202410996667,-117.19681342355898,78.54877461401904,81,121,10,11
1612140548676,32.882020583758624,-117.1968362641197,78.56141560952477,81,121,10,11
1612140548768,32.88201693260935,-117.19685903332181,78.56890206326443,81,121,10,11
1612140548860,32.88201318820573,-117.1968817935205,78.58523275439224,81,121,10,11
1612140548974,32.88200932498297,-117.1969045283339,78.60166432541304,81,121,10,11
1612140549064,32.88200535218491,-117.1969272750766,78.62243901101948,81,121,10,11
1612140549225,32.88200122251328,-117.19694997523871,78.62810718535961,81,121,10,11
1612140549330,32.88199697116311,-117.1969726387968,78.61524802828731,82,121,15,11
1612140549431,32.88199259922817,-117.19699526441265,78.58671990908523,82,121,15,11
1612140549574,32.88198818395358,-117.19701788243167,78.55779353939539,82,121,15,11
1612140549646,32.88198364905046,-117.19704050951144,78.53815955099229,82,121,15,11
1612140549736,32.88197897092608,-117.19706311552947,78.51973029602112,82,121,15,11
1612140549827,32.881974172840586,-117.19708572624663,78.50050195465846,82,121,15,11
1612140549919,32.881969278000454,-117.19710836321347,78.48670994470912,82,121,15,11
1612140550017,32.881964327993295,-117.19713103858705,78.47112163836911,82,121,15,11
1612140550096,32.88195931031762,-117.19715375704698,78.45149396028033,83,121,15,11
1612140550218,32.881954225845625,-117.19717648552,78.41940044043064,83,121,15,11
1612140550320,32.8819490884385,-117.19719924840346,78.38111001927858,83,121,15,11
1612140550414,32.881943873978656,-117.19722204471358,78.34335945747353,83,121,15,11
1612140550562,32.881938567578075,-117.19724487071603,78.3085313122491,83,121,15,11
1612140550641,32.88193316714885,-117.19726775841214,78.28479900054114,83,122,15,11
1612140550722,32.88192767516757,-117.19729069617053,78.26375986877377,83,122,15,11
1612140550814,32.88192213199228,-117.19731369257455,78.2399373179663,83,122,15,11
1612140550920,32.881916543360774,-117.19733674901214,78.21484696862817,83,121,15,11
1612140551010,32.88191089826395,-117.1973598435415,78.19205186015026,83,122,15,11
1612140551091,32.88190518667891,-117.19738301601869,78.18477708719129,83,122,15,11
1612140551271,32.881899454601225,-117.19740627718988,78.17835172598222,84,122,15,11
1612140551374,32.88189368475341,-117.19742962444928,78.17372891805095,84,122,15,11
1612140551465,32.881887900099,-117.19745303909349,78.16092442460723,84,122,15,11
1612140551607,32.8818820776171,-117.19747655247727,78.15299335117274,84,122,15,11
1612140551680,32.88187620934105,-117.19750014570589,78.14464220891718,84,122,15,11
1612140551773,32.88187029503012,-117.19752382230978,78.13186684314135,84,122,15,11
1612140551868,32.88186434660753,-117.19754756920419,78.11444127837628,83,122,15,11
1612140551961,32.881858383911094,-117.19757139845402,78.100202495829,83,122,15,11
1612140552054,32.88185241895726,-117.19759532831489,78.08821834320075,83,122,15,11
1612140552133,32.88184647281128,-117.19761936578288,78.08089395561166,83,122,15,11
1612140552263,32.88184053644318,-117.19764347381602,78.07099400924429,83,122,15,11
1612140552365,32.881834567503695,-117.19766766052992,78.06325415552995,83,122,15,11
1612140552464,32.88182860351321,-117.19769194562271,78.06327445243134,83,122,15,11
1612140552566,32.881822649057476,-117.19771633952678,78.06307387675587,82,122,15,11
1612140552657,32.881816681712976,-117.19774080601675,78.05996459059443,82,122,15,11
1612140552746,32.88181067963439,-117.1977653579511,78.05516128773387,82,122,15,11
1612140552837,32.881804649436596,-117.19778995322122,78.05082591788337,82,122,15,11
1612140553001,32.88179853320981,-117.19781462439799,78.05860392186585,82,122,15,11
1612140553080,32.881792377747885,-117.19783938150366,78.06682765871732,82,122,15,11
1612140553161,32.88178617979361,-117.19786421096957,78.07311518693,82,122,15,11
1612140553342,32.881779948776774,-117.19788909772265,78.07269739425507,82,122,15,11
1612140553443,32.8817736598676,-117.19791401484918,78.06687712883627,82,122,15,11
