1612484567218,32.7910235459011,-117.25359938746048,-32.27833596589705,79,120,15,11
1612484567297,32.791023544141176,-117.2535993784292,-32.2779898396028,79,120,15,11
1612484567378,32.791023541748395,-117.25359936935844,-32.278057943995435,79,120,15,11
1612484567488,32.79102354120658,-117.25359936406737,-32.27794474672449,79,120,15,11
1612484567577,32.79102354260247,-117.25359935727457,-32.2780742983363,79,120,15,11
1612484567731,32.79102354201824,-117.25359935283856,-32.27802925312372,79,120,15,11
1612484567924,32.79102353853545,-117.25359935045526,-32.27789062424502,79,120,15,11
1612484568023,32.79102353993363,-117.25359933914704,-32.27779091370142,79,120,15,11
1612484568125,32.79102353625845,-117.25359933814572,-32.27804724349328,79,120,15,11
1612484568210,32.79102353977949,-117.25359933108622,-32.278045251184935,79,120,15,11
1612484568291,32.791023539675614,-117.25359932960133,-32.27782673044546,79,120,15,11
1612484568372,32.79102353497735,-117.25359932624514,-32.277624884593486,79,120,15,11
1612484568460,32.79102353762827,-117.25359932144127,-32.27809268236317,79,120,15,11
1612484568568,32.79102353894473,-117.25359932120894,-32.27814463321843,79,120,15,11
1612484568713,32.7910235324502,-117.25359931691939,-32.27795330104301,80,120,15,11
1612484568806,32.791023531902255,-117.25359931592523,-32.27788540293481,80,120,15,11
1612484568936,32.791023520325695,-117.25359929968597,-32.277699048560486,80,120,15,11
1612484569034,32.791023520074965,-117.25359929318074,-32.277763125134975,80,120,15,11
1612484569142,32.79102351487428,-117.25359928541546,-32.2778507889105,80,120,15,11
1612484569286,32.791023515864545,-117.25359928799476,-32.278115399134016,79,120,15,11
1612484569389,32.79102350772331,-117.25359928182829,-32.277878840872646,79,120,15,11
1612484569470,32.791023507566976,-117.25359927704721,-32.27798504472229,80,120,15,11
1612484569574,32.79102350380414,-117.25359927873332,-32.278394372360275,80,120,15,11
1612484569753,32.79102349470836,-117.25359926754301,-32.27813916586707,80,120,15,11
1612484569853,32.79102349380035,-117.25359926561468,-32.278297123791425,80,120,15,11
1612484569958,32.79102348790499,-117.25359926437538,-32.278151790867824,79,120,15,11
1612484570040,32.79102348321978,-117.25359926032692,-32.278304461053395,79,120,15,11
1612484570125,32.79102347591413,-117.25359925462865,-32.27851238806807,80,120,15,11
1612484570197,32.79102347421849,-117.2535992516892,-32.27877058890038,80,120,15,11
1612484570348,32.791023469465934,-117.25359924784182,-32.27894518684381,80,120,15,11
1612484570451,32.79102346665523,-117.25359923996437,-32.27893683203707,80,120,15,11
1612484570534,32.79102345645167,-117.2535992351389,-32.27894975295883,79,120,15,11
1612484570625,32.7910234496279,-117.25359922517097,-32.278702708981825,79,120,15,11
1612484570750,32.79102344047252,-117.25359921373781,-32.27870746938423,80,120,15,11
1612484570854,32.79102343727843,-117.25359921209824,-32.27854636767041,80,120,15,11
1612484570962,32.79102343552984,-117.25359920388826,-32.278636676268384,80,120,15,11
1612484571044,32.79102342506216,-117.253599194811,-32.278509655651405,80,120,15,11
1612484571137,32.79102342591889,-117.25359919562536,-32.27884987209506,79,120,15,11
1612484571228,32.79102341960889,-117.25359918966613,-32.27891293729586,79,120,15,11
1612484571370,32.79102341467147,-117.25359918322427,-32.27878484828761,80,120,15,11
1612484571472,32.79102340707215,-117.25359917852231,-32.27901398504162,80,120,15,11
1612484571553,32.791023399463114,-117.25359916917138,-32.2790428461108,80,120,15,11
1612484571644,32.79102339138055,-117.25359916499224,-32.27938065960144,80,120,15,11
1612484571834,32.79102338242236,-117.25359916003197,-32.27945394249266,80,120,15,11
1612484571916,32.79102337521793,-117.25359915253713,-32.279959762499644,80,120,15,11
1612484572020,32.7910233701126,-117.25359914527348,-32.28058436984393,80,120,15,11
1612484572106,32.79102335887434,-117.25359914245455,-32.28121497472108,80,120,15,11
1612484572192,32.79102335047756,-117.25359913415934,-32.28153422655362,80,120,15,11
1612484572267,32.79102334223239,-117.25359912825444,-32.281884977906564,80,120,15,11
1612484572421,32.79102333254173,-117.25359912222947,-32.28184584746344,80,120,15,11
1612484572525,32.79102332089254,-117.2535991123986,-32.282489897285224,80,120,15,11
1612484572610,32.79102330786174,-117.25359909605753,-32.28255972371666,80,120,15,11
1612484572701,32.79102330036432,-117.25359909084264,-32.282745272405364,80,120,15,11
1612484572830,32.79102328954335,-117.25359908008402,-32.28317603402332,80,120,15,11
1612484572920,32.791023277480825,-117.25359907060594,-32.28338668518681,80,121,15,11
1612484573021,32.7910232630522,-117.25359906071498,-32.28368497965888,80,120,15,11
1612484573108,32.791023254957615,-117.2535990501467,-32.28395860263667,80,120,15,11
1612484573189,32.79102324129272,-117.25359903407747,-32.28417820285391,80,120,15,11
1612484573270,32.79102323100537,-117.2535990258664,-32.28409453015102,80,120,15,11
1612484573403,32.791023214349366,-117.25359901403425,-32.28395368593167,80,120,15,11
1612484573514,32.791023204277444,-117.25359900142666,-32.28386572078995,80,121,15,11
1612484573609,32.79102318933862,-117.25359898794886,-32.28369822340649,80,120,15,11
1612484573704,32.791023183207365,-117.2535989805955,-32.28390816416641,80,120,15,11
1612484573899,32.79102317200244,-117.25359897147744,-32.283889836294115,80,120,15,11
1612484573970,32.79102316013038,-117.25359896453276,-32.28399729354899,80,120,15,11
1612484574083,32.791023148634935,-117.25359895524781,-32.28400110294749,80,120,15,11
1612484574166,32.79102313997626,-117.25359894278985,-32.283859035636,80,120,15,11
1612484574250,32.79102312641478,-117.25359893092585,-32.2837799014199,80,120,15,11
1612484574365,32.79102311221802,-117.25359892520014,-32.283730200228355,80,120,15,11
1612484574483,32.79102310122333,-117.25359891429396,-32.28330377397233,80,120,15,11
1612484574598,32.791023092079,-117.25359891141318,-32.28317799638428,80,120,15,11
1612484574679,32.79102308119266,-117.25359890313538,-32.283368177131294,80,120,15,11
1612484574771,32.79102307260958,-117.25359889545447,-32.283549611252944,80,121,15,11
1612484574904,32.79102306491303,-117.25359889287441,-32.283281561909774,80,120,15,11
1612484574990,32.79102305248222,-117.2535988857492,-32.28344208268891,80,120,15,11
1612484575086,32.791023046196145,-117.25359888018791,-32.2835096915208,80,120,15,11
1612484575194,32.79102303599895,-117.25359887690759,-32.28368152944997,80,120,15,11
1612484575288,32.791023025298664,-117.25359886617191,-32.284138106575334,80,121,15,11
1612484575367,32.79102301311928,-117.25359885720309,-32.28335012128737,80,121,15,11
1612484575513,32.79102300576659,-117.2535988541852,-32.28383465430361,80,120,15,11
1612484575617,32.79102298977208,-117.25359884737301,-32.283834261323705,80,120,15,11
1612484575739,32.791022950968646,-117.25359883003392,-32.28227221424432,80,121,15,11
1612484575842,32.79102294072498,-117.25359882842828,-32.28188426630362,80,120,15,11
1612484575948,32.79102292738737,-117.25359882034977,-32.2813608767914,80,120,15,11
1612484576041,32.79102291673399,-117.25359881914703,-32.28115594105439,80,120,15,11
1612484576141,32.79102290890531,-117.25359881483524,-32.28087827231584,80,120,15,11
1612484576265,32.79102289825925,-117.25359881366822,-32.28067608887972,80,121,15,11
1612484576429,32.79102289061508,-117.25359881177357,-32.28049970297071,80,121,15,11
1612484576512,32.79102287623841,-117.25359880761945,-32.2802291088212,80,120,15,11
1612484576605,32.79102286758191,-117.25359880891287,-32.27979955798905,80,120,15,11
1612484576761,32.791022855447274,-117.25359880325968,-32.27963390609618,80,120,15,11
1612484576840,32.79102285179086,-117.25359880499113,-32.27951691620536,80,121,15,11
1612484576943,32.79102284521496,-117.25359880325018,-32.27932144126064,80,121,15,11
1612484577029,32.79102283604017,-117.25359879913819,-32.27920217008591,80,121,15,11
1612484577117,32.79102282989653,-117.25359879714748,-32.27901688312298,80,120,15,11
1612484577210,32.791022817238,-117.25359879480808,-32.278443809083505,80,120,15,11
1612484577291,32.7910228153948,-117.25359879820049,-32.278428326820915,80,120,15,11
