1616367866061,32.855257300811516,-117.19241374813522,55.49534025749048,37,67,12,11
1616367866179,32.85525090034907,-117.1924251640657,55.48746373047909,37,67,11,11
1616367866295,32.85524440460422,-117.19243662788905,55.47806297105425,38,67,11,11
1616367866536,32.85521738858421,-117.19248304256924,55.426192755306836,37,66,11,11
1616367866744,32.85521043193959,-117.19249480124058,55.41124478898438,37,66,11,11
1616367866887,32.85520339529527,-117.19250658812453,55.39471187655151,36,65,11,11
1616367867023,32.85519631391892,-117.1925184581601,55.37400148643567,34,64,11,11
1616367867140,32.85518918220332,-117.1925304414922,55.36163383699847,34,64,11,11
1616367867253,32.855182024277326,-117.1925424142729,55.34596171664419,33,63,11,11
1616367867368,32.85517483887367,-117.19255440909741,55.33008179201068,33,63,11,11
1616367867573,32.85514582137248,-117.19260248057164,55.28369355394505,32,63,12,11
1616367867706,32.85513856505947,-117.19261443684549,55.27255683850003,32,63,12,11
1616367867894,32.85513130505639,-117.19262638102772,55.260409911856506,32,63,12,11
1616367868042,32.85512402941437,-117.19263827963081,55.246179010954975,32,62,12,11
1616367868281,32.85509496545709,-117.19268536858728,55.19507321665276,31,61,12,11
1616367868418,32.855087724030284,-117.19269701750393,55.18280075599621,31,61,12,11
1616367868532,32.85508050976732,-117.1927085871659,55.16928288572524,31,62,12,11
1616367868654,32.855073312015584,-117.19272009359686,55.149889274150766,30,60,12,11
1616367868786,32.855066146327076,-117.19273155438518,55.13609810031951,30,60,12,11
1616367868976,32.85505897403182,-117.19274304411745,55.11992870323783,30,60,12,11
1616367869169,32.855030732481026,-117.19278833032999,55.06899793109642,30,60,12,11
1616367869260,32.855023769377844,-117.1927995427828,55.05409825708226,30,60,12,11
1616367869434,32.85501676535954,-117.1928107722167,55.04017587474874,30,60,12,11
1616367869548,32.85500984349797,-117.1928219005594,55.025483630304564,29,59,12,11
1616367869659,32.855002961852975,-117.19283297926191,55.00983396045848,29,58,12,11
1616367869834,32.85499612187475,-117.19284402735319,54.99391453981423,28,58,12,11
1616367870064,32.85496909239813,-117.19288797298222,54.94623372444456,28,57,12,11
1616367870190,32.85496248272003,-117.19289889058277,54.93061282634688,28,57,12,11
1616367870340,32.85495594331014,-117.19290980205973,54.91081456803068,28,57,12,11
1616367870507,32.85494947310755,-117.19292067831171,54.890012878027825,28,56,12,11
1616367870621,32.85494306436401,-117.19293153500367,54.86968084053348,28,57,12,11
1616367870867,32.85491819115385,-117.19297511344303,54.79903062916386,30,58,12,11
1616367871044,32.854912223919065,-117.19298598308836,54.78060044947513,31,59,12,11
1616367871165,32.85490635253839,-117.19299685486165,54.75950251242956,32,60,12,11
1616367871277,32.854900524849256,-117.19300784662258,54.744183879180056,32,61,12,11
1616367871366,32.85489484987788,-117.19301871937583,54.7269657088155,33,62,12,11
1616367871533,32.85488928133086,-117.19302959093753,54.709635629779086,34,63,12,11
1616367871772,32.854868073468296,-117.19307336685952,54.62835161053611,38,67,12,11
1616367871906,32.854863029394046,-117.19308441253071,54.60730583163847,39,68,12,11
1616367872029,32.85485807220928,-117.19309550525972,54.585428414803815,39,68,12,11
1616367872139,32.85485320792968,-117.19310667010403,54.56426425924608,39,68,12,11
1616367872252,32.85484842235186,-117.19311791586578,54.54676409633154,39,68,12,11
1616367872403,32.85484372986936,-117.1931292438849,54.52877847568503,40,69,12,11
1616367872659,32.85482581245114,-117.19317535560525,54.430078011683634,41,70,12,11
1616367872808,32.85482152656487,-117.19318710896684,54.40717156615943,41,70,12,11
1616367872942,32.85481732448504,-117.19319894901628,54.386584792398146,41,71,12,11
1616367873059,32.85481322437251,-117.19321088328323,54.364557088992754,42,71,12,11
1616367873172,32.8548091976216,-117.19322290219668,54.342095325299354,42,71,12,11
1616367873282,32.85480526514905,-117.1932350049748,54.32087705852029,42,72,12,11
1616367873376,32.85480143937382,-117.19324720932077,54.30065307666105,42,71,12,11
1616367873542,32.854797679017345,-117.193259495853,54.28355872640239,42,72,12,11
1616367873763,32.85478363359134,-117.19330948289007,54.196117822817605,43,73,12,11
1616367873897,32.85478039780101,-117.19332220684544,54.171042774898304,43,73,12,11
1616367874010,32.8547772730059,-117.19333501940069,54.14491947318575,43,73,12,11
1616367874127,32.85477423554832,-117.19334790720283,54.11754052627803,43,73,12,11
1616367874237,32.854771306398085,-117.19336087358514,54.093995840021584,44,74,12,11
1616367874384,32.854768500038524,-117.1933739401649,54.07445982219783,44,74,12,11
1616367874563,32.85476579640268,-117.19338710281806,54.058339601836735,44,74,12,11
1616367874774,32.854756026330065,-117.1934404974153,53.97322770840886,44,74,12,11
1616367874908,32.85475380736767,-117.19345400923046,53.946349451333106,44,75,12,11
1616367875022,32.85475165590707,-117.19346758803513,53.92432874286549,44,75,12,11
1616367875143,32.85474958008708,-117.19348124705614,53.907069956140724,44,75,12,11
1616367875255,32.85474756360579,-117.19349497281262,53.89380340927753,44,75,12,11
1616367875352,32.854745613858505,-117.19350876408454,53.879642161263625,44,75,12,11
1616367875520,32.85474369767201,-117.19352262138726,53.863442681617094,43,75,12,11
1616367875632,32.854741879004806,-117.19353656360981,53.84191925744924,42,74,12,11
1616367875772,32.85473676012733,-117.19357866117433,53.77630577170837,39,73,12,11
1616367875905,32.8547351197492,-117.19359278267247,53.75280174020218,39,73,12,11
1616367876019,32.85473354230857,-117.19360694557776,53.72902568220702,38,72,12,11
1616367876136,32.85473198813885,-117.19362113030104,53.70627477500825,38,72,12,11
1616367876221,32.85473047626112,-117.19363537352214,53.688125928424924,38,72,12,11
