1616533963936,32.83743513553331,-117.27286440445548,11.55241878776734,43,70,13,11
1616533964091,32.83742899365543,-117.2728623423627,11.579596312553358,43,70,13,11
1616533964206,32.837426985609326,-117.27286168861013,11.588709682562328,43,70,12,11
1616533964319,32.83742505794998,-117.27286100982172,11.593800117200482,43,70,12,11
1616533964397,32.83742305360166,-117.27286034658829,11.602423494117739,43,70,12,11
1616533964608,32.83742104600528,-117.27285966945311,11.60814576504494,43,71,12,11
1616533964753,32.83741902965823,-117.27285901033987,11.616347728085778,43,70,12,11
1616533964893,32.83741223899841,-117.27285676022974,11.638537472014235,43,70,12,11
1616533965027,32.837409672540055,-117.27285589623848,11.648030288855377,43,70,12,11
1616533965143,32.83740695198641,-117.27285498680546,11.661485458927519,42,69,12,11
1616533965256,32.83740407962431,-117.2728540224812,11.674916667823627,42,69,12,11
1616533965338,32.8374010505872,-117.27285300669969,11.68970778240729,42,68,14,11
1616533965482,32.83739788526035,-117.27285192946546,11.703670683523487,41,67,13,11
1616533965633,32.837394577894656,-117.27285082161572,11.717232054632602,41,67,13,11
1616533965891,32.83738091861068,-117.27284628003093,11.783893871538572,40,64,13,11
1616533966023,32.83737754289427,-117.27284514746859,11.799621503995715,40,64,13,11
1616533966146,32.837374157693574,-117.27284401752044,11.815167695573129,39,63,13,11
1616533966262,32.837370838855804,-117.27284292051145,11.832699011738477,39,63,14,11
1616533966377,32.83736755867073,-117.27284188021743,11.848420464394147,38,62,14,11
1616533966456,32.83736433872518,-117.2728408185483,11.861139258051159,38,62,14,11
1616533966661,32.837361254725636,-117.27283977278198,11.875241769579594,38,62,14,11
1616533966796,32.83735264072417,-117.27283691751298,11.915630381875083,37,60,14,11
1616533966962,32.83735003794477,-117.27283605508934,11.925126293037124,36,60,14,11
1616533967096,32.83734759764652,-117.2728352122814,11.934388493185844,37,60,14,11
1616533967219,32.837345306157395,-117.27283443624151,11.94365277540555,37,60,14,11
1616533967335,32.83734316803584,-117.27283372233482,11.953067147355576,37,60,14,11
1616533967450,32.83734118926087,-117.27283304163808,11.960980802972715,37,60,14,11
1616533967563,32.83733936286534,-117.2728324005715,11.967737799715751,38,60,14,11
1616533967798,32.83733315055716,-117.27283024365589,11.987763973864421,39,60,14,11
1616533967909,32.837331708070096,-117.27282974112465,11.993013782688523,39,60,13,11
1616533968048,32.83733028047051,-117.27282927656726,11.998577842497093,39,60,13,11
1616533968214,32.83732885247942,-117.27282883669297,12.002342539250627,38,60,13,11
1616533968330,32.837327375398225,-117.272828375413,12.008170584678249,38,60,13,11
1616533968447,32.8373258779484,-117.27282787417948,12.011725420895434,38,59,13,11
1616533968603,32.83732041774832,-117.27282613398337,12.025225738263593,37,58,13,11
1616533968733,32.837318219294666,-117.27282540411042,12.031847266799458,37,58,13,11
1616533968965,32.83731581005204,-117.27282457798356,12.04000205327443,37,58,13,11
1616533969077,32.837313173787564,-117.27282361180787,12.051133482624111,37,59,13,11
1616533969294,32.83730039625019,-117.27281826125379,12.105188283188205,39,60,13,11
1616533969408,32.83729672634454,-117.27281644489732,12.12302731797013,40,60,13,11
1616533969518,32.83729290101183,-117.27281440386463,12.143391292738542,40,60,13,11
1616533969662,32.83728892915735,-117.27281214008168,12.169587000025466,40,60,13,11
1616533969810,32.83728486682708,-117.27280962502812,12.189209408874333,40,60,14,11
1616533970088,32.837268312090714,-117.27279698526704,12.278568266213373,41,60,14,11
1616533970201,32.837264191582804,-117.27279327723095,12.30055571281541,40,60,14,11
1616533970318,32.83726013299115,-117.27278931502559,12.319879241040203,40,59,14,11
1616533970395,32.83725614551251,-117.27278510970082,12.334921783692566,40,59,14,11
1616533970602,32.83725221898061,-117.2727806847834,12.35350042329424,39,59,14,11
1616533970755,32.83724836498869,-117.27277602882141,12.371306972763614,39,59,14,11
1616533970968,32.83723411363054,-117.27275509585645,12.419381735732552,38,57,15,11
1616533971101,32.83723092063864,-117.27274923900943,12.425815714089378,38,57,15,11
1616533971216,32.83722788524832,-117.27274314859311,12.433832140071559,38,57,15,11
1616533971333,32.837225062077344,-117.27273679808543,12.44291092325767,38,57,15,11
1616533971410,32.837222465380066,-117.27273021875361,12.445126759647103,38,57,15,11
1616533971579,32.83722008188299,-117.27272342983096,12.4431781879596,39,57,15,11
1616533971670,32.8372179044047,-117.27271644644854,12.43410343533565,39,57,15,11
1616533971874,32.83721601171702,-117.27270927018294,12.417053378233165,39,57,15,11
1616533972100,32.837210887379484,-117.27267949656034,12.31545777797022,39,57,14,11
1616533972222,32.83721030207778,-117.27267171246108,12.297004037641,40,58,14,11
1616533972335,32.83720976333502,-117.27266375209747,12.317916214988337,40,58,14,11
1616533972508,32.83720973336681,-117.27265566125406,12.383995794922416,40,58,14,11
1616533972624,32.83721003802386,-117.27264750048276,12.449102020013036,40,58,14,11
1616533972743,32.837210532823654,-117.27263930319562,12.47562508892516,40,58,14,11
1616533972893,32.83721317313155,-117.27261442694521,12.513845794049558,38,56,14,11
1616533973000,32.837214475198635,-117.27260586155522,12.534180106832707,39,57,14,11
1616533973145,32.83721595643579,-117.2725971203485,12.576621806752676,39,57,14,11
1616533973260,32.83721761986589,-117.2725882672899,12.625383235001566,39,57,14,11
1616533973379,32.837219403534725,-117.27257919066601,12.676931785414945,39,57,14,11
1616533973458,32.83722130757955,-117.27256995215885,12.728500660331997,40,57,13,11
1616533973627,32.837223359376196,-117.27256056821035,12.781008095613002,40,57,13,11
1616533973718,32.837225534783464,-117.27255095287204,12.83573089754346,41,58,13,11
1616533973887,32.837232946120224,-117.27252139485556,13.005794335559939,38,56,12,11
1616533974012,32.83723558815702,-117.2725111256148,13.057928576241622,38,56,13,11
1616533974137,32.837238301916734,-117.27250070998954,13.106386929051586,39,56,13,11
