1616702206272,32.88081296867291,-117.2304166170291,70.46188497892254,54,103,13,11
1616702206427,32.880810318239746,-117.23042255185904,70.46556934225829,54,104,13,11
1616702206573,32.88080761266025,-117.2304285529851,70.46474775517385,54,104,13,11
1616702206889,32.88079647550799,-117.23045279676248,70.47819841650701,54,104,13,11
1616702206980,32.880793660510925,-117.23045896298511,70.47923283219346,54,104,12,11
1616702207149,32.88079080868647,-117.23046516133768,70.48102673273455,54,104,13,11
1616702207270,32.88078801050805,-117.23047141491755,70.49279736949678,54,104,14,11
1616702207514,32.88077646620775,-117.230496612319,70.48871021179788,54,104,13,11
1616702207626,32.88077348870342,-117.23050296848237,70.480223310895,54,105,12,11
1616702207745,32.880770571575326,-117.2305093961124,70.48267834625283,54,104,12,11
1616702207879,32.88076769464343,-117.23051586783326,70.48811777933155,53,103,12,11
1616702208072,32.880764770753736,-117.23052237363791,70.48774347289772,53,103,12,11
1616702208197,32.880761783046424,-117.23052887630621,70.48912845535186,53,102,13,11
1616702208316,32.88075876341348,-117.23053536327369,70.47947382530874,54,103,13,11
1616702208512,32.88074703585431,-117.23056180130263,70.47507768064577,55,103,13,11
1616702208627,32.88074406756423,-117.23056845867926,70.47585745228353,55,103,12,11
1616702208723,32.880741107806095,-117.23057514771709,70.47171383694554,56,103,12,11
1616702208952,32.88073820146308,-117.23058188977708,70.48074007917548,55,102,12,11
1616702209101,32.88073532498453,-117.23058863521905,70.49082334981718,55,102,12,11
1616702209320,32.88072376654347,-117.23061541223059,70.51047604423923,56,103,12,11
1616702209476,32.88072093806703,-117.23062205623243,70.52152678104359,56,102,12,11
1616702209640,32.88071808637309,-117.2306286239431,70.52333121115109,56,103,12,11
1616702209756,32.88071528219903,-117.23063518091965,70.53385121620566,56,103,12,11
1616702209837,32.880712488535856,-117.23064165062085,70.54709905859619,57,104,12,11
1616702210009,32.880704560039746,-117.23066049334243,70.57525921101092,58,105,11,11
1616702210126,32.880701916568135,-117.23066642173758,70.57868172086702,58,105,11,11
1616702210253,32.88069947662457,-117.230672328418,70.58103448797513,59,106,11,11
1616702210333,32.88069707537137,-117.23067806302757,70.58491671689328,59,106,11,11
1616702210523,32.880694696028556,-117.23068359685772,70.58436752911068,60,107,13,11
1616702210690,32.88069236238766,-117.23068899591776,70.58289621664255,61,108,13,11
1616702210965,32.880683459540066,-117.23070959507498,70.58835230776641,63,109,12,11
1616702211075,32.88068130762485,-117.2307145468842,70.59225019787472,63,109,12,11
1616702211190,32.88067920454104,-117.23071947098519,70.59395550057823,62,109,11,11
1616702211307,32.88067711355384,-117.23072431400993,70.60385223954817,62,109,12,11
1616702211485,32.88067511111927,-117.23072913485711,70.60898478149731,62,109,12,11
1616702211579,32.88067305789635,-117.23073390084737,70.61233770646162,62,109,12,11
1616702211745,32.88067104462689,-117.23073858596939,70.62460852650702,61,108,13,11
1616702211808,32.88066512570014,-117.23075246363186,70.65743469275942,58,105,13,11
1616702211924,32.880663165511734,-117.2307569546064,70.66482070771447,58,105,13,11
1616702212058,32.88066116301685,-117.23076148638512,70.67015350291948,57,104,13,11
1616702212138,32.88065927847546,-117.2307659694417,70.68500865774107,56,103,13,11
1616702212299,32.880657363580546,-117.23077036479698,70.69431672060857,55,102,13,11
1616702212410,32.88065551257899,-117.23077467051756,70.70437423293995,54,101,13,11
1616702212569,32.88065362070294,-117.23077888344008,70.71241372930885,54,100,13,11
1616702212808,32.8806466116492,-117.23079486536892,70.75146773401295,49,95,13,11
1616702212954,32.880644953447224,-117.2307986178839,70.75904555266966,49,94,13,11
1616702213087,32.88064333340536,-117.23080229239163,70.76136979932473,49,94,13,11
1616702213215,32.880641753507035,-117.23080587628384,70.76556291047437,49,94,13,11
1616702213328,32.88064022291429,-117.23080939880533,70.77291200553852,49,93,13,11
1616702213445,32.88063868913814,-117.23081283938726,70.7792731831628,49,93,13,11
1616702213618,32.88063447340741,-117.23082248009489,70.78966325176893,48,92,13,11
1616702213697,32.8806331590628,-117.23082551934033,70.795560486067,48,92,14,11
1616702213864,32.88063187975323,-117.23082842657156,70.7995491051738,48,91,14,11
1616702214008,32.880630648312795,-117.23083122979592,70.80598077517732,47,91,14,11
1616702214143,32.88062949680695,-117.23083386777027,70.81380580955299,47,90,14,11
1616702214260,32.88062843240038,-117.23083632944059,70.81806122369386,47,89,14,11
1616702214370,32.8806274378607,-117.23083862505285,70.82075179316132,47,88,14,11
1616702214517,32.880624767253124,-117.23084471979644,70.8355137800471,45,85,14,11
1616702214636,32.880623973867024,-117.23084652413546,70.84056140642598,44,84,14,11
1616702214718,32.88062321264846,-117.2308482155294,70.8453124801541,44,83,14,11
1616702214980,32.88062247612381,-117.23084985203101,70.84889641408297,44,83,15,11
1616702215113,32.88062177117801,-117.23085146634531,70.8546716161814,44,82,15,11
1616702215225,32.880621058863305,-117.23085307991704,70.85608548534853,43,81,15,11
1616702215338,32.88062036526611,-117.23085471211189,70.85967723791534,43,80,15,11
1616702215543,32.88061750568739,-117.23086121972646,70.88230431284589,41,78,15,11
1616702215656,32.88061677863789,-117.2308629010256,70.88791519410219,41,78,15,11
1616702215743,32.88061599644171,-117.2308646890766,70.89407558680712,42,78,15,11
1616702215916,32.88061513073525,-117.23086658102821,70.90023662896687,41,78,15,11
1616702216050,32.88061424975653,-117.2308686610597,70.90209315761216,42,78,15,11
1616702216194,32.880613300069285,-117.2308708544689,70.90816690563071,42,78,15,11
1616702216382,32.88060877532041,-117.23088110186916,70.92970877129083,44,80,15,11
1616702216547,32.88060749414036,-117.23088401103405,70.93448076044423,45,81,15,11
