1610059856081,32.76163664415144,-117.21548684229927,-27.93937293224926,79,121,15,11
1610059856223,32.761633631358656,-117.21551329495416,-27.939463422693148,79,121,15,11
1610059856309,32.76163056406297,-117.21553986041427,-27.92478373350697,79,121,15,11
1610059856411,32.76162746789889,-117.21556640602351,-27.923140844762838,79,121,15,11
1610059856562,32.761624379074135,-117.21559301901365,-27.91931748996666,79,121,15,11
1610059856643,32.761621302973346,-117.2156196802112,-27.92159517282528,79,121,15,11
1610059856724,32.76161821810755,-117.21564640885101,-27.91621787520505,79,121,15,11
1610059856817,32.76161517734721,-117.21567319527212,-27.91741148097208,79,121,15,11
1610059856912,32.76161214247303,-117.21570001430138,-27.92582636563222,79,121,15,11
1610059857002,32.76160909969904,-117.21572686682792,-27.94803528797683,79,121,15,11
1610059857153,32.761606085862795,-117.21575378612071,-27.96126817996593,79,121,15,11
1610059857239,32.76160305766909,-117.21578075066051,-27.975434714741287,79,121,15,11
1610059857327,32.761600052966415,-117.2158077434557,-27.995697257001964,79,121,15,11
1610059857433,32.76159705355621,-117.21583476240832,-28.019905253317823,79,121,15,11
1610059857572,32.7615940672997,-117.21586178771537,-28.04325954463176,79,121,15,11
1610059857662,32.76159103845073,-117.21588913010602,-28.062693000048004,79,121,15,11
1610059857749,32.76158803769082,-117.21591623273385,-28.094460742127055,79,121,15,11
1610059857833,32.761585046854236,-117.2159433269972,-28.148049350865826,79,121,15,11
1610059857947,32.76158208054138,-117.21597041199527,-28.210736450427053,79,121,15,11
1610059858018,32.76157912200451,-117.21599751965036,-28.263158315161704,79,121,15,11
1610059858239,32.7615761499032,-117.21602467489227,-28.296681330759334,79,121,15,11
1610059858317,32.76157315986611,-117.21605209818672,-28.32723231037184,79,121,15,11
1610059858398,32.76157015641398,-117.21607926617665,-28.364969408505036,79,121,15,11
1610059858500,32.76156713320441,-117.21610642014876,-28.40287451223941,79,121,15,11
1610059858649,32.7615640808239,-117.21613357999823,-28.433753072878982,80,121,15,11
1610059858733,32.761560982304154,-117.21616077064755,-28.45078264879738,80,121,15,11
1610059858814,32.76155785213091,-117.2161879800033,-28.459307280789055,80,121,15,11
1610059858897,32.761554680340446,-117.21621540761817,-28.47339512278818,80,121,15,11
1610059859019,32.76155148932721,-117.21624262594534,-28.480244935045953,80,121,15,11
1610059859107,32.76154831853488,-117.21626990849005,-28.481362833138427,80,121,15,11
1610059859259,32.76154514011316,-117.21629719281403,-28.497527451572832,80,121,15,11
1610059859348,32.76154191542543,-117.21632449802632,-28.51860547566975,80,121,15,11
1610059859486,32.7615290045815,-117.21643417829073,-28.606130190428686,80,121,15,11
1610059859579,32.76152580900348,-117.21646163419508,-28.626701879213343,80,121,15,11
1610059859694,32.76152263450834,-117.21648911458558,-28.655899763782944,80,121,15,11
1610059859811,32.761519501433426,-117.21651657948134,-28.697304888296006,80,121,15,11
1610059859961,32.76151635086601,-117.21654433911561,-28.720945851351104,80,121,15,11
1610059860042,32.76151322444372,-117.21657192654348,-28.732614280759044,81,121,15,11
1610059860178,32.76151009087919,-117.21659950402884,-28.755818115720707,81,121,15,11
1610059860261,32.761506922857606,-117.2166271031312,-28.772750640957582,81,121,15,11
1610059860365,32.76150372279501,-117.21665474383255,-28.784466421396058,81,121,15,11
1610059860497,32.76150052784607,-117.21668240962875,-28.795536437832347,81,121,15,11
1610059860598,32.76149730498116,-117.21671035327421,-28.801277686816917,80,121,15,11
1610059860679,32.761494108063346,-117.2167380792121,-28.819468288612786,81,121,15,11
1610059860762,32.76149090386673,-117.21676576999297,-28.84896073458779,81,121,15,11
1610059860866,32.7614876682676,-117.21679349911112,-28.86730956930258,81,121,15,11
1610059861029,32.7614844373714,-117.21682126496337,-28.878710808751002,81,121,15,11
1610059861109,32.76148129908187,-117.21684904318597,-28.887104532238357,81,121,15,11
1610059861194,32.76147812367136,-117.21687704451553,-28.88825706116647,80,121,15,11
1610059861277,32.76147498032788,-117.21690486967269,-28.880148749712554,81,121,15,11
1610059861382,32.761471835425475,-117.21693269147158,-28.879184285414805,81,121,15,11
1610059861511,32.761468643674974,-117.21696049987513,-28.883425665902628,81,121,15,11
1610059861612,32.761465458571536,-117.21698830825065,-28.887552401431495,81,121,15,11
1610059861691,32.76146226447686,-117.21701612515037,-28.886895848577275,81,121,15,11
1610059861775,32.76145904937792,-117.21704413369352,-28.889394394246118,81,121,15,11
1610059861866,32.76145583735854,-117.21707189657793,-28.900248459880977,81,121,15,11
1610059861957,32.761452603003036,-117.21709965357753,-28.90254589958877,81,121,15,11
1610059862040,32.761449368862294,-117.21712738852722,-28.90373304748623,81,121,15,11
1610059862257,32.76144615365078,-117.2171551058111,-28.902090952895183,81,121,15,11
1610059862349,32.76144287609312,-117.21718274312371,-28.913390492347173,81,121,15,11
1610059862440,32.76143953270185,-117.21721050123686,-28.924924243387665,81,121,15,11
1610059862571,32.761436239777574,-117.21723805549618,-28.919860974678492,81,121,15,11
1610059862661,32.761432939681086,-117.21726558264885,-28.91407182189705,81,121,15,11
1610059862745,32.76142962499417,-117.21729303734149,-28.919550446037576,81,121,15,11
1610059862836,32.76142630587808,-117.21732047047739,-28.93019014430644,82,121,15,11
1610059862946,32.76142300912961,-117.21734783723419,-28.95359707364321,82,121,15,11
1610059863027,32.76141965281497,-117.21737532605358,-28.981480850353172,81,121,15,11
1610059863103,32.761416323961356,-117.21740255909216,-29.004989858802094,82,121,15,11
1610059863260,32.76141307247597,-117.21742976710304,-29.01033172536954,82,121,15,11
1610059863343,32.761409852939224,-117.21745706288107,-28.97552510390636,82,121,15,11
1610059863450,32.76140658519888,-117.21748436652736,-28.943242637042577,82,121,15,11
1610059863593,32.76140326977743,-117.21751163391373,-28.93377019948729,82,121,15,11
1610059863682,32.761399903124975,-117.21753903800753,-28.940502987407015,82,121,15,11
1610059863763,32.76139656621879,-117.2175662698319,-28.94198290553542,82,121,15,11
1610059863850,32.76139325855868,-117.21759356572926,-28.9290483111735,82,121,15,11
1610059863945,32.76138997061459,-117.21762093178896,-28.913944931962778,82,121,15,11
1610059864036,32.76138670135821,-117.21764826714929,-28.923600742382465,82,121,15,11
1610059864245,32.76138343646761,-117.21767556883873,-28.94761868416129,82,121,15,11
1610059864328,32.761380149668526,-117.2177030682481,-28.956391066751973,81,121,15,11
1610059864409,32.761376888348764,-117.21773044250263,-28.945835374163746,81,121,15,11
1610059864511,32.761373629296564,-117.21775784284154,-28.93417098957892,81,121,15,11
1610059864645,32.7613703592225,-117.21778525982161,-28.926156837536656,81,121,15,11
1610059864738,32.76136707480962,-117.21781266041397,-28.92455988091698,81,121,15,11
1610059864836,32.76136377924006,-117.21784009554648,-28.916124583913977,81,121,15,11
1610059864919,32.76136047617943,-117.21786770415433,-28.906665912257438,81,121,15,11
1610059865023,32.76135721493006,-117.21789514504304,-28.904006877436558,81,121,15,11
1610059865173,32.76135395852457,-117.2179226041975,-28.89384923769361,81,121,15,11
1610059865257,32.76135069955097,-117.21795010432797,-28.86805957441021,82,121,15,11
1610059865339,32.76134746906429,-117.21797763645571,-28.839035609343984,82,121,15,11
1610059865422,32.76134424219898,-117.21800517475758,-28.812004617731013,82,121,15,11
1610059865531,32.76134096885353,-117.21803293124485,-28.775167851267874,81,121,15,11
1610059865676,32.76133768600127,-117.21806056886909,-28.747517279673623,82,121,15,11
1610059865768,32.76133437048741,-117.21808819839809,-28.738580332210848,82,121,15,11
1610059865894,32.76132126197016,-117.2181993402299,-28.697229590099592,81,121,15,11
1610059865984,32.76131805735427,-117.21822723526276,-28.669379116837092,81,121,15,11
1610059866125,32.761314831514994,-117.21825517360853,-28.654406877405872,81,121,15,11
1610059866209,32.761311581356296,-117.21828307472315,-28.665291826188586,81,121,15,11
