1613159422228,32.81457771624396,-117.22219904717765,-17.420633291230686,34,55,14,11
1613159422372,32.814508341495525,-117.22214363772729,-17.511706737027083,34,56,14,11
1613159422518,32.814485105307895,-117.22212532010916,-17.54453725100817,34,55,14,11
1613159422628,32.814461842074536,-117.22210706959791,-17.577286040453878,34,55,14,11
1613159422805,32.81443851221739,-117.22208886792045,-17.60387087735189,34,55,14,11
1613159422954,32.81441516302826,-117.22207070025955,-17.632202193634676,34,55,14,11
1613159423067,32.814391812890435,-117.22205254881504,-17.657732008376982,34,55,14,11
1613159423303,32.81429802530845,-117.22198046190705,-17.765852679065993,34,55,14,11
1613159423440,32.81427449455507,-117.22196256358606,-17.794669964846314,34,55,14,11
1613159423588,32.81425090832436,-117.22194471649837,-17.815546032564367,34,56,14,11
1613159423702,32.814227337334394,-117.22192690403207,-17.844829565835802,34,56,14,11
1613159423815,32.814203709548906,-117.22190916089197,-17.87168773010642,34,56,14,11
1613159423960,32.81418006076281,-117.22189145054784,-17.901663476168782,35,56,14,11
1613159424075,32.814156367690124,-117.22187383179417,-17.930160987702692,35,56,14,11
1613159424299,32.814061291777215,-117.22180381644901,-18.049396180512513,35,57,14,11
1613159424422,32.81403744176224,-117.22178645552438,-18.079731513558507,35,57,14,11
1613159424570,32.81401355810398,-117.22176913710088,-18.11039317961559,35,57,14,11
1613159424688,32.81398967455544,-117.22175183814593,-18.149214527799465,35,57,14,11
1613159424855,32.81396575335876,-117.22173456867552,-18.18566280314167,35,57,14,11
1613159425011,32.81394182048088,-117.2217173350246,-18.225158163789754,35,57,14,11
1613159425215,32.81384588323268,-117.22164869976272,-18.381911120764762,36,58,14,11
1613159425394,32.81382187679061,-117.22163157802895,-18.418473660272905,37,59,14,11
1613159425475,32.81379785919296,-117.22161450437804,-18.460071605496505,38,60,14,11
1613159425619,32.81377384965193,-117.22159742653184,-18.49726658041894,38,60,14,11
1613159425813,32.813749810156736,-117.2215803625826,-18.532849461924272,39,61,14,11
1613159426011,32.813653652177074,-117.22151225929008,-18.679726909802365,40,63,14,11
1613159426198,32.813629599846344,-117.22149527088051,-18.715156235532877,40,64,14,11
1613159426339,32.81360558064163,-117.2214782374837,-18.75311169487126,40,64,14,11
1613159426466,32.81358155938665,-117.22146122310443,-18.803106941461625,39,63,14,11
1613159426676,32.81348550776,-117.22139300420184,-18.97470579674411,39,63,14,11
1613159426826,32.81346149709767,-117.2213759198442,-19.021606768969914,39,63,14,11
1613159426941,32.81343754274059,-117.22135882512086,-19.076088759957404,38,63,14,11
1613159427055,32.81341353100807,-117.22134175123352,-19.134016821696974,38,63,14,11
1613159427243,32.81338955280654,-117.2213246479486,-19.186070368030805,37,62,14,11
1613159427375,32.81336555214053,-117.22130753178344,-19.247716156893794,37,62,14,11
1613159427503,32.813341604142565,-117.22129041048692,-19.31086506186943,37,62,14,11
1613159427712,32.813245871371095,-117.22122164845742,-19.560660773725544,36,62,13,11
1613159427804,32.81322193887517,-117.2212044527524,-19.62886930747994,37,62,13,11
1613159427951,32.813198072443974,-117.22118721814414,-19.691859086251736,37,62,13,11
1613159428064,32.81317419962344,-117.2211699572811,-19.756095325918864,37,62,13,11
1613159428223,32.813150291259404,-117.22115269828313,-19.818475300602444,36,62,13,11
1613159428387,32.81312641903653,-117.22113539467772,-19.871842010154978,37,63,12,11
1613159428511,32.813102572217865,-117.22111810498451,-19.92932290869474,38,64,12,11
1613159428746,32.81300709359645,-117.22104892461184,-20.181283959488834,39,65,12,11
1613159428836,32.812983229580155,-117.2210316438833,-20.253190807655344,39,65,12,11
1613159428980,32.81295936958607,-117.22101436007388,-20.32203641229091,39,65,12,11
1613159429093,32.812935508239605,-117.22099705888652,-20.391046768017482,39,65,12,11
1613159429371,32.81284004297563,-117.22092790794008,-20.669693704235794,38,64,12,11
1613159429517,32.812816198194504,-117.22091061260183,-20.743699936459624,38,64,12,11
1613159429598,32.812792358869075,-117.2208933071079,-20.8250618679164,38,64,12,11
1613159429770,32.8127685372557,-117.2208760089269,-20.900172788278276,37,63,13,11
1613159429862,32.81274472807158,-117.22085866857896,-20.96492428725769,37,63,13,11
1613159430006,32.81272085346556,-117.2208412857679,-21.029730065963435,36,62,13,11
1613159430120,32.81269705948644,-117.22082391285959,-21.093809197289936,36,62,13,11
1613159430249,32.81267330565379,-117.22080649344096,-21.159806836230267,36,61,13,11
1613159430378,32.81260214977963,-117.22075402267257,-21.333693974748385,36,61,13,11
1613159430530,32.81257843012321,-117.22073645074731,-21.387971598830543,35,61,13,11
1613159430610,32.81255476203292,-117.22071887349209,-21.438593527404567,35,60,13,11
1613159430840,32.812531113925964,-117.22070128222533,-21.491456854984236,35,60,13,11
1613159430961,32.81250748264414,-117.22068368480272,-21.543615948163772,35,59,14,11
1613159431074,32.81248387735051,-117.22066609378041,-21.596714761411583,35,59,14,11
1613159431301,32.81238948800529,-117.22059546064068,-21.76491010327875,34,57,13,11
1613159431415,32.812365957242555,-117.22057776719615,-21.802529758848724,34,57,13,11
1613159431563,32.812342430488144,-117.22056004976518,-21.836549232655397,33,57,13,11
1613159431667,32.81231890404289,-117.22054232710663,-21.865196370495596,33,56,13,11
1613159431840,32.812295337340515,-117.22052453949337,-21.894235298546793,33,56,13,11
1613159431930,32.81227184670482,-117.22050676595103,-21.920427987973046,33,56,13,11
1613159432215,32.81217803492776,-117.22043549649038,-22.00939244568205,34,57,13,11
1613159432347,32.81215453296442,-117.22041757504259,-22.027046986206624,34,57,13,11
1613159432477,32.81213110737884,-117.22039968341758,-22.039170096189,34,56,13,11
