1613865967289,32.84228401486498,-117.21732364773297,25.54712517696442,22,39,13,11
1613865967425,32.842270245512566,-117.21735295557272,25.475908730547093,21,38,13,11
1613865967559,32.84225649548375,-117.21738229659765,25.41397991625891,21,38,13,11
1613865967680,32.84224276851511,-117.21741166573113,25.35243269227382,21,38,13,11
1613865967830,32.84222901939961,-117.21744109581688,25.286163483806472,21,38,13,11
1613865967944,32.842215284964304,-117.21747041642196,25.218794108237905,21,38,13,11
1613865968044,32.84220155957656,-117.21749973566315,25.147550998721684,21,37,13,11
1613865968217,32.842160477041105,-117.21758770112291,24.882270049569723,21,37,13,11
1613865968387,32.84214676879331,-117.21761709083104,24.79485122540715,21,37,13,11
1613865968524,32.842133118414914,-117.21764639966699,24.709064235548254,21,37,13,11
1613865968639,32.842119472597936,-117.21767569103558,24.616301335596216,21,37,13,11
1613865968856,32.84206484824213,-117.21779268917568,24.247256686934236,21,36,13,11
1613865968999,32.84205119437528,-117.21782190063855,24.177820891325187,21,36,13,11
1613865969152,32.842037542760146,-117.21785104634776,24.10460525232004,21,36,13,11
1613865969269,32.842023882901096,-117.21788018154501,24.026530281828006,21,36,13,11
1613865969417,32.842010230973486,-117.21790925717397,23.944286692414817,21,36,13,11
1613865969579,32.84199658443763,-117.21793835035359,23.875168128299812,22,37,13,11
1613865969729,32.841982866541926,-117.21796749064747,23.815519474414707,22,37,12,11
1613865969854,32.84192834732136,-117.21808356469735,23.503611435309203,23,38,12,11
1613865969997,32.84191475712072,-117.21811250762669,23.406687292156935,23,38,11,11
1613865970144,32.84190111251737,-117.2181415877097,23.326672804262866,22,38,10,11
1613865970293,32.84188761825115,-117.2181706140156,23.23187008231541,23,38,10,11
1613865970593,32.84183335560514,-117.21828621388686,22.843753990555946,24,40,11,11
1613865970725,32.84181974281653,-117.21831514698131,22.75194553377202,24,40,11,11
1613865970837,32.84180617369838,-117.21834394826108,22.660988789100696,24,40,11,11
1613865970940,32.841792647472346,-117.21837283197868,22.564615294996447,24,40,11,11
1613865971086,32.84177911501812,-117.2184016301446,22.472137534817968,24,40,11,11
1613865971388,32.84172497365782,-117.21851687712214,22.128342978599516,25,41,11,11
1613865971506,32.84171147428028,-117.21854562713725,22.039011968642452,25,42,13,11
1613865971625,32.84169792690954,-117.21857440690923,21.97179433003154,26,42,13,11
1613865971750,32.841684370816395,-117.21860315522174,21.897735287428933,26,42,13,11
1613865971868,32.84167080136859,-117.21863185842567,21.822253711317718,26,42,13,11
1613865971976,32.841657145023056,-117.21866063739492,21.763115629782796,26,42,13,11
1613865972119,32.841643511521156,-117.21868930444597,21.717136124279204,25,42,13,11
1613865972285,32.84160238689946,-117.2187751183668,21.578772118697515,25,42,12,11
1613865972430,32.84158863741839,-117.21880369269272,21.528925582254992,25,42,12,11
1613865972550,32.841574845469005,-117.21883236701865,21.45957544965155,25,42,12,11
1613865972719,32.84156110818974,-117.21886093512092,21.403057864915613,26,42,12,11
1613865972833,32.84154739247149,-117.2188894925621,21.346048763868986,26,42,12,11
1613865972946,32.84153368946997,-117.218918051479,21.29638252758215,25,42,12,11
1613865973184,32.84147900435145,-117.21903263962886,21.136809092284004,24,40,12,11
1613865973327,32.84146538766839,-117.21906132124217,21.084894870956024,24,41,12,11
1613865973464,32.841451786104365,-117.21909005952635,21.02461159502282,25,41,12,11
1613865973582,32.84143820003634,-117.21911883137112,20.976436711783254,24,41,12,11
1613865973706,32.84142462027984,-117.2191476320386,20.927853676713262,24,40,12,11
1613865973821,32.84141098107569,-117.21917661018897,20.864315771191794,24,40,13,11
1613865974215,32.84135684208133,-117.21929236695935,20.606101078178874,26,42,13,11
1613865974326,32.841343361362405,-117.2193214091926,20.545084758285466,26,41,13,11
1613865974438,32.84132984993376,-117.21935064851925,20.493843798603848,25,41,13,11
1613865974687,32.84127644575398,-117.21946763272685,20.299566811366034,25,40,13,11
1613865974800,32.84126316042045,-117.21949703357183,20.240081367908395,25,40,13,11
1613865974906,32.841249881638234,-117.21952664325886,20.181112518823756,24,40,13,11
1613865975057,32.84123675757668,-117.21955617763844,20.121403293700922,24,40,13,11
1613865975205,32.84122372598982,-117.21958580717954,20.060440439867367,24,40,13,11
1613865975322,32.84121073669077,-117.21961553667813,20.006904720662604,24,40,13,11
1613865975492,32.8411720310294,-117.21970530174256,19.830326217646466,24,39,13,11
1613865975611,32.84115923393817,-117.21973527696528,19.77099755060465,24,39,13,11
1613865975723,32.841146488324604,-117.21976532070357,19.717637020113827,24,39,13,11
1613865975836,32.84113379657924,-117.21979546164623,19.664417044962427,24,39,13,11
1613865975947,32.841121160971504,-117.21982565803441,19.611605249749275,24,39,13,11
1613865976093,32.84110854658484,-117.21985588634756,19.55521618466741,25,40,13,11
1613865976396,32.84105853387861,-117.21997760913878,19.327942293721744,25,40,13,11
1613865976519,32.841046219469824,-117.22000819728471,19.26244390617121,25,40,13,11
1613865976692,32.84103398650498,-117.22003883479987,19.185682272383502,26,41,13,11
1613865976815,32.841021776332596,-117.22006968398269,19.104134266286977,26,41,13,11
1613865976927,32.84100969805602,-117.22010040752534,19.034433510439914,26,41,13,11
1613865977032,32.8409977225807,-117.22013126126707,18.97932364889634,26,41,13,11
1613865977150,32.84096203447162,-117.22022407507626,18.791344766552953,27,42,13,11
1613865977353,32.84095015082906,-117.22025525395182,18.728676390785708,27,42,13,11
1613865977489,32.84093838474134,-117.22028628256699,18.66852020579053,27,42,13,11
