1616367815965,32.853076011790876,-117.18993551192402,78.68506094679708,90,110,12,11
1616367816083,32.85307019704873,-117.18995498225964,78.72238919685317,91,110,12,11
1616367816207,32.853064437798025,-117.18997441783566,78.75865057046403,92,110,12,11
1616367816388,32.85305871289893,-117.18999376012897,78.7907134230299,94,111,12,11
1616367816528,32.85305304625949,-117.19001304786764,78.82274960511651,95,111,11,11
1616367816668,32.85303613918384,-117.19007050163994,78.9448572736025,97,112,10,11
1616367816784,32.85303055778122,-117.19008957973371,78.97119321246414,99,112,10,11
1616367816927,32.85302490239608,-117.19010843492688,78.99886964405366,101,113,9,11
1616367817057,32.85301931908879,-117.19012727147542,79.02438355626157,102,114,9,11
1616367817173,32.853013788415616,-117.19014607519284,79.04600727509776,104,114,8,11
1616367817264,32.853008239779385,-117.19016476674015,79.07013169251167,105,115,8,11
1616367817416,32.85300268774684,-117.1901833551433,79.10311192836058,108,116,11,14
1616367817497,32.85299713413149,-117.19020187531154,79.13863100028347,111,118,11,14
1616367817663,32.85298061475961,-117.19025694095521,79.22738885430024,120,122,11,14
1616367817810,32.85297516042996,-117.19027513504261,79.25840165525982,122,124,11,14
1616367817955,32.85296971722162,-117.19029317533352,79.28712362971872,125,126,11,14
1616367818076,32.8529643238007,-117.19031107553222,79.31474993345962,128,127,10,14
1616367818190,32.852958995347464,-117.19032883363705,79.34632754926263,132,129,12,14
1616367818283,32.852953723293005,-117.19034646225325,79.37839164721451,134,131,11,14
1616367818447,32.85293806996111,-117.19039804617118,79.44416451948439,143,135,11,14
1616367818534,32.85293298006412,-117.1904148459966,79.46520135532928,147,137,10,14
1616367818724,32.85292797471146,-117.19043148284442,79.49033822644046,151,139,11,14
1616367818907,32.85292303703619,-117.19044792581502,79.51486281110346,154,141,10,14
1616367819046,32.85291818225967,-117.19046416222275,79.52720072232624,157,142,9,14
1616367819167,32.852913387629826,-117.19048020262838,79.53773757338212,161,144,11,14
1616367819377,32.85289486248743,-117.19054253536721,79.57897652363599,169,147,8,11
1616367819506,32.852890404860254,-117.19055767330534,79.5948110530187,170,147,8,11
1616367819622,32.85288600341342,-117.19057263277651,79.61060032292592,170,147,8,11
1616367819799,32.85288168353532,-117.19058732402961,79.62121070863253,170,147,8,11
1616367819946,32.85287745640612,-117.19060176531809,79.62570532934568,169,146,8,11
1616367820115,32.852861435664764,-117.19065672678965,79.64250264485459,166,144,8,11
1616367820323,32.85285762311699,-117.19066977551547,79.65086985199582,169,145,11,11
1616367820431,32.85285386466957,-117.19068259259163,79.65972838082324,171,146,10,11
1616367820582,32.8528501621326,-117.19069521365701,79.66587619556977,171,146,10,11
1616367820698,32.852846512896555,-117.19070764743334,79.66478260888975,169,145,9,11
1616367820962,32.85283242135222,-117.19075516107772,79.65340431036844,166,142,8,11
1616367821075,32.85282903911859,-117.19076650754761,79.64803989071407,165,141,8,11
1616367821162,32.85282566610836,-117.19077757208898,79.6522107812064,166,141,8,11
1616367821333,32.85282232853557,-117.19078846233616,79.65759270054058,166,141,9,11
1616367821478,32.8528190644691,-117.19079916159947,79.6657500001821,166,141,8,11
1616367821595,32.85281585163118,-117.19080964456491,79.67445315352317,167,141,7,11
1616367821708,32.85281271144984,-117.19081998044244,79.67501333182756,165,141,7,11
1616367821964,32.85280091540756,-117.19085898320328,79.67523187176863,168,142,7,11
1616367822082,32.85279817375942,-117.19086815442157,79.67991192142122,169,142,7,11
1616367822172,32.85279552307368,-117.19087691985106,79.68844000305816,170,143,11,14
1616367822379,32.85279292392784,-117.19088571715012,79.69479266693537,170,143,7,11
1616367822519,32.85279040040786,-117.19089429772588,79.70377551441433,170,143,7,11
1616367822749,32.85278133504798,-117.19092657008007,79.7115981711423,171,143,8,11
1616367822882,32.85277934018803,-117.19093413093358,79.70920723432131,171,143,8,11
1616367823008,32.85277742583618,-117.19094151298316,79.70593772768247,169,142,8,11
1616367823121,32.8527756863525,-117.19094867594244,79.70769037660959,170,142,8,11
1616367823209,32.852774013321486,-117.19095573558998,79.70766987439848,166,140,8,11
1616367823357,32.85277251108362,-117.19096254361061,79.70763217721614,162,138,8,11
1616367823460,32.852771191369534,-117.19096905847361,79.70936813401907,158,137,8,11
1616367823613,32.85277006364605,-117.19097530618485,79.70880812775997,155,136,8,11
1616367823842,32.8527670648695,-117.19099829004503,79.70326663069375,149,134,10,11
1616367823990,32.85276670102362,-117.1910037261162,79.70080332522093,146,132,10,11
1616367824101,32.852766530313815,-117.19100898092655,79.69640991321545,145,132,10,11
1616367824229,32.85276648327423,-117.19101415825094,79.68834338859456,142,131,10,11
1616367824406,32.85276662879046,-117.1910192567453,79.68240693132593,140,130,10,11
1616367824529,32.8527669851718,-117.19102430400542,79.67573027930133,138,129,10,11
1616367824669,32.8527691490962,-117.19103919331572,79.64408844326584,132,127,12,11
1616367824813,32.852770357581335,-117.19104406519605,79.64314064059312,131,127,12,11
1616367824915,32.85277164441973,-117.19104896881198,79.64182916128178,127,125,12,11
1616367825064,32.85277316922752,-117.19105385396655,79.63729688537413,123,123,12,11
1616367825176,32.852774928368184,-117.19105873890054,79.63356578241633,118,121,12,11
1616367825281,32.852776893231244,-117.19106362405917,79.63066878548717,111,117,12,11
1616367825429,32.85277920408106,-117.19106835904176,79.6210322815857,108,115,12,11
1616367825531,32.85278176474713,-117.1910730239261,79.6100884277304,104,113,11,11
1616367825641,32.8527911505575,-117.19108642518938,79.56853025587732,100,110,10,11
1616367825787,32.852794855167694,-117.19109064228375,79.55506686653845,97,108,11,11
1616367825887,32.85279890507945,-117.19109460184147,79.54247229682103,98,108,11,11
1616367826038,32.85280314734096,-117.19109849315042,79.53233897233184,96,107,10,11
