1618182976243,32.862077826532015,-117.23309283014203,61.157501085350766,53,79,6,11
1618182976355,32.862091615768534,-117.23309024723832,61.14465064358083,54,80,6,11
1618182976468,32.86210544917131,-117.23308770119236,61.12984286530523,54,81,6,11
1618182976656,32.862147017508335,-117.2330802743749,61.106436340798105,56,83,6,11
1618182976782,32.86216099669617,-117.23307792791255,61.106947634097686,57,84,6,11
1618182976908,32.862174977986555,-117.23307567952574,61.10584950261521,57,85,6,11
1618182976983,32.862188959654134,-117.23307344756259,61.101850382374586,57,86,6,11
1618182977129,32.862203012850735,-117.23307120003795,61.101648546464666,58,86,6,11
1618182977267,32.862217060752634,-117.23306905590943,61.098698884717564,57,87,6,11
1618182977401,32.86223113105341,-117.23306692752976,61.09782586631728,57,87,6,11
1618182977482,32.86224527995129,-117.23306484042612,61.09652552727478,58,88,10,11
1618182977747,32.862302047845766,-117.23305707870043,61.09028496431251,61,91,10,11
1618182977863,32.86231632927405,-117.23305526722166,61.08350190408167,62,92,10,11
1618182977942,32.86233063324577,-117.233053486766,61.07907363101004,62,93,10,11
1618182978098,32.862344950375835,-117.23305177728348,61.077507340213,62,94,10,11
1618182978231,32.86235931787976,-117.23305010928325,61.07763247950877,63,95,9,11
1618182978344,32.86237370948882,-117.23304846981411,61.07928320512235,63,95,9,11
1618182978456,32.862388150903776,-117.2330468976172,61.07730825225857,63,96,9,11
1618182978757,32.86244596041431,-117.23304111794663,61.0392346477544,61,96,8,11
1618182978873,32.86246047549535,-117.23303979377705,61.02520095235769,61,96,8,11
1618182978955,32.862474969869545,-117.23303852773299,61.018365659082534,60,96,8,11
1618182979098,32.86248946289752,-117.2330373356714,61.01256661516973,59,96,8,11
1618182979234,32.86250397088631,-117.23303618372701,61.001849928377425,60,97,8,11
1618182979354,32.86251844224281,-117.23303507173028,60.98789873857845,59,97,8,11
1618182979476,32.86253293672969,-117.23303401143323,60.97868032511789,58,96,8,11
1618182979729,32.862590848612825,-117.23303045118973,60.9358735072652,57,96,7,11
1618182979843,32.862605241326484,-117.23302967504709,60.90740742206675,52,92,7,11
1618182979958,32.86261959975186,-117.23302894034784,60.89438134256011,52,92,7,11
1618182980068,32.862634058297424,-117.23302824002066,60.88934246603159,52,93,7,11
1618182980203,32.86264839610653,-117.23302758071559,60.88135142506725,51,92,7,11
1618182980327,32.862662686035634,-117.23302699407829,60.87875884977779,52,92,7,11
1618182980439,32.862676994464564,-117.23302643068529,60.87172690085693,51,92,7,11
1618182980658,32.8627198143276,-117.23302496599057,60.84558669661661,51,92,7,11
1618182980781,32.862734001999215,-117.23302454100669,60.834220553284446,51,92,7,11
1618182980894,32.8627481662425,-117.23302420502856,60.824472261490854,52,93,7,11
1618182980973,32.862762318346945,-117.23302399044596,60.82326084235815,52,93,7,11
1618182981133,32.8627764603611,-117.23302384656333,60.81604980590032,51,93,7,11
1618182981268,32.86279054775993,-117.23302378956507,60.80577030324651,51,92,7,11
1618182981382,32.862804747558584,-117.23302374786901,60.79581574194061,51,92,7,11
1618182981493,32.86281882552037,-117.23302376368052,60.79043032643503,52,93,7,11
1618182981658,32.86286100254073,-117.23302413327515,60.76297850835747,52,92,7,11
1618182981786,32.86287506917793,-117.23302440347555,60.7545035555635,52,93,9,11
1618182981909,32.862889218523726,-117.23302481274017,60.73119491369574,53,93,9,11
1618182981988,32.862903261229036,-117.23302528423771,60.71407299080852,53,94,9,11
1618182982131,32.86291732187392,-117.23302582198244,60.69465872032506,54,94,8,11
1618182982251,32.86293135279166,-117.23302646061622,60.670211711786564,54,94,7,11
1618182982399,32.86294540572968,-117.23302723512104,60.65080706318678,54,94,7,11
1618182982646,32.863001638016215,-117.23303107304572,60.58266086499033,55,95,8,11
1618182982805,32.863015713847616,-117.23303231708987,60.56515134844338,56,96,8,11
1618182982918,32.863029752606565,-117.2330336601646,60.54859211601403,56,97,10,11
1618182983031,32.863043812061086,-117.23303505719647,60.53189093572633,57,97,9,11
1618182983146,32.863057868300494,-117.23303657781128,60.52430030861813,58,98,9,11
1618182983260,32.86307193252268,-117.23303815675143,60.51313576772985,58,98,9,11
1618182983405,32.863085993764585,-117.2330397832343,60.49627613861267,59,99,8,11
1618182983497,32.863128096778894,-117.23304514511659,60.457704226506486,58,98,8,11
1618182983670,32.863142132556455,-117.23304705524104,60.44775381317489,57,98,8,11
1618182983794,32.86315614435669,-117.23304900460442,60.43715803433504,57,98,8,11
1618182983910,32.8631701742742,-117.2330510045368,60.42676077179716,58,98,8,11
1618182983989,32.863184214158665,-117.23305307576837,60.421260720987185,57,98,8,11
1618182984132,32.86319819104946,-117.23305520731576,60.410252022811775,57,98,8,11
1618182984288,32.86321218756396,-117.23305737516053,60.40158724478272,57,98,8,11
1618182984493,32.863268009239206,-117.23306660193369,60.33842599888558,59,101,8,11
1618182984718,32.86328193531937,-117.23306904952781,60.327491363508194,60,101,8,11
1618182984832,32.86329582232005,-117.23307153926169,60.30918891417475,60,101,8,11
1618182984948,32.86330971277537,-117.23307410514113,60.291328969557604,60,101,8,11
1618182985030,32.86332358817298,-117.2330766981511,60.280305213059954,60,102,8,11
1618182985190,32.86333745110517,-117.23307936487028,60.270228869203855,61,103,10,11
1618182985294,32.863351289651824,-117.2330820928088,60.25688812402809,62,104,10,11
1618182985538,32.863406453576296,-117.23309361482207,60.20664623519428,63,106,10,11
1618182985651,32.86342013943908,-117.23309660757491,60.1957795641594,63,106,10,11
1618182985808,32.86343381125528,-117.2330996287564,60.18021747765421,62,106,10,11
1618182985922,32.86344746082321,-117.23310280490183,60.167427587068474,60,105,10,11
1618182986004,32.86346120130331,-117.23310589792521,60.165720250517964,60,104,10,11
1618182986149,32.86347482522248,-117.23310913270532,60.16433963294616,59,104,10,11
1618182986251,32.86348848111763,-117.23311232305085,60.156299298782685,58,103,10,11
1618182986395,32.86350206200616,-117.23311555350685,60.144170569212754,58,103,10,11
