1614906522043,32.784260448477156,-117.20776627586626,-28.577988731777168,45,109,10,11
1614906522175,32.78423500751262,-117.20777087029364,-28.59209718049163,45,109,10,11
1614906522322,32.784209613198286,-117.20777545540523,-28.607468611120538,45,109,10,11
1614906522432,32.784184088825995,-117.20778010175512,-28.619799937618247,45,107,10,11
1614906522546,32.78415885339449,-117.20778471202291,-28.636528017742318,44,106,10,11
1614906522662,32.784133626410515,-117.20778932199836,-28.648123690966724,44,106,10,11
1614906522764,32.78410844889828,-117.20779395761923,-28.660896200645542,43,105,10,11
1614906522911,32.78408327530938,-117.20779858216007,-28.673631211660812,43,104,10,11
1614906523022,32.784058146687414,-117.20780327275531,-28.690161172600817,43,104,10,11
1614906523276,32.78395735949175,-117.20782214259238,-28.739416633143723,43,103,10,11
1614906523447,32.78393212476333,-117.20782683518661,-28.742871932635204,43,103,10,11
1614906523560,32.7839068169211,-117.20783151861563,-28.74912716478836,43,103,10,11
1614906523698,32.78388116732589,-117.20783624205859,-28.76168778231379,44,103,10,11
1614906523911,32.7837784520121,-117.20785484805259,-28.826512329473776,42,101,10,11
1614906524043,32.7837524646999,-117.20785946037104,-28.844924944215787,43,101,10,11
1614906524173,32.7837263308751,-117.20786404733909,-28.857986546095184,43,101,10,11
1614906524327,32.78370007820865,-117.20786859811105,-28.87585998157365,43,100,10,11
1614906524437,32.78367367332374,-117.20787315440815,-28.892222728355904,43,100,10,11
1614906524551,32.783647134111874,-117.20787771926312,-28.913677892079978,43,99,10,11
1614906524695,32.783620444649536,-117.20788229754899,-28.935728047544416,44,99,10,11
1614906524808,32.783593605932055,-117.20788689128432,-28.955428528134703,44,99,10,11
1614906525029,32.783484909977055,-117.20790547961522,-29.060918004815058,46,99,10,11
1614906525184,32.78345741074249,-117.20791015423005,-29.08862121915962,46,99,10,11
1614906525395,32.78342974951969,-117.20791483518867,-29.104062640923953,47,99,10,11
1614906525589,32.78331776465911,-117.2079334376292,-29.174938391393237,48,99,11,11
1614906525690,32.7832894395573,-117.20793812314352,-29.197896061254063,48,99,11,11
1614906525822,32.78326097653258,-117.20794284138792,-29.219430495361955,49,99,11,11
1614906525981,32.783232388016984,-117.20794753872305,-29.246558876278296,49,99,11,11
1614906526158,32.78320366028552,-117.20795225800474,-29.26860900614533,49,98,11,11
1614906526285,32.78317478342497,-117.20795701056423,-29.28678880763304,49,98,11,11
1614906526537,32.78305802748021,-117.20797652037584,-29.373676110097122,50,98,11,11
1614906526649,32.78302851546592,-117.20798148292819,-29.39360826144927,50,98,11,11
1614906526775,32.78299886367239,-117.20798649310053,-29.40704744560518,51,98,11,11
1614906526888,32.782969090887555,-117.2079915418805,-29.419110276918893,51,98,11,11
1614906526974,32.7829391926568,-117.20799663912331,-29.431159592798178,51,98,11,11
1614906527187,32.78290918107064,-117.20800176660227,-29.446286500025952,51,98,11,11
1614906527319,32.78281853659843,-117.20801735265671,-29.502490448692882,51,97,11,11
1614906527436,32.78278814571744,-117.20802261924163,-29.518915317075617,51,97,11,11
1614906527570,32.78275768581444,-117.20802788836612,-29.53161368859051,50,96,11,11
1614906527686,32.782727190916376,-117.20803318561347,-29.54873234854496,49,95,11,11
1614906527803,32.78269666013258,-117.20803850813444,-29.56383748985783,49,95,10,11
1614906527927,32.78266604345691,-117.20804386777891,-29.565161423275732,48,94,10,11
1614906528086,32.78263539403562,-117.2080491725376,-29.567970587140948,46,93,10,11
1614906528277,32.78251254898611,-117.20807069977081,-29.613118768889784,42,90,10,11
1614906528427,32.782481787366955,-117.20807610704595,-29.6225373053459,41,89,10,11
1614906528564,32.78245100904927,-117.20808151972126,-29.62145316588075,41,88,10,11
1614906528684,32.782420263276116,-117.20808695362986,-29.63137215280808,40,87,9,11
1614906528807,32.782389507358275,-117.20809238519995,-29.636460271743097,39,87,9,11
1614906528919,32.78235878219689,-117.20809785172715,-29.64852991270988,39,87,10,11
1614906529076,32.78232807189466,-117.20810330790925,-29.659538909126027,39,86,10,11
1614906529184,32.7822359890348,-117.20811959597609,-29.67824169562768,38,85,10,11
1614906529281,32.78220532753134,-117.20812501283511,-29.6822724679679,37,84,10,11
1614906529445,32.78217467398025,-117.20813045477688,-29.68659031167396,37,84,10,11
1614906529582,32.78214403506198,-117.20813590423677,-29.69362975259269,37,84,10,11
1614906529695,32.782113400714266,-117.20814135984003,-29.70140794902658,37,84,10,11
1614906529807,32.78208281935511,-117.20814683284804,-29.71640328145751,37,84,10,11
1614906529943,32.78205226584474,-117.20815231422486,-29.727995053052705,37,84,10,11
1614906530210,32.78193000813552,-117.20817434455724,-29.73671300453649,38,85,10,11
1614906530325,32.78189950524517,-117.20817983314645,-29.748970855403268,38,85,10,11
1614906530446,32.781868984602596,-117.20818538492989,-29.75682172552097,38,86,10,11
1614906530582,32.7818384961687,-117.20819097005013,-29.765707513746936,38,86,10,11
1614906530694,32.78180801583067,-117.20819654537007,-29.77417641295349,39,86,10,11
1614906530817,32.78177756035144,-117.20820214458908,-29.783129552561856,39,86,10,11
1614906531128,32.78165607957042,-117.208225063805,-29.81826588047892,40,89,11,11
1614906531332,32.78162592400519,-117.2082311199656,-29.828431058394013,40,89,11,11
1614906531447,32.781595931090735,-117.2082373277879,-29.83853269986319,41,89,11,11
1614906531539,32.781566123308835,-117.20824363519864,-29.846054609474244,41,89,11,11
1614906531711,32.78153649253433,-117.2082500118405,-29.854064195869977,41,90,11,11
1614906531823,32.78150706819545,-117.20825643979988,-29.87155968655048,42,90,11,11
1614906532029,32.7813911234742,-117.20828238373154,-29.91794881427969,43,90,11,11
1614906532239,32.781362567330014,-117.20828876431656,-29.92924227944685,44,91,11,11
