1616533312419,32.818550532973624,-117.2622290204734,66.26332765154145,31,52,14,11
1616533312529,32.81854536358767,-117.26222806311192,66.19576093351786,30,52,14,11
1616533312642,32.81854009632594,-117.26222711479053,66.1284236541958,30,52,14,11
1616533312814,32.81853471203795,-117.26222611167265,66.06013004269622,30,51,14,11
1616533312989,32.818529290754455,-117.26222514503849,65.98654912035725,29,51,14,11
1616533313090,32.818523803140366,-117.26222413975499,65.90671368878277,29,50,14,11
1616533313236,32.81851823116495,-117.26222317685034,65.83351870346767,29,50,14,11
1616533313388,32.81849584988307,-117.26221891959133,65.51937125886924,28,49,14,11
1616533313544,32.8184903450135,-117.26221789334402,65.44656275656183,28,49,14,11
1616533313657,32.81848486320632,-117.26221684669179,65.37849581576319,27,48,14,11
1616533313789,32.81847943885801,-117.26221579501242,65.3080802817527,27,47,14,11
1616533313995,32.818474115831314,-117.26221473818647,65.23098431104265,26,47,14,11
1616533314171,32.81845343388943,-117.26221056346746,64.91423119878948,26,45,15,11
1616533314299,32.81844840297626,-117.2622094986786,64.8334600743339,26,46,15,11
1616533314456,32.81844340076479,-117.26220837516058,64.75873649508726,26,46,15,11
1616533314613,32.81843838673165,-117.26220724139118,64.68744911027406,26,46,15,11
1616533314726,32.81843336739235,-117.26220609914502,64.61583088929409,26,45,15,11
1616533314912,32.81841802811531,-117.26220255916465,64.41249411849431,26,45,15,11
1616533315022,32.818412835272774,-117.26220135527697,64.34870902403782,26,45,15,11
1616533315146,32.81840757276844,-117.26220016269494,64.28624196785553,26,45,15,11
1616533315258,32.818402247922194,-117.26219893539614,64.230634812711,26,45,15,11
1616533315374,32.81839690420556,-117.26219767204068,64.17483409515542,26,45,15,11
1616533315476,32.81839152182355,-117.26219641695897,64.12609085380716,26,45,15,11
1616533315600,32.81838612519024,-117.26219512081508,64.08066863639309,26,45,14,11
1616533315744,32.81838071655455,-117.26219381883398,64.02911143444807,26,44,14,11
1616533316025,32.81835866613207,-117.26218813726163,63.88736026955778,25,43,14,11
1616533316139,32.818353073585904,-117.26218660190106,63.864055727571575,25,43,14,11
1616533316254,32.81834746893229,-117.26218509896708,63.84439045629539,25,43,14,11
1616533316367,32.81834182223715,-117.26218360673965,63.81844846115082,24,42,14,11
1616533316528,32.818336183336015,-117.2621820808249,63.7850758898055,24,41,14,11
1616533316653,32.81833050600075,-117.26218050084935,63.75479518198404,23,41,14,11
1616533316860,32.818313281343045,-117.26217580810356,63.67108686168159,23,40,14,11
1616533316962,32.818307515704376,-117.26217419820708,63.64229985711842,23,40,14,11
1616533317113,32.81830184348298,-117.26217261526135,63.612308360451976,23,39,14,11
1616533317226,32.8182962373742,-117.26217113920852,63.57178470586731,22,39,14,11
1616533317341,32.8182907157053,-117.262169645039,63.52875315845319,22,39,14,11
1616533317456,32.818285295336686,-117.26216806396735,63.47674236400744,23,39,14,11
1616533317557,32.818279983628656,-117.26216650864815,63.42551483138011,23,40,14,11
1616533317853,32.818259270822935,-117.26216079994477,63.256757009865936,25,41,15,11
1616533317956,32.81825428536902,-117.26215931632758,63.21341961284786,25,41,15,11
1616533318110,32.81824934040574,-117.26215809286427,63.16620372498157,25,41,15,11
1616533318223,32.81824447845244,-117.2621568816216,63.11344730860977,25,41,15,11
1616533318337,32.81823973958332,-117.26215559524712,63.05029957322148,25,42,15,11
1616533318450,32.81823508401901,-117.26215418899594,62.97923836416146,26,42,15,11
1616533318610,32.818221239638504,-117.26215026800723,62.78261701337029,26,42,15,11
1616533318750,32.818216669289335,-117.26214906772877,62.7284032144058,26,43,15,11
1616533318861,32.81821212348519,-117.26214780573083,62.68024191134774,27,43,15,11
1616533319048,32.81820765344586,-117.26214645423865,62.63212282315843,26,43,15,11
1616533319192,32.818203228972195,-117.26214510397479,62.57165466270655,26,43,15,11
1616533319310,32.81819880443075,-117.26214390622161,62.51627830305051,26,43,15,11
1616533319464,32.81818130466156,-117.26213875910325,62.281828769550074,27,44,15,11
1616533319609,32.818176912604855,-117.26213745451359,62.22139050142986,28,45,15,11
1616533319769,32.81817240374021,-117.26213617117436,62.166610719982344,28,45,15,11
1616533319884,32.818167864782744,-117.26213484344234,62.1090042821705,28,45,15,11
1616533320066,32.81816332534592,-117.2621334646034,62.04602755229659,29,46,15,11
1616533320212,32.8181586944314,-117.26213206031018,61.980509497870365,29,47,15,11
1616533320367,32.818139311398426,-117.26212626338219,61.72509413161586,32,49,15,11
1616533320502,32.818134306490585,-117.26212483584716,61.65934203677028,32,50,15,11
1616533320645,32.81812923999723,-117.26212338197475,61.5920856984186,32,50,15,11
1616533320780,32.81812409070724,-117.26212188111786,61.52841416045506,32,50,15,11
1616533320979,32.81811885967399,-117.26212035491425,61.45878173080189,32,50,15,11
1616533321120,32.81811357540755,-117.26211884418039,61.390976658616054,32,50,15,11
1616533321286,32.81809170879465,-117.26211263355974,61.11555620253164,33,52,14,11
1616533321392,32.818086092958076,-117.26211096295899,61.045273735263585,33,53,14,11
1616533321519,32.81808047985074,-117.26210932451383,60.97754336634056,33,53,14,11
1616533321668,32.818074712005824,-117.26210769507139,60.91347703482536,32,52,14,11
1616533321836,32.818068938342996,-117.26210609130781,60.84967534221435,32,52,14,11
1616533321991,32.818051290372345,-117.26210110522636,60.645707754366505,32,53,13,11
1616533322103,32.81804530380816,-117.26209935643014,60.571419014530655,32,53,13,11
1616533322221,32.818039330253114,-117.26209767745009,60.497222054544636,33,54,12,11
1616533322332,32.81803336015131,-117.26209596798446,60.42278137134596,32,54,12,11
1616533322502,32.818027392023666,-117.26209427103058,60.34658496260017,33,54,12,11
