1483234430923,32.78257125572165,-117.16221466811123,41.07721785800689,80,122,15,11
1483234431078,32.78267414380109,-117.16217687325451,41.70734980814487,81,122,14,11
1483234431199,32.78270005299115,-117.16216733313874,41.86392285242537,81,122,14,11
1483234431278,32.782725780512145,-117.16215785429482,42.01929359748988,81,122,15,11
1483234431376,32.78275152257006,-117.1621483533441,42.17292323431429,81,122,15,11
1483234431461,32.78277727998694,-117.16213884143107,42.32444644323199,81,122,14,11
1483234431576,32.782803069011585,-117.16212931879542,42.47745241155124,81,122,14,11
1483234431689,32.78282887015718,-117.16211979735874,42.62844010728995,81,122,14,11
1483234431859,32.782854892145714,-117.16211019297829,42.78539297217019,81,122,14,11
1483234431938,32.78288073376329,-117.1621006511159,42.94384852017558,81,122,14,11
1483234432033,32.782906602037755,-117.1620911146954,43.103661133191906,81,122,14,11
1483234432129,32.782932493764285,-117.16208158187797,43.260887846159605,81,122,14,11
1483234432234,32.782958410850426,-117.16207206235832,43.41645119088441,81,122,13,11
1483234432313,32.78298434097819,-117.16206258262638,43.572368372472894,81,122,14,11
1483234432402,32.78301050745931,-117.16205302305075,43.733350051072165,81,122,14,11
1483234432508,32.783036450036434,-117.16204354002517,43.88900362573824,81,122,14,11
1483234432591,32.78306240657812,-117.16203406162711,44.04854757878706,81,122,14,11
1483234432730,32.78308836436667,-117.16202459847734,44.205078038451134,82,122,14,11
1483234432821,32.78311433338481,-117.16201513362786,44.36500080402306,82,122,14,11
1483234432900,32.78314029418029,-117.16200565809079,44.52022624252005,82,122,14,11
1483234432982,32.7831664975012,-117.16199608539911,44.680369244355674,82,122,14,11
1483234433133,32.7831924587813,-117.16198660183632,44.83661024945982,82,122,14,11
1483234433286,32.78321843793511,-117.16197712234299,44.99098319557593,82,122,14,11
1483234433367,32.783244420445044,-117.16196766181766,45.14634013707852,82,122,14,11
1483234433448,32.78327041464467,-117.16195820860925,45.30442123147584,82,122,14,11
1483234433533,32.78329641290847,-117.16194876220266,45.462386699763336,82,122,14,11
1483234433629,32.78332267567477,-117.16193922703648,45.62513617643346,82,122,13,11
1483234433775,32.7833486737493,-117.16192979537233,45.77736596395595,82,122,14,11
1483234433919,32.78337468118265,-117.16192035266747,45.93351294377975,82,122,14,11
1483234434016,32.783400692504564,-117.16191090573871,46.08934616529851,82,122,14,11
1483234434110,32.78342670843238,-117.16190146927384,46.2449052994607,82,122,14,11
1483234434193,32.783452715606494,-117.16189203974082,46.3977311343377,82,122,14,11
1483234434357,32.78347873725924,-117.16188262165434,46.56115379627439,82,122,14,11
1483234434445,32.78350475920351,-117.1618732293394,46.72319839151359,82,122,14,11
1483234434524,32.783530784971475,-117.16186383736978,46.88465731891018,83,122,14,11
1483234434608,32.783556808695245,-117.16185444628557,47.044331830882044,83,122,14,11
1483234434699,32.78358284322611,-117.16184504611098,47.20489935501906,83,122,13,11
1483234434842,32.783608863903616,-117.1618356410587,47.36298696438679,82,122,13,11
1483234434924,32.78363488575697,-117.16182624513236,47.52362074258073,82,122,13,11
1483234435005,32.783660891704415,-117.16181685608255,47.685027040458664,82,122,14,11
1483234435093,32.78368689493595,-117.16180743768214,47.847085876532404,83,122,14,11
1483234435162,32.78371290412336,-117.16179800249314,48.00652286022144,83,122,14,11
1483234435328,32.78373888902926,-117.1617885735154,48.16003526313741,82,122,14,11
1483234435414,32.78376487274397,-117.16177911313231,48.3170905295064,82,122,14,11
1483234435503,32.783790840388306,-117.1617696643199,48.475713776441616,82,122,14,11
1483234435595,32.78381680542466,-117.16176023552002,48.637529964613684,82,122,14,11
1483234435689,32.78384275940819,-117.16175081029019,48.80210859254611,82,122,14,11
1483234435821,32.783868717494364,-117.16174138713623,48.967535068914245,82,122,14,11
1483234435975,32.78389466394634,-117.16173197385899,49.13114123960433,82,122,14,11
1483234436056,32.78392061208925,-117.16172255676737,49.2933680289559,82,122,14,11
1483234436146,32.783946548302254,-117.1617131315271,49.449112508460175,82,122,15,11
1483234436280,32.78397248873734,-117.16170369332328,49.606709387481004,82,122,15,11
1483234436382,32.78399843090602,-117.16169424457995,49.76060783179846,82,122,15,11
1483234436461,32.7840243777566,-117.1616848028814,49.91733829492209,82,122,15,11
1483234436543,32.784050338241656,-117.16167534289137,50.072500355820075,82,122,15,11
1483234436624,32.78407631083265,-117.16166590324822,50.22901454284505,82,122,15,11
1483234436716,32.784102309825535,-117.16165647214406,50.382422431712726,82,122,15,11
1483234436864,32.78412832372118,-117.1616470401374,50.540935084425726,82,122,15,11
1483234436972,32.784154367969414,-117.16163760293111,50.698127788484605,82,122,15,11
1483234437053,32.78418043220164,-117.16162814382352,50.854199376443404,82,122,15,11
1483234437135,32.78420651286538,-117.16161867695091,51.01099757670387,82,122,15,11
1483234437284,32.78423262139935,-117.16160917824291,51.16777593751506,82,122,15,11
1483234437395,32.78425875552889,-117.16159966816218,51.326656966950395,82,122,15,11
1483234437476,32.784284909577174,-117.16159016312838,51.4823785401797,82,122,15,11
1483234437555,32.78431109424943,-117.16158065415878,51.635979308652296,82,122,15,11
1483234437653,32.784337297753055,-117.16157114299187,51.78589763238956,82,122,15,11
1483234437733,32.78436353294951,-117.16156162900411,51.93998764717178,82,122,15,11
1483234437876,32.784389779943176,-117.16155212177542,52.0954170156133,81,122,15,11
1483234438025,32.784416032803804,-117.16154262919682,52.254571821435,81,122,15,11
1483234438102,32.78444230242216,-117.16153313434863,52.42346867613372,81,122,15,11
1483234438216,32.7844685899613,-117.161523598439,52.58620544160906,82,122,15,11
1483234438303,32.78449487484809,-117.1615141035192,52.736377961003264,82,122,15,11
1483234438406,32.78452117816905,-117.16150462918517,52.88990111648816,82,122,15,11
1483234438485,32.78454748285134,-117.161495140087,53.04082522304806,81,122,15,11
1483234438577,32.7845737913934,-117.16148564433031,53.195974289506594,81,122,15,11
1483234438661,32.78460010204064,-117.16147613739487,53.348046024228935,81,122,13,11
1483234438763,32.78462642856563,-117.16146661770806,53.50054394418289,81,122,12,11
1483234438906,32.78465275376108,-117.16145710111392,53.651626255335614,81,122,12,11
1483234438991,32.784679090805135,-117.16144759132553,53.802418086681584,81,122,12,11
1483234439068,32.784705429273366,-117.1614380920246,53.95514125536764,81,122,12,11
1483234439150,32.784731777991006,-117.16142860759008,54.113733087721734,81,122,12,11
1483234439347,32.78475812429076,-117.16141912945389,54.26820161635318,81,122,12,11
1483234439449,32.78478446831518,-117.16140964496381,54.42300571322489,81,122,13,11
1483234439532,32.78481080969225,-117.16140014177633,54.577992554390086,81,122,15,11
1483234439611,32.78483714567522,-117.16139064770577,54.733535786935356,81,122,15,11
1483234439693,32.78486347478042,-117.16138115478424,54.88634080193029,81,122,15,11
1483234439870,32.784968793576745,-117.16134310456084,55.48427589331268,81,122,15,11
1483234439956,32.784995104079954,-117.16133355702956,55.63354898493943,81,122,15,11
1483234440066,32.785021406065,-117.16132400158678,55.78193755284312,81,122,15,11
1483234440191,32.78504770160215,-117.16131443788059,55.92588339464732,81,122,15,11
1483234440280,32.78507398410623,-117.16130487266666,56.068335256424426,81,122,15,11
1483234440386,32.78510027615724,-117.16129531326786,56.217561246489836,81,122,15,11
1483234440468,32.78512656587942,-117.16128575249164,56.368667776142516,81,122,15,11
1483234440575,32.78515284924977,-117.16127620485591,56.51713872363347,81,122,15,11
1483234440716,32.78517913327092,-117.16126666056715,56.664507540360134,81,122,15,11
1483234440811,32.785205400730135,-117.16125709211853,56.80669070185402,81,122,15,11
1483234440888,32.78523166643596,-117.16124752825253,56.95108449791101,81,122,15,11
1483234440980,32.78525792002735,-117.16123798456253,57.09982298271379,81,122,15,11
