1483234611398,32.792930288511215,-117.15698622280628,71.82587603835158,87,130,14,11
1483234611514,32.792928310523216,-117.15698228107044,71.80952693534663,88,130,14,11
1483234611595,32.792926432119046,-117.15697855811506,71.79329170159865,88,130,13,11
1483234611706,32.79292464716585,-117.15697503533076,71.77708923124038,88,130,12,11
1483234611804,32.79292296133026,-117.15697166223661,71.76142199839647,88,129,12,11
1483234611952,32.79292135815875,-117.15696841399536,71.7471451873147,88,129,12,11
1483234612060,32.792919802760515,-117.1569652886346,71.73261978246875,88,129,13,11
1483234612187,32.792918202711085,-117.156962467298,71.70453527039366,91,131,12,11
1483234612336,32.792916505841546,-117.15695948131491,71.67490707562037,94,132,12,11
1483234612417,32.79291505139909,-117.15695644030072,71.66149451268318,94,132,12,11
1483234612500,32.79291368779536,-117.15695358594894,71.64972825544447,94,132,12,11
1483234612619,32.79291234836802,-117.15695079456667,71.63669589354996,93,131,11,11
1483234612708,32.792911039188134,-117.15694804628822,71.62794107185672,93,131,11,11
1483234612816,32.79290975583801,-117.156945351058,71.61948309575945,93,131,11,11
1483234612895,32.79290849444949,-117.15694270756993,71.60938936478817,93,130,11,11
1483234612989,32.79290724200926,-117.1569400960298,71.60021596024053,92,130,11,11
1483234613100,32.79290601610187,-117.15693750514805,71.59060698329415,92,130,12,11
1483234613184,32.7929047853751,-117.15693496917265,71.58188740619892,92,130,15,11
1483234613320,32.79290358829353,-117.15693249245452,71.57290800393906,92,130,15,11
1483234613399,32.79290240254534,-117.15693008551243,71.56494008798227,91,129,15,11
1483234613481,32.79290126047778,-117.1569277236382,71.556603891166,91,129,15,11
1483234613603,32.79290015520272,-117.15692539719743,71.54744704700879,91,129,15,11
1483234613684,32.792899038283466,-117.15692311964291,71.53961138071797,91,129,15,11
1483234613808,32.792897943669374,-117.15692084939107,71.52960251807674,90,129,15,11
1483234613878,32.79289684769285,-117.15691857478619,71.52025071288921,90,128,15,11
1483234614029,32.792895734514175,-117.15691626104885,71.51434629534121,90,128,14,11
1483234614133,32.79289459959549,-117.1569139327455,71.507519877147,90,128,14,11
1483234614277,32.792893465827866,-117.15691158052661,71.49949872533202,90,128,14,11
1483234614360,32.792892314703614,-117.15690921390315,71.4910638420569,90,128,15,11
1483234614450,32.792891148768426,-117.15690683474594,71.48292472532609,89,128,15,11
1483234614540,32.79288997535727,-117.15690444518334,71.4723993708291,89,128,15,11
1483234614656,32.792888790927876,-117.15690204021396,71.46370296023558,89,127,15,11
1483234614737,32.792887590181735,-117.15689960776373,71.45544646361499,89,127,15,11
1483234614863,32.79288638741197,-117.15689713918958,71.4468210885558,89,127,15,11
1483234614948,32.79288516776772,-117.15689462990021,71.43734063727706,89,127,15,11
1483234615029,32.792883919750416,-117.15689205382793,71.43116842907583,88,127,15,11
1483234615191,32.79288262772109,-117.15688943663179,71.42091122331189,88,127,15,11
1483234615276,32.792881288119936,-117.156886728017,71.40694020783603,88,127,15,11
1483234615355,32.792879896925186,-117.1568839264365,71.3921991563737,88,127,15,11
1483234615446,32.792878470483046,-117.1568810207856,71.38051632076879,88,126,15,11
1483234615527,32.79287700058303,-117.15687801631735,71.37073647728633,87,126,15,11
1483234615641,32.792875471967534,-117.15687492587178,71.35983443906268,87,126,15,11
1483234615722,32.79287389072218,-117.15687176145379,71.34779478912866,87,126,15,11
1483234615839,32.79287226647563,-117.1568684821185,71.33665056715209,86,126,15,11
1483234615991,32.792870546274145,-117.15686510299538,71.32351503523081,86,126,15,11
1483234616080,32.79286878343093,-117.15686158316615,71.31045244838265,86,126,15,11
1483234616175,32.79286697555241,-117.15685791884161,71.2961830939522,86,126,15,11
1483234616329,32.792865075231695,-117.15685409874514,71.28246099258439,85,126,15,11
1483234616409,32.79286309043313,-117.15685013368825,71.26820272882195,85,125,15,11
1483234616490,32.79286102442756,-117.15684601872661,71.25337823930754,85,125,15,11
1483234616573,32.79285889267366,-117.15684173139343,71.24144731716521,85,125,15,11
1483234616687,32.79285667740962,-117.15683731701505,71.22350043624276,85,125,15,11
1483234616766,32.792854415616866,-117.15683276136139,71.20468517050993,85,125,15,11
1483234616889,32.792852085193324,-117.15682803121031,71.18888723294643,84,125,15,11
1483234616968,32.792849668997825,-117.15682322611954,71.16620944454093,84,125,15,11
1483234617065,32.79284721028187,-117.15681831205366,71.14279579988252,84,125,15,11
1483234617182,32.79284470685095,-117.15681329815055,71.12129075722713,84,125,15,11
1483234617265,32.79284217822813,-117.15680818100745,71.1028277713705,84,125,15,11
1483234617346,32.79283961384878,-117.1568030207771,71.08713445322189,84,125,15,11
1483234617434,32.79283702098153,-117.15679787558011,71.06504406345361,83,125,15,11
1483234617516,32.79283447552238,-117.15679275760588,71.04662976380068,83,125,15,11
1483234617639,32.7928319735484,-117.15678765738842,71.03081620569179,83,125,15,11
1483234617720,32.79282951668727,-117.1567826394531,71.01215461266331,83,125,15,11
1483234617842,32.7928270632266,-117.15677773688978,70.98795696124952,83,124,15,11
1483234618113,32.79281759783253,-117.15675872951769,70.91341195688588,83,124,15,11
1483234618194,32.792815279914265,-117.15675396137657,70.89727906157498,83,124,15,11
1483234618275,32.79281296082719,-117.15674914323283,70.87729982296501,83,124,15,11
1483234618376,32.79281060964445,-117.15674428142748,70.8549153972855,83,124,15,11
1483234618489,32.79280817855672,-117.15673933835971,70.83544235767488,82,124,15,11
1483234618572,32.79280575643015,-117.15673430596927,70.81829274816604,82,124,15,11
1483234618702,32.792803308489994,-117.15672918873669,70.80064903014055,82,124,15,11
1483234618789,32.7928008569832,-117.15672397889558,70.77862605497401,82,124,15,11
1483234618882,32.7927983642138,-117.15671869286578,70.75596829392013,82,124,15,11
1483234619010,32.792795808526144,-117.15671336566163,70.73384890819521,82,124,15,11
1483234619126,32.79279322502481,-117.15670792839627,70.71700829437158,82,124,15,11
1483234619207,32.79279066812425,-117.15670246821436,70.70296719514249,82,124,15,11
1483234619288,32.792788104116454,-117.156697051946,70.68716049049344,82,124,15,11
1483234619377,32.79278554888484,-117.15669167080318,70.67127373427779,82,124,15,11
1483234619493,32.79278299218237,-117.15668637548264,70.66067346855598,82,124,15,11
1483234619576,32.792780494809236,-117.15668117750421,70.64275934538789,82,124,15,11
1483234619708,32.792778019484636,-117.15667609211833,70.61869105080655,82,123,15,11
1483234619858,32.79277555465922,-117.15667117057401,70.60221435607447,82,123,14,11
1483234619940,32.79277308666139,-117.15666640245293,70.58521785457752,82,123,14,11
1483234620045,32.79277066924716,-117.15666177934182,70.57130183470511,82,123,14,11
1483234620129,32.79276832396458,-117.15665736415362,70.55899093669163,82,123,14,11
1483234620213,32.792766065714,-117.15665317029558,70.54457477077096,82,123,14,11
1483234620301,32.79276386571154,-117.15664920057161,70.52854412073839,82,123,14,11
1483234620392,32.79276175568598,-117.15664547284673,70.51171771002709,82,123,14,11
1483234620506,32.79275973023458,-117.15664193947369,70.49702815985292,82,123,14,11
1483234620587,32.79275778624506,-117.15663864796443,70.47811189816565,82,123,14,11
1483234620710,32.792755947202366,-117.15663554643737,70.45987591077522,82,123,15,11
1483234620792,32.79275419011358,-117.15663263291196,70.44169697656477,82,123,15,11
1483234620880,32.79275250249065,-117.15662987512297,70.41773004676988,82,123,15,11
1483234620974,32.79275082815939,-117.156627171299,70.39595422058834,82,123,15,11
1483234621185,32.792749142819474,-117.1566244756009,70.38129544580585,82,123,15,11
1483234621266,32.792747428436876,-117.15662179268928,70.36867851804115,82,123,15,11
1483234621361,32.7927456809801,-117.15661911651863,70.3538624712677,82,123,15,11
1483234621441,32.792743856116765,-117.15661642947019,70.34059236569622,82,123,15,11
