1624190199132,32.846664843052785,-117.20259209012349,35.13193971746021,32,69,10,11
1624190199244,32.84666058855707,-117.20255984280911,35.171255203122705,33,70,10,11
1624190199380,32.84665620713195,-117.20252762672247,35.21303912919849,33,71,10,11
1624190199521,32.84664230614423,-117.20243115552194,35.390768697136174,36,74,10,11
1624190199634,32.846637465802004,-117.2023990240648,35.45234328580508,36,74,10,11
1624190199852,32.84663253230022,-117.20236690077398,35.50670522758155,36,75,10,11
1624190199970,32.84662748077893,-117.2023348062756,35.551218877313616,37,75,10,11
1624190200083,32.846622330406134,-117.20230271596662,35.592833234128896,37,76,10,11
1624190200195,32.84661711960365,-117.20227062081426,35.63056636953601,36,76,10,11
1624190200424,32.84659542343209,-117.20214239806431,35.76633565148597,35,76,10,11
1624190200568,32.84658986030423,-117.20211032886165,35.81144405567888,34,76,10,11
1624190200681,32.846584230922225,-117.20207826895219,35.853160093918255,33,76,10,11
1624190200828,32.84657854811808,-117.20204616461885,35.88969686164674,32,75,10,11
1624190200954,32.84657284843969,-117.20201413578766,35.94627069702147,32,75,10,11
1624190201067,32.84656719655376,-117.20198206015094,36.019229166493844,31,74,10,11
1624190201179,32.84656154780352,-117.20194994444088,36.08969524251709,30,73,10,11
1624190201292,32.84655583781726,-117.2019178556346,36.144616384070154,29,73,10,11
1624190201537,32.8465326658657,-117.20178939460128,36.378327304208455,27,71,10,11
1624190201649,32.84652678916431,-117.20175727016304,36.441227650130344,28,72,10,11
1624190201855,32.84652085980724,-117.20172514882081,36.49397009458263,28,72,10,11
1624190201945,32.846514890175044,-117.20169300122977,36.54491324976005,28,72,10,11
1624190202229,32.846490650871054,-117.20156415611517,36.6553366028138,28,73,10,11
1624190202310,32.84648449934895,-117.20153192931478,36.68795087820141,28,73,10,11
1624190202512,32.84647834829756,-117.20149969876083,36.722753120925084,28,73,10,11
1624190202656,32.84647216539334,-117.20146732656526,36.757504995743304,28,73,10,11
1624190202769,32.84646600093791,-117.20143504950101,36.796124334948054,28,73,10,11
1624190202911,32.8464598407093,-117.20140275277784,36.833559865463144,28,72,10,11
1624190202998,32.846453686817604,-117.20137043870628,36.87106893168224,28,72,10,11
1624190203227,32.84642882359262,-117.20124100781045,36.96712184784237,27,71,10,11
1624190203308,32.84642263366204,-117.2012086869928,36.987492209240465,26,70,10,11
1624190203505,32.84641643647904,-117.20117635971049,37.01037443177112,27,71,10,11
1624190203655,32.84641019729707,-117.20114398942701,37.04713360348539,27,72,10,11
1624190203768,32.84640395005373,-117.20111160334655,37.071469458400585,28,72,10,11
1624190204026,32.846379176981195,-117.20098206723955,37.14883922564749,29,74,10,11
1624190204139,32.8463730309711,-117.20094974133663,37.166177038686406,29,74,10,11
1624190204289,32.846366895169886,-117.20091741570107,37.18867956086387,29,74,10,11
1624190204402,32.84636069206339,-117.20088491242409,37.21486411123938,29,74,10,11
1624190204564,32.84635449559608,-117.20085261889375,37.24247791645559,29,75,10,11
1624190204645,32.846348319569856,-117.20082029004898,37.28198906743982,29,75,10,11
1624190204926,32.84632364749461,-117.20069091229017,37.4030237719553,29,75,10,11
1624190205038,32.84631745672162,-117.20065862507342,37.43410017890774,29,75,10,11
1624190205165,32.84631126331803,-117.20062635197341,37.461134691507226,29,74,10,11
1624190205301,32.846305069719314,-117.20059405332327,37.48929023204412,28,74,10,11
1624190205415,32.84629889749949,-117.20056175190055,37.51787770044574,28,73,10,11
1624190205577,32.846292734625514,-117.20052944531724,37.54260830109069,27,73,10,11
1624190205787,32.84627412938047,-117.2004323542247,37.61496117087651,25,69,10,11
1624190205882,32.846267940537004,-117.20040003293428,37.64275481182759,25,68,10,11
1624190206026,32.846261776758254,-117.20036769859973,37.665265545311634,24,68,10,11
1624190206144,32.84625560354102,-117.20033533747977,37.69424609416518,24,67,10,11
1624190206258,32.846249390824475,-117.20030275606582,37.720428645524876,24,66,10,11
1624190206393,32.846243206446346,-117.20027038538831,37.746256321716864,23,65,10,11
1624190206530,32.84622461199333,-117.20017321021096,37.80957296579136,23,64,10,11
1624190206640,32.846218412145724,-117.20014079060438,37.831753448572826,24,64,10,11
1624190206805,32.846212167365884,-117.20010809175133,37.857091417066314,24,65,10,11
1624190206935,32.84620596904035,-117.2000756433929,37.87569675843602,25,65,10,11
1624190207044,32.84619976395159,-117.20004320079954,37.88962631511532,25,66,10,11
1624190207156,32.84619355234968,-117.20001072187974,37.90911972701451,26,66,10,11
1624190207271,32.84618733849767,-117.19997824799994,37.92115008581484,26,67,10,11
1624190207527,32.84616243960754,-117.19984792712168,37.97129784385647,27,68,10,11
1624190207643,32.84615618779738,-117.1998154063398,37.98283041573046,27,68,10,11
1624190207843,32.84614991589432,-117.1997828147475,38.00162142152964,28,69,10,11
1624190207931,32.84614366569698,-117.19975022601263,38.008053832829,28,69,10,11
1624190208075,32.84613737070493,-117.19971736990676,38.004067663848986,28,69,10,11
1624190208187,32.84613112355735,-117.19968479424391,37.998961672263604,28,69,10,11
1624190208269,32.84612487238337,-117.1996521912294,38.003419728005355,28,69,10,11
1624190208436,32.846106031846496,-117.19955423897956,38.03043827396246,27,68,10,11
1624190208555,32.846099682310076,-117.19952127068473,38.030865892303254,27,68,10,11
1624190208668,32.846093379786154,-117.19948859255793,38.03259404052482,27,68,10,11
1624190208808,32.846087062097624,-117.19945589262419,38.03461234704643,26,68,10,11
1624190208930,32.84608074187178,-117.19942318565022,38.032616869973836,26,67,10,11
1624190209050,32.84607442046877,-117.19939043882016,38.036232399092796,25,67,10,11
1624190209160,32.84606807542166,-117.19935767043914,38.037138523765826,25,67,10,11
1624190209273,32.846061709326065,-117.19932486731048,38.0370485678469,25,67,10,11
