1620001965341,32.83467158612267,-117.1677258434802,84.73329941593379,34,65,13,11
1620001965457,32.834671468413156,-117.16773468970227,84.72543565430166,34,66,13,11
1620001965536,32.83467132635003,-117.16774335078581,84.72116864042609,34,66,13,11
1620001965679,32.83467115832838,-117.16775180223746,84.72196788539922,35,67,13,11
1620001965856,32.83467101686262,-117.16776005802073,84.71708859594483,34,67,13,11
1620001966017,32.834670584423236,-117.16778397345398,84.69763080503924,33,66,13,11
1620001966152,32.83467040343354,-117.16779169813348,84.69529286222806,32,66,13,11
1620001966302,32.834670284089235,-117.16779932541922,84.68712925119816,32,66,13,11
1620001966439,32.83467018656584,-117.16780688235603,84.67565399673953,32,66,13,11
1620001966559,32.834670044161825,-117.16781437530285,84.67359082680213,32,67,13,11
1620001966671,32.834669930554966,-117.1678218147258,84.67469457744033,32,67,13,11
1620001966781,32.83466987025873,-117.16782918617217,84.67534566222344,32,67,13,11
1620001967019,32.83466964582851,-117.16785795843272,84.66100175289976,31,66,13,11
1620001967176,32.83466963575153,-117.16786494201648,84.65748415301809,31,66,13,11
1620001967289,32.83466966552176,-117.16787188727615,84.64490285786485,30,66,12,11
1620001967426,32.83466978216518,-117.16787870770028,84.6301010140015,29,65,12,11
1620001967546,32.83466992471634,-117.16788537760868,84.62376249158196,29,65,13,11
1620001967661,32.834670085530476,-117.16789191467817,84.62247186729276,29,65,13,11
1620001967781,32.83467031442688,-117.16789828628572,84.61782732376449,29,65,13,11
1620001967892,32.83467067156114,-117.1679045089849,84.59770338830461,28,64,13,11
1620001967920,32.83467163068375,-117.16791670648085,84.57050026514308,27,63,13,11
1620001968060,32.834672189024424,-117.16792275051584,84.55962382726412,27,62,13,11
1620001968183,32.83467289861604,-117.16792876857203,84.55050893621865,28,62,13,11
1620001968327,32.83467374104929,-117.16793477926461,84.54139351527493,27,62,13,11
1620001968464,32.834674659905296,-117.16794075295078,84.53401290263339,27,62,13,11
1620001968586,32.83467563805528,-117.1679466865897,84.53509014294693,28,62,13,11
1620001968819,32.83467981077478,-117.1679697113123,84.47609947172228,26,60,12,11
1620001968935,32.834680870316134,-117.16797523115072,84.45816812159521,26,60,12,11
1620001969094,32.83468188101254,-117.16798067122754,84.45419093418076,26,60,12,11
1620001969210,32.83468284296548,-117.1679859752066,84.45103380770563,27,62,12,11
1620001969362,32.83468374554242,-117.16799125745719,84.43295391304578,27,61,12,11
1620001969496,32.83468467051596,-117.16799644086906,84.41882352308856,26,60,11,11
1620001969612,32.834685568081504,-117.16800154977783,84.41224579403811,27,61,11,11
1620001969816,32.834688457274524,-117.16802087870104,84.36903861519708,29,64,12,11
1620001969995,32.83468906432402,-117.16802542147201,84.36054712332962,30,64,12,11
1620001970155,32.83468960367077,-117.16802980027441,84.3439805974725,31,65,12,11
1620001970247,32.83469009328698,-117.16803396945032,84.32721478215166,32,66,12,11
1620001970422,32.83469145115046,-117.16804536054032,84.29305329207203,33,67,12,11
1620001970546,32.83469187784859,-117.16804874387056,84.28538556014611,34,68,12,11
1620001970661,32.83469225435203,-117.16805196954593,84.27832834523724,34,69,12,11
1620001970831,32.83469261240844,-117.16805501977548,84.27090323711795,35,69,12,11
1620001970970,32.83469295312364,-117.1680578819831,84.26315440926294,36,70,13,11
1620001971087,32.83469326193649,-117.16806054124426,84.2590811665254,36,70,13,11
1620001971308,32.83469445044661,-117.16806910959457,84.23093047438319,35,70,12,11
1620001971443,32.834694717263346,-117.16807075353802,84.22377914399037,36,71,12,11
1620001971562,32.83469497115999,-117.16807225471713,84.213729210318,36,71,12,11
1620001971673,32.83469521747165,-117.16807373902284,84.20419858587188,37,72,12,11
1620001971785,32.834695461169275,-117.16807525252254,84.19973532856616,38,73,12,11
1620001972086,32.83469655581415,-117.16808151676699,84.16966880970223,39,75,12,11
1620001972232,32.83469685584965,-117.16808331570958,84.1628627245264,40,76,12,11
1620001972375,32.83469729625146,-117.16808534715307,84.15794421113169,40,76,12,11
1620001972511,32.83469784228551,-117.16808757976345,84.15324871439847,39,77,12,11
1620001972623,32.83469839072685,-117.16809005019192,84.15028992551697,39,77,12,11
1620001972737,32.83469908293992,-117.16809281704404,84.14531573165789,38,76,12,11
1620001972853,32.834699972191416,-117.16809579071125,84.1436575434668,37,76,12,11
1620001973084,32.83470522078549,-117.1681099603982,84.09690805624247,36,75,13,11
1620001973232,32.834707165977335,-117.16811398034774,84.08843160001699,36,75,13,11
1620001973376,32.83470942162108,-117.16811816515018,84.07406052471389,34,73,12,11
1620001973511,32.834712031298956,-117.16812239130529,84.05794544580836,32,71,12,11
1620001973622,32.83471492108744,-117.16812670740356,84.03371555327175,31,70,12,11
1620001973746,32.83471810079962,-117.16813114452476,84.00629422267545,31,69,12,11
1620001973864,32.83472173978018,-117.16813543958008,83.99617656193553,32,70,12,11
1620001974004,32.83473451011181,-117.16814798413874,83.93383350148409,30,67,10,11
1620001974127,32.83473942137596,-117.16815189098622,83.91162480797459,30,67,10,11
1620001974272,32.834744668154286,-117.16815563136038,83.89449210944957,29,66,10,11
1620001974409,32.834750191325774,-117.16815917560149,83.8702716778897,29,64,10,11
1620001974527,32.834756039867315,-117.16816245492137,83.835621620488,29,63,10,11
1620001974642,32.83476218929167,-117.16816560504988,83.79278112566081,29,61,10,11
1620001974915,32.83479017780564,-117.16817505524448,83.73624183414509,31,60,9,11
1620001975030,32.834797907501105,-117.16817672043352,83.71786741938692,32,61,9,11
1620001975186,32.83480592529879,-117.16817803250683,83.69613727458781,33,61,9,11
1620001975303,32.83481425560009,-117.16817900530697,83.68502175327095,34,62,9,11
1620001975439,32.83482286521057,-117.16817978070198,83.67485522385414,35,62,9,11
