1612317457224,32.87616508539458,-117.22954114826192,64.60947022203008,77,120,15,11
1612317457305,32.876165079261995,-117.22954115882513,64.60788282635173,77,120,15,11
1612317457432,32.87616507287735,-117.22954116601653,64.60651084199729,77,120,15,11
1612317457547,32.876165063655044,-117.22954117565216,64.60538254117884,77,120,15,11
1612317457636,32.8761650564787,-117.22954118568389,64.6036784721343,77,120,15,11
1612317457829,32.876165050525955,-117.22954119202535,64.60249190246181,77,120,15,11
1612317457908,32.87616504168883,-117.22954120015692,64.6008464858538,77,120,15,11
1612317457986,32.8761650278936,-117.22954120568258,64.59997717915395,77,120,15,11
1612317458079,32.87616502658614,-117.22954121540553,64.59840006921631,77,120,15,11
1612317458183,32.87616501814098,-117.22954121878624,64.59711745530564,77,120,15,11
1612317458335,32.876164978843576,-117.22954124382595,64.59268841627504,77,120,15,11
1612317458441,32.87616497112379,-117.22954125629823,64.59154329636918,77,120,15,11
1612317458544,32.87616495876254,-117.22954126025436,64.59076263266037,77,120,15,11
1612317458679,32.876164953265416,-117.2295412593263,64.58972195574846,77,120,15,11
1612317458760,32.87616495128106,-117.22954126809107,64.58858349988637,77,120,15,11
1612317458855,32.8761649392125,-117.22954127490819,64.58774920871483,77,120,15,11
1612317458954,32.87616493364061,-117.22954128122451,64.58684569978638,77,120,15,11
1612317459067,32.87616493191439,-117.2295412958825,64.58545945134162,77,120,15,11
1612317459146,32.87616492516512,-117.22954129442614,64.58483847041298,77,120,15,11
1612317459280,32.876164921685294,-117.22954130360802,64.58379846682868,77,120,15,11
1612317459393,32.87616491705197,-117.22954131070053,64.58268184585455,77,120,15,11
1612317459486,32.876164916560164,-117.22954131444605,64.5816328415915,77,120,15,11
1612317459624,32.87616490888704,-117.22954132332603,64.58079900182403,77,120,15,11
1612317459735,32.87616490504359,-117.22954132820458,64.58020722635285,77,120,15,11
1612317459838,32.87616490515823,-117.2295413274903,64.57900786414373,77,120,15,11
1612317459930,32.8761649071169,-117.22954134185534,64.57807911253606,77,120,15,11
1612317460022,32.87616490077427,-117.22954134862444,64.57732796165672,77,120,15,11
1612317460103,32.876164899909696,-117.22954135624894,64.5763729143283,77,120,15,11
1612317460184,32.87616490106499,-117.2295413667278,64.57527484505782,77,120,15,11
1612317460313,32.87616489970394,-117.22954137214124,64.57447924351769,77,120,15,11
1612317460415,32.876164899790055,-117.22954137496137,64.57346856587417,77,120,15,11
1612317460514,32.8761648986643,-117.22954138269282,64.5724637672035,77,120,15,11
1612317460605,32.87616489387817,-117.22954139478648,64.57165775696782,77,120,15,11
1612317460741,32.87616489653012,-117.22954140211438,64.57040539846172,77,120,15,11
1612317460822,32.87616489242398,-117.22954139913496,64.56986907828929,77,120,15,11
1612317460920,32.87616489097272,-117.2295414110926,64.56897724456043,77,120,15,11
1612317461016,32.876164892578714,-117.2295414165769,64.5677757893931,77,120,15,11
1612317461095,32.87616489089167,-117.2295414209441,64.56662128931613,77,120,15,11
1612317461176,32.87616489405798,-117.22954142362885,64.56548229575674,77,120,15,11
1612317461306,32.876164896657336,-117.22954142750655,64.56395934412792,77,120,15,11
1612317461411,32.8761648920595,-117.22954142850917,64.56321889964538,77,120,15,11
1612317461501,32.87616489345113,-117.22954143238435,64.56240447222326,77,120,15,11
1612317461696,32.876164895659244,-117.22954143598749,64.56125851723618,77,120,15,11
1612317461774,32.87616489730465,-117.22954143893166,64.55992640324109,77,120,15,11
1612317461855,32.87616489235435,-117.22954144911303,64.55868212482511,77,120,15,11
1612317461957,32.87616489175206,-117.22954145009692,64.55755298186281,77,120,15,11
1612317462056,32.87616489007224,-117.2295414543011,64.55610608804813,77,120,15,11
1612317462139,32.87616488498419,-117.22954146051119,64.55507524316623,77,120,15,11
1612317462220,32.87616488480195,-117.22954145462597,64.55361074646373,77,120,15,11
1612317462352,32.87616488762794,-117.2295414567072,64.55231419234185,77,120,15,11
1612317462455,32.87616488941392,-117.22954146670352,64.55091065348914,77,120,15,11
1612317462545,32.87616488963924,-117.2295414668747,64.54966051879819,77,120,15,11
1612317462693,32.876164893566596,-117.2295414715112,64.54801887429385,77,120,15,11
1612317462778,32.8761648892176,-117.2295414724496,64.54687314610041,77,120,15,11
1612317462859,32.87616488414254,-117.22954147497737,64.54560291141387,77,120,15,11
1612317462951,32.87616488157865,-117.22954147807516,64.54433203333194,77,120,15,11
1612317463043,32.876164887736905,-117.22954148556987,64.54290501676567,77,120,15,11
1612317463124,32.87616488868031,-117.22954148263368,64.54184596894632,77,120,15,11
1612317463219,32.87616487798691,-117.2295414907244,64.5406030101015,77,120,15,11
1612317463338,32.876164883579285,-117.22954148804655,64.53934161311844,77,120,15,11
1612317463459,32.87616488054731,-117.22954149342189,64.53783590527806,77,120,15,11
1612317463551,32.87616488494807,-117.2295414956005,64.53627221641425,77,120,15,11
1612317463743,32.876164883679955,-117.22954149732581,64.53525327848664,77,120,15,11
1612317463822,32.876164880135214,-117.22954150454157,64.53391331367288,77,120,15,11
1612317463903,32.876164876312494,-117.22954150623653,64.53285709989662,77,120,15,11
1612317463995,32.876164878970684,-117.22954151126457,64.53131598873868,77,120,15,11
1612317464134,32.876164871993595,-117.22954151717379,64.52995935612616,77,120,15,11
1612317464217,32.87616487280427,-117.22954152582786,64.52853493941028,77,120,15,11
1612317464296,32.87616487150991,-117.2295415275297,64.52740138511741,77,120,15,11
1612317464417,32.87616486928925,-117.22954153281657,64.52610059903563,77,120,15,11
1612317464541,32.87616487352349,-117.22954153349625,64.524744390273,77,120,15,11
1612317464621,32.87616486817897,-117.22954154250019,64.52363491369096,77,120,15,11
1612317464703,32.87616487147139,-117.22954154363948,64.52234113447356,77,120,15,11
1612317464858,32.87616486699887,-117.22954154541243,64.5212863576186,77,120,15,11
1612317464946,32.876164868307036,-117.2295415635026,64.51954388500269,77,120,15,11
1612317465040,32.876164867657536,-117.22954156913023,64.51826156631522,77,120,15,11
1612317465131,32.876164867267725,-117.22954156962338,64.5170297445761,77,120,15,11
1612317465212,32.87616486779078,-117.22954157770516,64.51593217692071,77,120,15,11
1612317465293,32.876164865262204,-117.22954158162479,64.51486001668027,77,120,15,11
1612317465411,32.87616486479244,-117.22954158917261,64.51329383018681,77,120,15,11
1612317465524,32.87616486398162,-117.22954159762365,64.51246612709653,77,120,15,11
1612317465606,32.87616486641206,-117.22954160502358,64.51114739427972,77,120,15,11
1612317465804,32.876164861932644,-117.22954161132839,64.50997364514105,77,120,15,11
1612317465889,32.87616486730825,-117.22954161035842,64.50922198086036,77,120,15,11
1612317465974,32.87616486970738,-117.22954161976176,64.50738258421325,77,120,15,11
1612317466070,32.87616486741683,-117.22954162946507,64.50614186628418,77,120,15,11
1612317466161,32.876164873152064,-117.22954162906986,64.50509339786127,77,120,15,11
1612317466242,32.87616487438459,-117.22954163629161,64.50398927155264,77,120,15,11
1612317466323,32.87616487393294,-117.22954163790114,64.50316116247015,77,120,15,11
1612317466479,32.87616486461564,-117.2295416413995,64.50230361350799,77,120,15,11
1612317466559,32.8761648706028,-117.22954164693714,64.50149600672982,77,120,15,11
1612317466639,32.87616486568499,-117.22954165304587,64.50036275794032,77,120,15,11
1612317466722,32.876164867901934,-117.22954165627193,64.49946557549804,77,120,15,11
1612317466864,32.876164867532,-117.2295416602381,64.49824046179675,77,120,15,11
1612317466975,32.876164871742176,-117.2295416627688,64.49732330139643,77,120,15,11
1612317467046,32.876164870484445,-117.22954166901592,64.49654038165149,77,120,15,11
1612317467139,32.876164878866085,-117.22954166873312,64.4956165949339,77,120,15,11
1612317467220,32.876164881075894,-117.2295416694819,64.49473710513345,77,120,15,11
1612317467301,32.87616488136069,-117.22954167288171,64.49378925046918,77,120,15,11
