1616287346837,32.84233661641829,-117.27313190434437,-3.2908773694442313,33,50,10,11
1616287346950,32.842336611912565,-117.27313192365445,-3.2920520753466467,33,50,10,11
1616287347075,32.84233661464888,-117.27313191524692,-3.293738539325205,33,50,10,11
1616287347195,32.84233661285494,-117.27313191121988,-3.293915533819009,33,50,10,11
1616287347345,32.842336619039656,-117.27313191330573,-3.2955302170329137,33,50,10,11
1616287347533,32.8423366095961,-117.27313191718726,-3.295651407972078,33,50,10,11
1616287347646,32.84233661776869,-117.27313191114294,-3.2971105967379946,33,50,10,11
1616287347831,32.84233661525427,-117.27313192893791,-3.3004080179442363,34,51,10,11
1616287347945,32.842336612368854,-117.27313193838663,-3.3000125831831175,34,51,10,11
1616287348076,32.842336614375746,-117.27313194633138,-3.300197571563504,34,51,10,11
1616287348187,32.84233661953792,-117.2731319454212,-3.3015318570177183,34,51,10,11
1616287348372,32.8423366118069,-117.27313195623572,-3.301649330775999,34,51,10,11
1616287348635,32.84233660985532,-117.27313197435664,-3.30293292762052,34,52,10,11
1616287348745,32.84233661083199,-117.27313198428287,-3.3037090679788585,34,52,10,11
1616287348892,32.842336602185235,-117.27313199429406,-3.3036123896864336,34,52,10,11
1616287349005,32.84233660910686,-117.27313198823852,-3.304661663082412,34,52,10,11
1616287349119,32.842336609121205,-117.27313200305038,-3.304842424669823,35,52,10,11
1616287349254,32.84233660316793,-117.27313199677396,-3.304843379867635,35,53,10,11
1616287349547,32.84233658313705,-117.273132042985,-3.305437835559968,35,53,10,11
1616287349663,32.842336569369536,-117.27313205597459,-3.3066029727875437,35,53,10,11
1616287349774,32.84233657548685,-117.27313208019478,-3.3062069829142495,35,53,10,11
1616287349922,32.842336562455564,-117.27313210098862,-3.3060760801893627,35,53,10,11
1616287350058,32.842336557858275,-117.27313209781111,-3.3068412968836185,35,53,10,11
1616287350170,32.842336559829036,-117.27313211614164,-3.306976644669641,35,53,10,11
1616287350332,32.84233654342747,-117.27313214612191,-3.306377414888276,35,54,10,11
1616287350451,32.84233653621458,-117.27313217652379,-3.306420498667878,35,54,10,11
1616287350626,32.842336528349115,-117.27313218637694,-3.306968096850653,35,54,10,11
1616287350737,32.842336527953385,-117.27313219576446,-3.3078388731408177,35,54,10,11
1616287350850,32.84233652820661,-117.27313220190281,-3.308365645394985,36,54,10,11
1616287350997,32.84233651387754,-117.27313222094868,-3.3077449979681988,36,54,10,11
1616287351110,32.84233650929211,-117.27313223511192,-3.308737320581037,36,55,10,11
1616287351343,32.84233648015665,-117.27313228994305,-3.308755749851234,37,56,10,11
1616287351465,32.842336479778666,-117.27313231453851,-3.3084787101737705,37,56,10,11
1616287351586,32.84233647394505,-117.27313231872748,-3.3088574061121334,37,56,10,11
1616287351696,32.84233647069932,-117.27313233131792,-3.308569036411349,37,57,10,11
1616287351815,32.84233646735161,-117.27313234370766,-3.308663759829945,37,57,10,11
1616287351961,32.84233646275644,-117.27313234138853,-3.3091811603554233,37,57,10,11
1616287352074,32.84233645056547,-117.27313237487851,-3.3082305698793917,37,57,10,11
1616287352317,32.842336440917585,-117.27313240895369,-3.308053844816161,37,57,10,11
1616287352431,32.8423364309442,-117.2731324350076,-3.3076773952618237,36,56,10,11
1616287352610,32.842336430747835,-117.27313244926862,-3.306907248476766,36,56,10,11
1616287352725,32.84233642191694,-117.27313243674575,-3.3078303936160625,36,56,10,11
1616287352874,32.84233641717637,-117.27313246677885,-3.307491418543502,36,55,10,11
1616287352992,32.842336421218384,-117.27313246461111,-3.307861673044326,35,55,10,11
1616287353107,32.842336401932954,-117.27313248503853,-3.307370103345561,35,55,10,11
1616287353215,32.84233640692247,-117.27313251628883,-3.307403087809444,35,55,10,11
1616287353336,32.84233640042165,-117.27313252787658,-3.3072577522283915,35,54,10,11
1616287353415,32.84233639369709,-117.2731325286376,-3.308106364583785,35,54,10,11
1616287353561,32.8423363952849,-117.27313253267353,-3.3066504473119087,34,54,10,11
1616287353677,32.842336395843375,-117.27313255727326,-3.3066282769016215,34,54,10,11
1616287353789,32.84233639147949,-117.27313256959656,-3.3058791718425886,34,53,10,11
1616287353934,32.84233638694862,-117.273132567079,-3.3054469459212363,34,53,10,11
1616287354047,32.84233638255506,-117.27313257317547,-3.3059063248975944,34,53,10,11
1616287354167,32.84233638415536,-117.27313257333641,-3.306775978818037,34,53,10,11
1616287354338,32.84233638001614,-117.2731325962172,-3.306171469572454,34,53,10,11
1616287354419,32.842336389665235,-117.2731325904867,-3.307363588861629,35,54,10,11
1616287354621,32.84233638509255,-117.27313259807926,-3.3068159140965214,35,54,10,11
1616287354735,32.84233638402895,-117.27313259670527,-3.306990432933854,35,54,10,11
1616287354846,32.84233638418355,-117.27313260814388,-3.307258212429349,35,54,10,11
1616287354992,32.84233638138395,-117.27313260843415,-3.306296090032537,35,54,10,11
1616287355104,32.84233638083141,-117.27313261355523,-3.3067673409189084,35,55,10,11
1616287355341,32.84233638264127,-117.2731326130024,-3.306235756397481,36,55,10,11
1616287355461,32.842336393271715,-117.27313261279755,-3.306146387993555,35,55,10,11
1616287355587,32.842336386013365,-117.2731326054987,-3.3064512922304443,35,54,10,11
1616287355703,32.84233639438147,-117.27313259539012,-3.3063500495702023,35,54,10,11
1616287355812,32.84233639062764,-117.27313258538467,-3.306230035360662,34,53,10,11
1616287355928,32.842336393074355,-117.27313258612799,-3.3058461088684745,34,53,10,11
1616287356070,32.8423363939239,-117.27313259655914,-3.3047314130102206,34,53,10,11
1616287356194,32.84233639914294,-117.27313258542046,-3.305397115490777,34,53,10,11
1616287356330,32.842336402957045,-117.27313256382514,-3.3047771933901475,33,52,10,11
1616287356409,32.8423363973889,-117.27313256073322,-3.303535020683351,33,52,10,11
1616287356617,32.842336400439834,-117.2731325657159,-3.3031068402943986,33,52,10,11
1616287356728,32.84233640866855,-117.27313257899254,-3.3037704016742584,33,51,10,11
1616287356839,32.84233641066605,-117.27313256739106,-3.3033084013866847,33,51,10,11
1616287356984,32.84233640922127,-117.27313255115882,-3.302158416192367,33,51,10,11
