1613862943046,32.88089344681298,-117.2301530310997,71.38287036802653,59,69,9,11
1613862943181,32.88090645672037,-117.23012274220437,71.38329801879243,55,65,9,11
1613862943296,32.88091077087594,-117.23011269427798,71.37632557408875,54,64,9,11
1613862943410,32.88091511897775,-117.23010263464847,71.37650196442513,53,63,9,11
1613862943529,32.880919438289546,-117.23009255542007,71.37657287130442,52,62,9,11
1613862943667,32.88092375462642,-117.23008253464445,71.37818972277488,51,61,9,11
1613862943791,32.880928071563375,-117.23007255806719,71.3694825673933,50,60,9,11
1613862943942,32.880932329692655,-117.2300625790627,71.35210509145158,50,60,9,11
1613862944259,32.880949047707844,-117.23002318700422,71.28392254370584,50,60,9,11
1613862944371,32.880953146585846,-117.2300134806394,71.26691952024589,50,60,9,11
1613862944496,32.88095721913662,-117.23000384035608,71.25174892171542,50,60,9,11
1613862944614,32.88096127081778,-117.22999426234625,71.23672495421216,50,60,9,11
1613862944760,32.880965295093844,-117.22998474055395,71.22275695296443,50,60,9,11
1613862944871,32.88096928359365,-117.22997527972127,71.21251001675509,50,59,9,11
1613862944966,32.880973229717156,-117.22996586202841,71.20159940335427,49,59,9,11
1613862945178,32.88098874332622,-117.2299289613231,71.14398031813869,49,59,9,11
1613862945339,32.880992609498335,-117.22991991315439,71.13449071380332,49,59,9,11
1613862945459,32.88099644002648,-117.2299109145273,71.12242156588539,49,60,9,11
1613862945573,32.88100021788675,-117.22990197131959,71.1100993428939,50,60,9,11
1613862945709,32.88100399422245,-117.22989312638178,71.09370733123326,50,60,9,11
1613862945807,32.88100776068846,-117.22988435877024,71.07897067172365,50,60,9,11
1613862945922,32.88101153262891,-117.22987568818117,71.06409857026718,50,60,9,11
1613862946208,32.88102634440594,-117.22984172217211,71.03611194663853,50,60,11,11
1613862946371,32.88102996152069,-117.2298335194551,71.01953544352057,50,61,11,11
1613862946485,32.88103353210149,-117.22982538298189,71.01010904168805,50,60,11,11
1613862946622,32.88103704493381,-117.22981731272819,71.00433395810128,49,60,11,11
1613862946734,32.88104055226025,-117.22980934873036,70.9992512550581,50,60,11,11
1613862946862,32.88104399761242,-117.22980145801823,70.99799222540481,49,60,11,11
1613862946974,32.88104739413081,-117.22979368056528,70.99180045488187,49,60,11,11
1613862947158,32.881060634016244,-117.22976331029344,70.94395062037316,49,61,11,11
1613862947351,32.88106388493158,-117.2297558923681,70.93173998517597,49,61,11,11
1613862947463,32.881067143077416,-117.22974852322865,70.9200319396828,50,61,11,11
1613862947611,32.88107028395049,-117.22974121373073,70.91019361543378,50,61,10,11
1613862947743,32.881073385665026,-117.22973394527891,70.9006813595948,50,62,10,11
1613862947870,32.88107653787791,-117.22972676163155,70.88585061936915,50,62,11,11
1613862947985,32.881079688197765,-117.22971964058996,70.87244090256385,51,63,11,11
1613862948300,32.88109172617857,-117.22969138395456,70.86128856793506,51,63,10,11
1613862948414,32.881094639469126,-117.22968428959186,70.87418451144245,51,63,10,11
1613862948540,32.88109755989953,-117.22967724121085,70.88541864272874,50,63,10,11
1613862948677,32.88110042403821,-117.22967026830857,70.87917613924844,50,63,10,11
1613862948791,32.88110324418631,-117.22966335104475,70.86797031909187,50,63,10,11
1613862949001,32.8811140856946,-117.22963548802626,70.8308476655732,50,63,10,11
1613862949153,32.881116725759036,-117.22962859431773,70.81712522649602,49,63,10,11
1613862949317,32.881119347855346,-117.22962171404785,70.80134869189733,49,63,11,11
1613862949427,32.88112201113237,-117.22961484633831,70.79418650480417,49,63,11,11
1613862949547,32.88112464849912,-117.2296079699024,70.7843873864397,49,63,11,11
1613862949682,32.88112716525084,-117.22960104640903,70.77758288612876,49,63,11,11
1613862949803,32.88112964105386,-117.22959409897764,70.7814360525041,49,64,11,11
1613862949997,32.88113986640986,-117.22956698891353,70.74950914597818,49,64,11,11
1613862950155,32.88114235426847,-117.22956022744819,70.74608169471755,49,64,11,11
1613862950410,32.88114477615321,-117.22955344674119,70.73113816016055,49,65,11,11
1613862950588,32.881154653807386,-117.22952727435327,70.69439447171897,50,65,11,11
1613862950700,32.88115699534003,-117.22952090175585,70.6877135539003,49,64,11,11
1613862950793,32.881159353787226,-117.22951466517624,70.68011325143372,49,64,11,11
1613862950939,32.88116168399955,-117.22950849760078,70.67154706229023,49,64,11,11
1613862951091,32.881163940246466,-117.22950236527815,70.67345524806579,49,64,10,11
1613862951212,32.88116615112266,-117.22949635032164,70.66778675875402,49,64,10,11
1613862951409,32.8811683172866,-117.2294904479082,70.66793209715328,49,64,10,11
1613862951582,32.88117657238402,-117.22946829113931,70.65019643615037,49,63,10,11
1613862951694,32.8811785204685,-117.22946309801948,70.65106673401694,49,63,10,11
1613862951791,32.88118042077965,-117.22945801564373,70.6421400748452,50,63,10,11
1613862951938,32.881182264305075,-117.22945307857759,70.64497933889636,49,63,10,11
1613862952075,32.88118407311644,-117.22944825933624,70.64751239041495,49,62,9,11
1613862952282,32.88118904987524,-117.22943472907538,70.64841420264997,49,61,9,11
1613862952405,32.88119054340599,-117.22943058321209,70.64939521444987,49,61,9,11
1613862952511,32.88119198784865,-117.22942661269741,70.6435254360692,50,61,9,11
1613862952667,32.88119335672022,-117.22942284410043,70.64176997875258,50,61,9,11
1613862952780,32.881194653221186,-117.22941923912217,70.64144117880922,50,61,9,11
1613862952863,32.88119588066337,-117.22941579909076,70.64075767122844,50,61,9,11
1613862953008,32.881197036963655,-117.2294125442184,70.64517925423267,50,60,9,11
1613862953110,32.881198140011655,-117.2294094260013,70.64295478138047,50,60,9,11
