1616975221328,32.87210233440553,-117.22978364960035,52.69491154764855,34,61,12,11
1616975221547,32.87208315420614,-117.22987951934742,52.48049553066785,33,59,11,11
1616975221720,32.87207839392085,-117.22990360307618,52.433630745151426,32,58,11,11
1616975221834,32.87207366372312,-117.22992761633,52.392985486129085,32,58,11,11
1616975221949,32.87206892348288,-117.22995162811713,52.34755211366359,32,58,10,11
1616975222041,32.87206415918092,-117.22997555104557,52.29397509684228,33,58,10,11
1616975222236,32.8720594119945,-117.22999949279357,52.23967774012605,33,58,8,11
1616975222369,32.872054663064425,-117.23002345340993,52.19235992577964,33,58,8,11
1616975222562,32.872035875981126,-117.23011914376262,52.01058212810821,37,60,5,11
1616975222700,32.87203120081601,-117.23014301033446,51.977404442178035,39,61,5,11
1616975222783,32.87202654401913,-117.2301668754087,51.93971222702114,40,63,0,13
1616975222898,32.87202191375251,-117.23019072181414,51.892050998256614,42,64,0,13
1616975223043,32.872017268546415,-117.23021453792927,51.83421147395228,44,65,6,11
1616975223126,32.87201267161406,-117.23023835436877,51.77128849540635,45,66,7,14
1616975223302,32.87200810083044,-117.23026217119275,51.7043374741908,47,68,7,14
1616975223455,32.87199432355477,-117.23033347094443,51.486977643442216,53,72,0,13
1616975223583,32.8719897641708,-117.23035723788654,51.420283289947854,55,73,0,13
1616975223725,32.87198525640598,-117.23038102943465,51.3556370993617,58,75,0,13
1616975223807,32.871980772955624,-117.23040481777231,51.28220789794296,60,76,0,13
1616975223919,32.87197632172928,-117.23042857546012,51.193323996792365,62,78,0,13
1616975224076,32.871971929936926,-117.23045236472488,51.105931894805146,65,79,9,11
1616975224193,32.8719676121372,-117.23047614723508,51.012155625258416,67,81,0,13
1616975224338,32.871963371923336,-117.2304999442372,50.92191082287723,70,82,9,11
1616975224535,32.87194722213887,-117.23059533302606,50.54775832542535,80,89,9,11
1616975224709,32.87194333378163,-117.23061944544546,50.450742164233624,83,91,9,11
1616975224819,32.87193956990556,-117.23064334714272,50.352561286109015,86,92,9,11
1616975224901,32.87193590264239,-117.23066721777197,50.24171609665664,89,94,9,11
1616975225049,32.87193234863581,-117.23069107328142,50.126585369625275,92,96,9,11
1616975225205,32.87192893541855,-117.23071494241279,50.018013353328485,95,97,12,11
1616975225339,32.87192564649733,-117.23073881127164,49.91555846568558,98,99,12,11
1616975225579,32.87191310339686,-117.23083428156082,49.52186320947346,103,106,11,11
1616975225714,32.8719102244141,-117.23085798024697,49.41558730405088,104,107,11,11
1616975225826,32.87190737708538,-117.23088177150552,49.32022101784038,105,109,11,11
1616975225941,32.87190469016678,-117.2309055014922,49.23086105841706,105,110,11,11
1616975226058,32.8719018178936,-117.23092897267384,49.1409699260419,106,112,11,11
1616975226171,32.87189913750801,-117.23095259816121,49.05049601457453,105,113,11,11
1616975226358,32.8718965325196,-117.23097613120396,48.953464027254626,105,115,11,11
1616975226472,32.871894034775735,-117.23099963453322,48.85364344491231,105,116,11,11
1616975226683,32.871884637034356,-117.23109274376921,48.44571030512821,104,121,11,11
1616975226809,32.871882262829374,-117.23111583767871,48.368435018840806,103,122,11,11
1616975226924,32.87187998799143,-117.23113890599421,48.292510200432204,102,123,11,11
1616975227037,32.87187780874744,-117.23116195882736,48.222983088777475,102,124,11,11
1616975227151,32.871875713588246,-117.23118496444353,48.139010804813125,101,125,11,11
1616975227287,32.8718735595838,-117.23120789777161,48.056604220769934,100,126,11,11
1616975227548,32.871865335770956,-117.23129914921657,47.711009297001226,94,128,12,11
1616975227731,32.87186332017007,-117.23132190703302,47.63089183122153,92,127,12,11
1616975227845,32.87186134387451,-117.23134463096066,47.54936990367121,89,126,12,11
1616975227960,32.871859423980055,-117.23136726102109,47.4587855845888,86,125,12,11
1616975228073,32.87185755569534,-117.2313898451727,47.36344835749331,84,124,12,11
1616975228187,32.87185567810677,-117.23141241355661,47.27830239548144,81,122,12,11
1616975228373,32.87185386957784,-117.23143505521905,47.19895928191435,80,122,12,11
1616975228549,32.87184707267889,-117.23152538050552,46.880410404687424,75,120,12,11
1616975228715,32.871845473637144,-117.23154799778759,46.80674648955358,75,120,12,11
1616975228831,32.87184391051458,-117.23157064235069,46.72569330197248,75,120,12,11
1616975228944,32.87184235783529,-117.23159321470548,46.637445891987205,74,120,12,11
1616975229058,32.87184087878801,-117.23161573526146,46.5494106614748,74,121,12,11
1616975229177,32.8718394247931,-117.231638276377,46.46994940913378,73,120,12,11
1616975229355,32.87183805352336,-117.23166082706254,46.39438746552244,71,118,12,11
1616975229571,32.87183342723482,-117.23175130082451,46.10621378314401,64,111,12,11
1616975229737,32.8718324711143,-117.23177390405696,46.01992340862452,63,109,12,11
1616975229850,32.87183158872034,-117.23179654026572,45.939210841985634,61,107,12,11
1616975229968,32.87183079194615,-117.23181920340602,45.85744211105069,60,105,12,11
1616975230080,32.871830058069996,-117.23184197230943,45.77822776951231,58,104,12,11
1616975230160,32.87182937834353,-117.23186467379476,45.69669795299023,58,103,12,11
1616975230370,32.87182877525593,-117.23188738297475,45.62207746934349,58,103,12,11
1616975230551,32.87182703686068,-117.23197847758595,45.333397204449966,58,103,11,11
1616975230720,32.87182677630481,-117.23200126494729,45.260789401104155,58,103,11,11
1616975230832,32.871826479135855,-117.23202403605023,45.2068859529232,58,104,11,11
1616975230963,32.871826283102116,-117.23204687665363,45.15364334734222,58,104,11,11
1616975231088,32.87182606441943,-117.23206965548783,45.10515779538189,59,104,11,11
1616975231206,32.87182589519626,-117.232092369492,45.052044155675915,59,104,11,11
1616975231394,32.87182562940446,-117.23216077107602,44.930620163066365,59,105,10,11
1616975231521,32.87182560167344,-117.23218342492301,44.89488380524144,60,106,10,11
