1611351148926,33.009902556164874,-117.26349153033485,-20.37103962544825,77,121,13,11
1611351149197,33.00997334267784,-117.26355871437721,-20.521278971618386,78,121,13,11
1611351149305,33.009991066541794,-117.263575286298,-20.55558404220576,78,121,13,11
1611351149428,33.010008807228125,-117.26359178695358,-20.58139045902511,79,121,13,11
1611351149527,33.010026559687184,-117.2636082547812,-20.60395363091328,79,121,13,11
1611351149606,33.01004429629809,-117.26362466777759,-20.63039108446757,79,121,13,11
1611351149701,33.01006199569587,-117.26364105420762,-20.661222572265114,78,121,13,11
1611351149810,33.01007967960936,-117.26365739419455,-20.696182289874038,78,121,13,11
1611351149919,33.01009731917874,-117.26367369652773,-20.736543676050218,78,121,13,11
1611351150001,33.01011492247261,-117.26368995530956,-20.773631701957143,78,121,13,11
1611351150204,33.010132529818584,-117.26370618425405,-20.798046363068874,78,121,13,11
1611351150294,33.0101501137319,-117.26372239144106,-20.824307973748258,78,121,13,11
1611351150436,33.0101676724383,-117.2637385513102,-20.856296582989714,78,121,13,11
1611351150538,33.010185167821795,-117.26375470684283,-20.896146020702627,78,121,13,11
1611351150622,33.01020261285056,-117.26377088040296,-20.93533905190694,78,121,13,11
1611351150708,33.01022004487732,-117.26378709332938,-20.96628316560421,78,121,13,11
1611351150789,33.01023743393001,-117.26380335387522,-21.002290855061073,78,121,13,11
1611351150881,33.01025479270185,-117.26381966404813,-21.040794608550602,78,121,13,11
1611351150983,33.01027213408025,-117.2638359761013,-21.078155142764665,78,121,13,11
1611351151062,33.01028947709608,-117.2638523422701,-21.107002465008605,78,121,13,11
1611351151212,33.01030681618175,-117.26386874186157,-21.13168999800246,78,121,13,11
1611351151358,33.01032415957804,-117.26388519359675,-21.15993208041666,77,121,13,11
1611351151441,33.01034150685869,-117.26390165484194,-21.19521389256343,77,121,13,11
1611351151546,33.01035885079342,-117.26391812016098,-21.23610434529527,77,121,13,11
1611351151629,33.01037620341014,-117.26393459712531,-21.27495089873892,77,121,13,11
1611351151717,33.01039358024557,-117.26395107999683,-21.313532917144713,77,121,13,11
1611351151798,33.01041098078706,-117.26396755631707,-21.348125553473935,77,121,13,11
1611351151881,33.01042838684686,-117.26398406263625,-21.38060230630037,77,121,13,11
1611351152048,33.01044576931737,-117.2640005934431,-21.414249305821848,77,121,13,11
1611351152133,33.010463170191656,-117.26401715197414,-21.44343986124144,77,121,13,11
1611351152277,33.01048056975523,-117.26403372648146,-21.469707022618625,77,121,13,11
1611351152371,33.010497970773876,-117.26405033091073,-21.49795206004945,77,121,13,11
1611351152512,33.01051537892912,-117.26406694306874,-21.525907246153277,77,121,13,11
1611351152618,33.010532801281705,-117.26408357902868,-21.553114079887273,77,121,13,11
1611351152702,33.01055025782689,-117.264100241674,-21.577084801424153,77,121,13,11
1611351152785,33.01056774333429,-117.26411691370848,-21.60536883502191,77,121,13,11
1611351152864,33.010585265532384,-117.26413360297975,-21.630258991519078,77,121,13,11
1611351152947,33.01060285032415,-117.26415033166352,-21.645349871723372,77,121,13,11
1611351153060,33.01062046823783,-117.2641670957774,-21.666325829258483,77,121,13,11
1611351153141,33.010638122600746,-117.26418388724325,-21.690444334625745,77,121,13,11
1611351153286,33.01065580273302,-117.26420069283931,-21.718757010878743,77,121,13,11
1611351153436,33.01067349139186,-117.2642175035347,-21.744982794227013,77,121,13,11
1611351153522,33.010691269980555,-117.26423437231055,-21.739270694238606,76,121,13,11
1611351153625,33.0107091077484,-117.26425128890479,-21.7356326657056,76,121,13,11
1611351153710,33.01072693611725,-117.26426821578454,-21.752229376926305,76,121,13,11
1611351153793,33.01074478697579,-117.26428517688228,-21.772986854785533,76,121,13,11
1611351153878,33.010762619995894,-117.26430213398775,-21.804187593155042,76,121,13,11
1611351153959,33.01078048806827,-117.2643191088075,-21.816374402011853,76,121,13,11
1611351154072,33.0107983961031,-117.26433608089695,-21.815942791485693,76,121,13,11
1611351154153,33.01081629029862,-117.26435302197103,-21.818966610999173,76,121,13,11
1611351154300,33.01083409212984,-117.26436993720756,-21.83179522493519,76,121,13,11
1611351154448,33.010886931689626,-117.2644202493432,-21.86579121345268,76,121,13,11
1611351154528,33.01090438085616,-117.2644368629489,-21.874885686805474,76,121,13,11
1611351154607,33.01092172007036,-117.26445341335884,-21.890183356085178,76,121,13,11
1611351154713,33.01093892462861,-117.2644698339179,-21.920103075612747,76,121,13,11
1611351154796,33.01095602824345,-117.26448601990316,-21.94572166184417,76,121,13,11
1611351154926,33.01097303966476,-117.26450204142301,-21.94820148896702,76,121,13,11
1611351155007,33.010989928245344,-117.26451792315756,-21.938233990247646,76,121,13,11
1611351155141,33.01100672624355,-117.26453372112103,-21.91858800217959,76,121,13,11
1611351155234,33.01102340375345,-117.26454935624106,-21.92462914603013,76,121,13,11
1611351155326,33.011039890891645,-117.26456474375665,-21.983176234389816,77,121,13,11
1611351155485,33.011056193746896,-117.26457990026681,-22.0556753029154,77,121,13,11
1611351155567,33.01107245286679,-117.264594852335,-22.087691338437587,77,121,13,11
1611351155648,33.01108865784446,-117.26460961411902,-22.086083073206908,78,121,13,11
1611351155720,33.01110473104959,-117.26462418491091,-22.084956911032712,78,121,13,11
1611351155865,33.01112066441414,-117.26463852205138,-22.09795491493635,78,121,13,11
1611351155981,33.011136490129516,-117.26465261591846,-22.116914567462846,78,121,13,11
1611351156059,33.011152220424044,-117.26466640700394,-22.139821593743417,78,121,13,11
1611351156195,33.01116787956612,-117.26467994439015,-22.1534070217236,79,121,13,11
1611351156286,33.011183478156426,-117.26469318166976,-22.16662340792283,79,121,13,11
1611351156378,33.01119895079741,-117.26470609315734,-22.20294355624003,79,121,13,11
1611351156540,33.011214364567316,-117.26471865305702,-22.239119203158527,79,121,13,11
1611351156620,33.01122968659973,-117.26473085487449,-22.278909679996996,79,121,13,11
1611351156708,33.01124491843257,-117.26474274185894,-22.31109136400897,80,121,13,11
1611351156791,33.01126005124329,-117.26475433310598,-22.3389405128244,80,121,13,11
1611351156876,33.011275076334115,-117.26476561089308,-22.370964657195334,80,122,13,11
1611351156984,33.01128999437426,-117.26477655886718,-22.409958392301697,80,121,13,11
1611351157065,33.01130482408277,-117.26478715418062,-22.453088309480915,81,121,13,11
1611351157204,33.01131955919797,-117.26479739582567,-22.503595952937786,81,122,13,11
1611351157297,33.01133425306067,-117.26480729471133,-22.55735109669839,81,122,13,11
1611351157391,33.01134893795498,-117.26481687757872,-22.610422270926783,81,122,13,11
1611351157492,33.0113636014257,-117.26482616700895,-22.667460992119583,82,122,13,11
1611351157575,33.011378238231664,-117.26483516791787,-22.729344866889377,82,122,13,11
1611351157656,33.011392862839436,-117.26484387400342,-22.791359208096985,82,122,13,11
1611351157737,33.011407444326366,-117.26485226045558,-22.86126349597654,82,122,13,11
1611351157820,33.01142201676619,-117.26486024289872,-22.935648768349974,83,122,13,11
1611351157922,33.01143664355069,-117.26486776781427,-23.000979796897358,83,122,13,11
1611351158001,33.011451276680475,-117.26487483603691,-23.065177069737693,83,122,13,11
1611351158145,33.01146451507933,-117.26488082412328,-23.12487115851164,86,123,13,11
1611351158236,33.01147942145517,-117.26488713427169,-23.179375117318198,89,125,13,11
1611351158375,33.011494337338306,-117.26489298812866,-23.221635402125177,92,127,13,11
1611351158498,33.01150919820617,-117.26489836045499,-23.270352528910312,95,129,13,11
1611351158583,33.011524033072035,-117.26490320650825,-23.320947423162927,98,131,13,11
1611351158662,33.01153888828351,-117.26490747384446,-23.35876665433072,101,132,13,11
1611351158743,33.01155222285401,-117.26491084984579,-23.391791588992433,104,134,13,11
1611351158826,33.01156699367947,-117.2649140815127,-23.4310485091842,108,136,13,11
1611351158928,33.01158173123238,-117.26491673409556,-23.46920422450069,112,138,13,11
1611351159010,33.01159643865772,-117.26491880725538,-23.506064979146533,115,140,13,11
