1616974670028,32.834922461355625,-117.17875191207814,79.45916517035394,34,54,13,11
1616974670142,32.83492246940146,-117.17875191505142,79.46082217251235,34,54,13,11
1616974670234,32.83492246921034,-117.17875190908356,79.46289441664088,34,54,13,11
1616974670493,32.834922480818626,-117.17875191320798,79.47022612406793,34,54,13,11
1616974670650,32.83492248047768,-117.17875191258534,79.47254795598212,34,54,13,11
1616974670763,32.83492249115632,-117.17875190814206,79.47490569325704,34,54,13,11
1616974670878,32.834922495361404,-117.17875191034035,79.47657438588183,34,54,13,11
1616974671016,32.83492248800353,-117.17875190102876,79.47874050135698,34,54,13,11
1616974671128,32.83492249610276,-117.17875189745025,79.48031902048501,34,54,13,11
1616974671227,32.83492249773397,-117.17875190907642,79.48153396960886,34,54,13,11
1616974671385,32.83492251528156,-117.17875189730421,79.48616678101246,34,54,13,11
1616974671556,32.83492252001492,-117.17875189337161,79.48809034914368,34,54,13,11
1616974671701,32.83492251357002,-117.17875189662277,79.48985502634507,34,54,13,11
1616974671830,32.83492251845584,-117.1787518951427,79.4906699173769,34,54,13,11
1616974671909,32.83492251071778,-117.17875188594164,79.49234690681847,34,54,13,11
1616974672080,32.83492251726812,-117.17875188741347,79.49445261310437,34,54,13,11
1616974672194,32.834922525682465,-117.17875188401811,79.49553328577102,34,54,13,11
1616974672429,32.83492253225243,-117.17875188843186,79.50003807978942,34,55,13,11
1616974672598,32.834922535979054,-117.17875188334921,79.50081956869597,34,55,13,11
1616974672709,32.83492254177451,-117.17875187898828,79.50384917136135,34,55,13,11
1616974672825,32.83492253868786,-117.17875188518677,79.50331359771869,34,55,13,11
1616974672910,32.834922539381544,-117.17875188395003,79.50485878712539,34,55,13,11
1616974673077,32.83492253692004,-117.17875189321742,79.50516139850033,35,55,13,11
1616974673354,32.834922532774684,-117.17875187782371,79.50915159757122,35,56,13,11
1616974673456,32.83492253153471,-117.17875188319297,79.50899980181391,35,56,13,11
1616974673625,32.834922548060426,-117.17875189221229,79.51077419563407,35,56,13,11
1616974673769,32.83492253758707,-117.1787518848945,79.51060362134766,35,56,13,11
1616974673995,32.83492254495501,-117.17875189174852,79.5135148995122,34,55,13,11
1616974674083,32.83492254097966,-117.1787518961795,79.51403474059103,34,55,13,11
1616974674235,32.83492254228254,-117.17875189002022,79.51425236475976,34,55,13,11
1616974674401,32.83492253786652,-117.17875190419153,79.51435491534174,34,55,13,11
1616974674505,32.83492254179819,-117.17875189427232,79.51540947158672,34,55,13,11
1616974674674,32.834922542288105,-117.17875189506408,79.51590101314129,34,55,13,11
1616974674817,32.83492254150816,-117.17875190094212,79.5167023843658,34,55,13,11
1616974674995,32.83492254108477,-117.17875190353891,79.51881069647627,34,55,13,11
1616974675116,32.83492254690608,-117.1787519050043,79.5196797898909,34,55,13,11
1616974675197,32.83492254229145,-117.17875189415722,79.52037866766018,34,55,13,11
1616974675448,32.83492253602419,-117.17875190230093,79.51990266013061,34,55,13,11
1616974675557,32.834922535360526,-117.1787519065787,79.52094549596325,34,55,13,11
1616974675726,32.83492253769731,-117.17875189638026,79.52210632219825,34,54,13,11
1616974675871,32.834922506986175,-117.17875189654072,79.52128699631663,33,54,13,11
1616974676005,32.83492203817908,-117.17875188232226,79.52352966265506,33,54,13,11
1616974676093,32.83492184231071,-117.17875188805453,79.52372001064273,33,54,13,11
1616974676275,32.8349216087386,-117.17875188791383,79.52521418138255,33,53,13,11
1616974676396,32.83492134583492,-117.17875189131122,79.52596031728525,32,53,13,11
1616974676539,32.834921039331086,-117.17875187825813,79.52704652345125,32,53,13,11
1616974676673,32.83492070754015,-117.17875188264098,79.52772642666073,33,53,13,11
1616974676817,32.83492033891894,-117.17875187370451,79.52955813206137,33,53,13,11
1616974676993,32.834918575417674,-117.1787518857263,79.53206270135999,32,53,13,11
1616974677117,32.834918045683125,-117.17875188746903,79.53275222058326,32,53,13,11
1616974677280,32.83491747117035,-117.17875189928826,79.53253004722042,32,53,13,11
1616974677447,32.83491685802916,-117.1787518889464,79.53218765018542,32,52,13,11
1616974677696,32.83491397529865,-117.17875190429865,79.53330725945303,31,51,13,11
1616974677819,32.83491305659849,-117.17875190020266,79.53120870585177,31,50,13,11
1616974677955,32.834912016432376,-117.17875190239721,79.53112560890779,30,50,13,11
1616974678065,32.83491091252645,-117.17875191770558,79.53272002572831,30,50,13,11
1616974678182,32.834909675659276,-117.17875194694106,79.53420131669871,30,49,13,11
1616974678345,32.834908315725905,-117.17875195528272,79.53399051079633,30,49,13,11
1616974678593,32.834901722925366,-117.17875206710947,79.53301712514748,28,45,13,11
1616974678713,32.83489975998008,-117.17875212552356,79.53292627077312,27,45,13,11
1616974678830,32.83489764438517,-117.17875217230012,79.5341302928793,27,43,13,11
1616974678966,32.83489537199484,-117.17875218688275,79.5377675264008,26,43,13,11
1616974679078,32.83489295309275,-117.17875223851566,79.54096905234422,26,42,13,11
1616974679167,32.83489037408279,-117.17875230676347,79.54656648126834,26,41,13,11
1616974679356,32.834887620395925,-117.17875234539574,79.55360659965557,26,41,13,11
1616974679495,32.834878450268654,-117.17875250810866,79.5778187828337,27,42,12,11
1616974679639,32.8348750699396,-117.17875256937612,79.59127398516439,27,42,12,11
1616974679750,32.8348715321756,-117.17875267565528,79.6061303180625,28,42,12,11
1616974679905,32.83486782761326,-117.1787527395044,79.6095908415452,28,42,12,11
1616974680041,32.834863952028755,-117.17875281255984,79.60524412911079,29,42,12,11
1616974680154,32.834859903191045,-117.17875282853342,79.59223473259283,28,42,12,11
