1612486007877,32.88091592909441,-117.24381186963073,85.88787305451608,79,122,15,11
1612486007974,32.88091594402109,-117.24381186880385,85.88786471477351,79,122,15,11
1612486008045,32.880915948594726,-117.24381185086001,85.88783170923358,79,122,15,11
1612486008157,32.88091596199768,-117.24381184251727,85.88812616316079,79,122,15,11
1612486008250,32.880915973299246,-117.24381182881031,85.88762245874956,79,122,15,11
1612486008392,32.88091598465123,-117.24381181784285,85.88747426013445,79,122,15,11
1612486008473,32.880915992855456,-117.24381180637792,85.88798066285887,79,122,15,11
1612486008552,32.88091601045274,-117.24381179244583,85.88831364588617,79,122,15,11
1612486008700,32.88091601732375,-117.2438117706218,85.8890002879164,79,122,15,11
1612486008789,32.88091602575917,-117.24381175561452,85.88986354505548,79,122,15,11
1612486008879,32.88091603416314,-117.24381174306113,85.89102660134405,79,122,15,11
1612486008987,32.880916042219916,-117.24381172258741,85.89224115273979,79,122,15,11
1612486009061,32.88091605341736,-117.24381170548342,85.89368165480198,79,122,15,11
1612486009232,32.88091606105195,-117.24381168722414,85.89549515258015,79,122,15,11
1612486009318,32.880916065683245,-117.24381166602794,85.89748379135834,79,122,15,11
1612486009387,32.880916072206986,-117.2438116556461,85.89940273622257,79,122,15,11
1612486009548,32.88091607491205,-117.24381164026252,85.90147483748687,79,122,15,11
1612486009627,32.88091608212853,-117.24381162301282,85.9036367983088,79,122,15,11
1612486009780,32.880916083057876,-117.24381160946062,85.90588128026543,79,122,15,11
1612486009869,32.880916096363,-117.24381159580292,85.90798355059643,79,122,15,11
1612486009966,32.88091613278706,-117.24381158746745,85.9097065894994,79,122,15,11
1612486010047,32.88091622480934,-117.24381156485572,85.91039548201972,79,122,15,11
1612486010122,32.88091641644858,-117.24381155898327,85.91138920327357,79,122,15,11
1612486010236,32.88091675217165,-117.24381154468846,85.91154743814565,79,122,15,11
1612486010323,32.88091726247333,-117.24381154259122,85.91329353245106,79,122,15,11
1612486010402,32.88091799070637,-117.24381154693165,85.91451312907341,79,122,15,11
1612486010544,32.880918966036496,-117.24381152715092,85.91672486179701,79,122,15,11
1612486010625,32.88092023484014,-117.24381150888803,85.91941772406007,79,122,15,11
1612486010783,32.88092180476372,-117.24381149630933,85.92038611499528,79,122,15,11
1612486010861,32.880923674183045,-117.24381149285745,85.92185629354321,79,122,15,11
1612486010957,32.88092586351357,-117.24381148822421,85.93269744470965,79,122,15,11
1612486011045,32.88092836375747,-117.24381146896039,85.94182968185339,80,122,15,11
1612486011116,32.880931173901345,-117.24381145113941,85.943140491028,80,122,15,11
1612486011290,32.88093429694886,-117.24381143923037,85.94283017739777,80,122,15,11
1612486011373,32.88093773177623,-117.24381141882498,85.9440052863813,80,122,15,11
1612486011454,32.880941477857306,-117.24381139863303,85.94835653875631,81,122,15,11
1612486011596,32.8809455163108,-117.24381140007878,85.95070086875302,81,122,14,11
1612486011677,32.880949823305144,-117.24381139179661,85.93837674698325,81,122,14,11
1612486011818,32.88095443446171,-117.24381136714435,85.93488977693339,81,122,14,11
1612486011909,32.880959351915685,-117.24381133763083,85.9388258814813,82,122,14,11
1612486012007,32.88096455058189,-117.24381129391442,85.9410017100696,82,122,14,11
1612486012092,32.88097001646958,-117.24381123357865,85.93794557478107,82,123,14,11
1612486012165,32.88097576358611,-117.24381119492377,85.9367134321499,82,122,14,11
1612486012277,32.8809817790898,-117.24381116747668,85.94017550406443,82,122,14,11
1612486012360,32.88098804830848,-117.24381112494376,85.93717682660447,83,123,14,11
1612486012450,32.88099456848781,-117.24381104647235,85.9306381217186,83,123,15,11
1612486012591,32.88100115704773,-117.24381100156953,85.91994171876048,86,124,15,11
1612486012695,32.88100829285544,-117.24381098126993,85.91364904503865,88,126,15,11
1612486012818,32.8810149119726,-117.24381091134991,85.90541161257809,91,128,15,11
1612486012906,32.88102248002844,-117.24381079611547,85.89194018491821,94,129,15,11
1612486013007,32.88103026927492,-117.24381074125984,85.88114554682718,97,131,15,11
1612486013089,32.8810382826732,-117.24381069265375,85.87084323184905,100,133,15,11
1612486013162,32.881046535419294,-117.2438105650395,85.86314318972849,103,135,15,11
1612486013333,32.88105502071685,-117.24381044786308,85.85765745479692,107,137,15,11
1612486013419,32.88106285386754,-117.24381035968014,85.85719195449026,110,138,15,11
1612486013491,32.88107176283648,-117.24381025724777,85.85018293414974,113,140,15,11
1612486013642,32.88108088597093,-117.24381013772253,85.83511908640442,117,142,15,11
1612486013721,32.88109023064549,-117.24381001514423,85.81892310819768,120,144,15,11
1612486013867,32.881099815793235,-117.24380984426733,85.80498513978222,124,146,15,11
1612486013967,32.881109634838424,-117.24380967740254,85.79500784908069,128,148,15,11
1612486014064,32.88111865333635,-117.24380952667086,85.78638799733038,131,150,15,11
1612486014145,32.88112887163521,-117.24380932431617,85.77039693596345,135,152,15,11
1612486014227,32.88113931747924,-117.2438091173853,85.7546885584302,139,154,15,11
1612486014340,32.88115001062789,-117.24380893165424,85.74827421925647,144,156,15,11
1612486014424,32.88116092697413,-117.2438087273346,85.74254051549798,148,158,15,11
1612486014564,32.88117204554531,-117.24380852682144,85.72917252784957,152,160,15,11
1612486014645,32.881182234657246,-117.24380833168135,85.71120964957198,156,162,15,11
1612486014747,32.88119376124769,-117.2438081226513,85.69131686478347,161,165,15,11
1612486014869,32.88120550227705,-117.2438079017327,85.67246088139999,165,167,15,11
1612486014973,32.881217475577586,-117.24380768654902,85.65858848034122,170,169,15,11
1612486015063,32.881229666042685,-117.24380748373717,85.6473610083592,175,171,15,11
1612486015164,32.88124206398996,-117.24380728982871,85.63247737202985,180,174,15,11
1612486015352,32.88129231161692,-117.24380662220457,85.56134987909175,199,183,14,11
1612486015434,32.88130563888048,-117.24380648299798,85.53523100595004,205,185,14,11
1612486015567,32.88131915537201,-117.24380640383373,85.51425479859965,210,187,14,11
1612486015693,32.881331495646876,-117.24380635873992,85.50291603305284,215,190,14,11
1612486015803,32.88134535733204,-117.24380636340872,85.49055129687424,221,192,14,11
1612486015884,32.88135938107994,-117.24380634577633,85.47240121118493,226,194,14,11
1612486015963,32.881373566270284,-117.24380637312134,85.4581051394536,232,197,14,11
1612486016044,32.88138788790652,-117.24380635943616,85.437037947778,238,199,14,11
1612486016157,32.881402348092244,-117.24380637199083,85.4157341279691,244,202,14,11
1612486016261,32.88141547263509,-117.24380639840363,85.39358377343491,249,204,14,11
1612486016415,32.88143019943787,-117.24380644118631,85.37243290872827,255,207,13,11
1612486016497,32.88144504908573,-117.24380650477076,85.34774168829638,261,209,12,11
1612486016584,32.88146003145558,-117.24380659447249,85.32011830073047,267,212,12,11
1612486016725,32.881475118744106,-117.24380668481375,85.28770293339295,273,215,12,11
1612486016818,32.88149032345028,-117.24380678151569,85.25439145185481,280,217,12,11
1612486016919,32.88150412125529,-117.24380688074915,85.23190030924,286,220,11,11
1612486017004,32.88151955202816,-117.24380705693211,85.20567034408296,292,222,10,11
1612486017074,32.88153506601437,-117.24380726019578,85.17337111165823,299,225,10,11
1612486017249,32.88155067942996,-117.24380747468871,85.14261995565494,305,228,10,11
1612486017359,32.88156638512016,-117.24380768113143,85.11422941090588,312,230,9,11
1612486017475,32.881582185173,-117.24380790033007,85.08842678130476,319,233,8,11
1612486017557,32.881596473815314,-117.24380810181935,85.06444188864964,325,235,9,11
1612486017637,32.8816124413711,-117.24380831934148,85.03894347052054,332,238,10,11
1612486017761,32.881628488174734,-117.24380853199393,85.01168091134669,339,241,11,11
1612486017855,32.88164461069617,-117.2438087195277,84.98154024753875,346,244,11,11
1612486017948,32.88166083361136,-117.24380889261919,84.95603888790447,353,247,14,11
