1610060587851,32.75333151371891,-117.23898757904148,-28.53232406810222,84,121,15,11
1610060587993,32.75335747510925,-117.23893067376939,-28.542317671822772,85,121,15,11
1610060588156,32.7533637868578,-117.23891680138988,-28.547363850659718,85,121,15,11
1610060588255,32.75337005493913,-117.23890308555868,-28.55118152803413,85,122,15,11
1610060588346,32.75337626861425,-117.23888952471398,-28.553129916936374,85,122,15,11
1610060588481,32.753382416157486,-117.23887613895056,-28.55738297993391,85,122,15,11
1610060588585,32.75338848917902,-117.23886292738828,-28.564736166070734,86,122,15,11
1610060588666,32.75339448280205,-117.23884986941123,-28.56969324057134,86,122,15,11
1610060588749,32.75340041337674,-117.23883699051159,-28.574220583183795,86,122,15,11
1610060588840,32.75340625572122,-117.23882429683005,-28.583397588435222,86,122,15,11
1610060588947,32.75341203030799,-117.23881179399524,-28.597288232253888,86,122,14,11
1610060589106,32.753417723125544,-117.2387994628157,-28.607162851969377,86,122,14,11
1610060589188,32.75342334204985,-117.23878730491693,-28.61437789011627,86,122,13,11
1610060589268,32.753428887178565,-117.23877533181577,-28.621036359993248,86,122,13,11
1610060589361,32.75343433719321,-117.23876353172814,-28.628497882690517,87,122,13,11
1610060589493,32.753439721822396,-117.23875192583462,-28.635459971724014,87,122,13,11
1610060589577,32.75344501996357,-117.23874048493194,-28.640197144116108,87,122,13,11
1610060589663,32.75345024013861,-117.23872922476036,-28.643213521665476,87,122,13,11
1610060589749,32.7534553832798,-117.23871814827538,-28.64685835002002,87,122,13,11
1610060589849,32.753460449709,-117.23870724748062,-28.648716693931597,87,122,13,11
1610060589999,32.75346543513454,-117.23869652191848,-28.651896510369216,87,122,15,11
1610060590090,32.75347034382748,-117.23868597885749,-28.656948837030484,87,122,15,11
1610060590230,32.75347515986342,-117.23867562257311,-28.662271847300723,87,122,15,11
1610060590311,32.75347989355694,-117.23866546679886,-28.672412253138727,87,122,15,11
1610060590406,32.7534845424064,-117.2386555108593,-28.67872917004944,88,122,15,11
1610060590554,32.753489063238334,-117.2386457729431,-28.681232899768347,87,122,15,11
1610060590633,32.753493457634086,-117.23863631478055,-28.684030170854385,87,122,15,11
1610060590726,32.7534977266771,-117.2386271511136,-28.689464274110534,88,122,15,11
1610060590811,32.75350186044694,-117.23861827581082,-28.69583812275785,88,122,15,11
1610060590913,32.75350586726467,-117.23860966530675,-28.70036650331871,88,122,15,11
1610060591062,32.75350975502659,-117.23860131122743,-28.703832069645976,88,122,15,11
1610060591154,32.753513520324205,-117.23859320670363,-28.706628035444773,88,122,15,11
1610060591236,32.75351716585335,-117.23858537601399,-28.708533029639632,88,122,15,11
1610060591322,32.75352068935106,-117.23857782018376,-28.71208586293694,88,122,15,11
1610060591416,32.7535240895991,-117.23857053543384,-28.718057854828718,88,122,15,11
1610060591558,32.75352736052044,-117.23856351097965,-28.72462697237477,88,123,15,11
1610060591657,32.753530478188715,-117.23855679907065,-28.742378237572797,91,124,15,11
1610060591737,32.753533278510886,-117.23855079006569,-28.760103442198456,94,126,15,11
1610060591836,32.75353626429949,-117.23854433442324,-28.777949559342453,97,128,15,11
1610060591942,32.75353913372834,-117.23853816920709,-28.794101632597528,100,129,15,11
1610060592031,32.75354184944926,-117.23853228865134,-28.81511930937915,104,131,15,11
1610060592188,32.75354445271099,-117.23852666168632,-28.83395725576379,107,133,15,11
1610060592331,32.75354695669775,-117.23852125840621,-28.855494430347733,111,135,15,11
1610060592409,32.75354913453915,-117.23851656046462,-28.875441696496395,114,137,15,11
1610060592504,32.75355147755771,-117.23851151513935,-28.896454334499147,118,139,15,11
1610060592650,32.75355371950717,-117.238506645753,-28.917646518838904,121,141,15,11
1610060592740,32.75355587960788,-117.23850196014317,-28.939646946091468,125,143,15,11
1610060592821,32.75355797627756,-117.23849746314227,-28.962516151012696,129,145,15,11
1610060592905,32.753559987164046,-117.23849311736606,-28.98297877790703,133,147,15,11
1610060593089,32.753567162437,-117.23847759285711,-29.068762124085183,150,155,15,11
1610060593191,32.753568852490766,-117.23847394908996,-29.090586889949083,154,157,15,11
1610060593283,32.753570460144466,-117.23847045653902,-29.11143826629311,159,159,15,11
1610060593417,32.75357207493957,-117.23846721695178,-29.09440111537469,148,157,15,11
1610060593523,32.75357356217009,-117.23846421291553,-29.079199344231018,139,156,15,11
1610060593606,32.75357495418117,-117.23846138498816,-29.065506032234016,133,154,15,11
1610060593696,32.75357624385761,-117.23845872199814,-29.052679969395623,127,153,15,11
1610060593800,32.753577444039344,-117.23845621179206,-29.039851835480384,123,152,15,11
1610060593885,32.75357857458008,-117.2384538659888,-29.027299492603625,119,151,15,11
1610060593986,32.753579614805965,-117.2384516864412,-29.01616405094659,115,150,15,11
1610060594186,32.753580561730836,-117.23844967639232,-29.00478667534618,112,149,15,11
1610060594286,32.753581432153,-117.23844785128541,-28.99449213181905,109,148,15,11
1610060594379,32.75358221065175,-117.23844622548219,-28.98477684301095,107,147,15,11
1610060594512,32.75358288245616,-117.23844483071314,-28.975406534796885,105,146,15,11
1610060594613,32.75358344294265,-117.23844365173512,-28.96676705666665,103,145,15,11
1610060594694,32.753583903127634,-117.23844270251243,-28.95923079196609,101,144,15,11
1610060594782,32.753584258690694,-117.23844195774313,-28.952072828760866,100,143,15,11
1610060594884,32.753584524969284,-117.23844140672882,-28.945793144839264,99,142,15,11
1610060595036,32.75358471279477,-117.2384410240276,-28.939354511070736,97,142,15,11
1610060595126,32.753584823180006,-117.23844080697967,-28.93312403108092,96,141,15,11
1610060595208,32.753584862005845,-117.23844075045656,-28.92720091463964,95,140,15,11
1610060595294,32.75358483747252,-117.2384408251557,-28.923088848314602,94,139,15,11
1610060595394,32.75358481650982,-117.23844090266616,-28.920007571574768,93,139,15,11
1610060595526,32.75358482486319,-117.23844092888275,-28.91684763557125,92,138,15,11
1610060595614,32.75358484803573,-117.23844091174767,-28.91246027647868,92,138,15,11
1610060595706,32.753584865451494,-117.23844091790572,-28.908128326942375,91,137,15,11
1610060595793,32.75358487481475,-117.238440942017,-28.904990783791256,90,137,15,11
1610060595899,32.75358489710104,-117.23844094557916,-28.90055449142612,90,136,15,11
1610060596038,32.75358491782077,-117.23844095041426,-28.896441334318034,89,135,15,11
1610060596138,32.75358493451185,-117.23844096786561,-28.89292450883306,89,135,15,11
1610060596276,32.75358495776147,-117.23844097502388,-28.88921481204297,88,135,15,11
1610060596357,32.753584979585895,-117.23844098184247,-28.88555067122465,88,134,15,11
1610060596450,32.753585000281845,-117.23844099841843,-28.88208999007581,87,134,15,11
1610060596587,32.75358502424827,-117.23844100726403,-28.87825098514255,87,133,15,11
1610060596700,32.75358504683151,-117.23844101661578,-28.874534275018085,86,133,15,11
1610060596792,32.75358506743686,-117.23844103151765,-28.87099251957255,86,132,15,11
1610060596880,32.75358509129948,-117.23844104251609,-28.867175238918747,86,132,15,11
1610060596981,32.75358511410568,-117.23844105328625,-28.86340960158352,86,132,15,11
1610060597070,32.753585128120974,-117.23844107243762,-28.859410863653245,85,131,15,11
1610060597229,32.75358514207451,-117.23844107274483,-28.854972119897855,84,131,15,11
1610060597318,32.75358515927842,-117.238441079271,-28.851248290489714,84,130,15,11
1610060597405,32.753585173553596,-117.23844108481829,-28.84706749637601,84,130,15,11
1610060597495,32.75358518901397,-117.23844109652077,-28.842981741812416,83,130,15,11
1610060597631,32.75358520230848,-117.2384410967383,-28.8384200318071,83,129,15,11
1610060597733,32.753585215549286,-117.23844109931022,-28.834206503322964,83,129,15,11
1610060597814,32.75358523189453,-117.23844111467521,-28.83001968315703,82,129,15,11
1610060597911,32.75358524884154,-117.23844112051499,-28.825844257560696,82,128,15,11
1610060598016,32.75358526064467,-117.23844112568231,-28.821538208490367,82,128,15,11
