4925062859494,32.874551329481044,-117.23385049387052,70.31291373065172,92,129,12,11
4925062859589,32.87454128262568,-117.23385540981255,70.28463393877153,92,129,12,11
4925062859692,32.874531071658346,-117.23386041630138,70.25644404207799,92,129,12,11
4925062859776,32.87452069524737,-117.23386546271061,70.22887855790344,92,129,11,11
4925062859855,32.8745101785799,-117.23387058813412,70.19624015930911,92,129,11,11
4925062860001,32.874499512779906,-117.23387577358572,70.16568366689606,92,129,11,11
4925062860125,32.874455517527814,-117.23389710870087,70.03695507380286,92,129,10,11
4925062860217,32.87444423794709,-117.23390251068703,69.98656146766885,92,129,10,11
4925062860316,32.8744328717577,-117.23390799724639,69.93286995419463,92,129,10,11
4925062860411,32.8744213877064,-117.23391343305035,69.87511229034922,92,128,10,11
4925062860523,32.87440983212763,-117.23391894636323,69.81629510465521,92,128,9,11
4925062860614,32.87439897871681,-117.23392417488637,69.77150927455872,94,130,9,11
4925062860716,32.87438646031966,-117.23393015582657,69.71819373569755,94,130,8,11
4925062860816,32.87437465063085,-117.2339357805604,69.66313680472871,94,130,9,11
4925062860928,32.874362760530815,-117.23394141507853,69.60694612570785,94,130,8,11
4925062861027,32.87435080271821,-117.23394715144286,69.5593411436972,93,130,8,11
4925062861181,32.874338765719884,-117.2339529174388,69.51134216572851,93,130,8,11
4925062861274,32.87432665550304,-117.23395872591767,69.45987467422043,93,130,7,11
4925062861373,32.87431444599387,-117.23396443722845,69.39426425506814,93,130,7,11
4925062861478,32.87430218329588,-117.23397021746618,69.32674778692598,93,130,7,11
4925062861567,32.87428983684664,-117.23397599350695,69.25659299481099,93,130,7,11
4925062861649,32.87427745161786,-117.23398178842193,69.17971306093764,92,130,6,11
4925062861798,32.874264978335866,-117.2339875689053,69.1071785214969,92,130,7,11
4925062861882,32.8742524194287,-117.23399340703759,69.04280654313186,92,130,6,11
4925062862008,32.87423980878018,-117.2339992798318,68.97177648771009,92,130,7,11
4925062862154,32.87422716372043,-117.23400515133756,68.88915690413134,92,130,7,11
4925062862235,32.874214459395475,-117.23401104221921,68.80445982154694,92,130,7,11
4925062862331,32.87420172461372,-117.23401695570276,68.71876240906596,92,130,7,11
4925062862424,32.87418887104868,-117.234022913084,68.62702053777141,92,130,12,11
4925062862519,32.87417604486958,-117.23402889328172,68.55098516304624,91,130,12,11
4925062862617,32.874163194414606,-117.23403496435115,68.47808392815197,91,130,12,11
4925062862705,32.87415035017586,-117.23404099920553,68.386600286479,91,130,12,11
4925062862790,32.87413747185108,-117.23404702012162,68.29335530384571,91,130,11,11
4925062862874,32.8741245973829,-117.23405311569233,68.20110910667897,91,130,11,11
4925062862994,32.87411175137614,-117.23405913056364,68.09685625698994,91,129,11,11
4925062863095,32.87409889674464,-117.2340651086468,67.99529659002854,91,130,10,11
4925062863173,32.874086093360454,-117.23407103561257,67.89492282749309,90,130,9,11
4925062863266,32.8740733107289,-117.2340769531516,67.80032187521347,90,130,9,11
4925062863397,32.87406051768347,-117.23408296096162,67.7331880818182,90,130,9,11
4925062863515,32.87404780812112,-117.23408891209603,67.6483389782832,91,130,10,11
4925062863607,32.87403520665912,-117.23409482497905,67.54152711159416,90,130,10,11
4925062863688,32.87402264314213,-117.23410072510157,67.43645962004476,90,130,10,11
4925062863831,32.87401009429889,-117.23410660766208,67.3438823336421,90,130,10,11
4925062863925,32.8739976171536,-117.2341124820228,67.25008610767733,90,130,10,11
4925062864050,32.87398521401072,-117.23411829644336,67.14510460293985,90,130,10,11
4925062864145,32.87397286028846,-117.23412407365814,67.04324164281088,90,130,9,11
4925062864223,32.87396054731847,-117.23412984736261,66.94738934511605,90,130,9,11
4925062864329,32.87394829501402,-117.23413560660101,66.85414191563412,90,130,9,11
4925062864474,32.87393608680145,-117.23414128874597,66.759955405689,90,130,9,11
4925062864576,32.87392391177525,-117.23414694357564,66.67123444646495,90,130,9,11
4925062864661,32.87391182548062,-117.23415259793157,66.58059807526422,90,130,11,11
4925062864756,32.8738998093752,-117.23415822831456,66.48625871789596,90,130,9,11
4925062864836,32.873887807913995,-117.23416388437606,66.39558029757539,89,130,10,11
4925062864918,32.873875996143745,-117.23416946885942,66.29165945044083,89,130,10,11
4925062865045,32.87386428781372,-117.2341750450798,66.18393765563319,89,130,10,11
4925062865147,32.87385256800089,-117.23418054188538,66.09502136673127,89,130,9,11
4925062865228,32.87384089347485,-117.2341859874035,66.00160796442046,89,130,9,11
4925062865384,32.87382942685443,-117.23419136226362,65.87740723193055,89,130,9,11
4925062865467,32.87381803478514,-117.23419654721083,65.7335323579854,89,130,8,11
4925062865566,32.873806713052566,-117.2342018180273,65.62285317564653,89,130,7,11
4925062865678,32.87379538062174,-117.23420699908777,65.54072799912763,90,130,7,11
4925062865751,32.87378403298907,-117.23421205792022,65.46836857768463,90,130,6,11
4925062865906,32.87377279829108,-117.23421715141482,65.37610304315537,90,130,6,11
4925062865983,32.87376173543997,-117.23422209980589,65.24551717946873,93,131,0,13
4925062866097,32.873750715197936,-117.23422702959601,65.10325798190208,95,133,0,13
4925062866244,32.873739672129076,-117.23423201934467,64.97592409371582,98,135,0,13
4925062866337,32.873728580309646,-117.23423705890036,64.86571703007799,101,137,0,13
4925062866430,32.873717469197096,-117.23424213884479,64.76167610921442,104,138,0,13
4925062866520,32.87370630766239,-117.2342471410399,64.65378370780452,107,140,0,13
4925062866627,32.87369505782072,-117.2342520312983,64.54248439488644,110,142,0,13
4925062866709,32.873683770341295,-117.23425689402096,64.42449561165276,113,144,0,13
4925062866805,32.87367245186624,-117.23426165762862,64.29251534407315,116,146,0,13
4925062866880,32.873661027587026,-117.23426629983021,64.1675207576963,119,148,0,13
4925062866961,32.873649568689515,-117.23427094580292,64.04462488163061,123,149,0,13
4925062867078,32.87363802261429,-117.23427545283904,63.92268985393379,126,151,0,13
4925062867173,32.873626410938904,-117.23427992949452,63.807900048357425,130,153,0,13
4925062867311,32.8736147280175,-117.23428428061841,63.69145006583027,133,155,0,13
4925062867404,32.87360299688554,-117.23428848540088,63.569779263039024,137,157,0,13
4925062867505,32.87359124972158,-117.23429259033279,63.441953164624,141,159,0,13
4925062867607,32.873579454030484,-117.23429656907729,63.31869551274667,145,161,0,13
4925062867694,32.87356763977891,-117.23430042516615,63.19936749830348,149,163,0,13
4925062867777,32.87355580678963,-117.23430411757973,63.082328117206146,153,165,0,13
4925062867965,32.87354393865078,-117.23430770061876,62.9777421092798,156,167,10,11
4925062868081,32.87349671754092,-117.23432036521523,62.53624825983185,173,176,0,13
4925062868192,32.87348492603252,-117.23432315656474,62.432478559723165,178,178,0,13
4925062868276,32.87347319819012,-117.23432581930935,62.31364857470797,182,180,0,13
4925062868379,32.87346154111972,-117.23432834794909,62.181124864475834,186,182,0,13
4925062868477,32.87344991498655,-117.23433077949865,62.049852398514055,191,184,0,13
4925062868580,32.87343834910282,-117.23433323339914,61.92305746385385,196,187,0,13
4925062868676,32.873426822785945,-117.23433557081502,61.79613961687044,201,189,0,13
4925062868776,32.8734153412991,-117.23433788021408,61.67401374780148,206,191,0,13
4925062868887,32.873403857980946,-117.23434006256491,61.55691765171321,210,193,0,13
4925062868992,32.873392369121255,-117.23434209657833,61.44978752381712,216,196,0,13
4925062869141,32.87338092025932,-117.23434406856842,61.33821970669196,221,198,0,13
4925062869231,32.87336949322749,-117.23434588089133,61.22209428091363,226,200,0,13
4925062869357,32.87335807119487,-117.23434760545693,61.11155006036189,231,203,0,13
4925062869469,32.873346714636526,-117.23434920403307,60.99304807080481,237,205,0,13
4925062869558,32.87333542812967,-117.23435074372212,60.86555563273401,242,207,0,13
4925062869636,32.87332417404922,-117.23435214423652,60.744769131570365,248,210,0,13
