1616534535433,32.86663544035526,-117.24976635554276,38.613703701968525,46,71,11,11
1616534535579,32.866634008246095,-117.2497620296528,38.647605689094185,46,71,11,11
1616534535781,32.866629694846694,-117.24974376063587,38.77241938010116,45,70,11,11
1616534535947,32.8666289511841,-117.24973936413369,38.79490101460306,45,70,11,11
1616534536057,32.8666281857514,-117.24973525360734,38.816171131486236,46,71,11,11
1616534536157,32.86662766530275,-117.24973128539312,38.83436078136122,46,70,10,11
1616534536303,32.86662723767149,-117.2497274576163,38.85373700716265,46,70,12,11
1616534536437,32.86662686030565,-117.24972374956225,38.874397210765245,46,70,12,11
1616534536550,32.86662655804988,-117.24972010580662,38.895566831136904,46,70,12,11
1616534536677,32.86662607102172,-117.2497093613705,38.93464505585812,45,69,12,11
1616534536814,32.86662608062234,-117.24970564100313,38.94816026441295,45,69,12,11
1616534536982,32.86662617436574,-117.2497017399881,38.964393846583384,44,68,12,11
1616534537094,32.86662632691928,-117.24969767846864,38.98472307845668,44,68,12,11
1616534537218,32.866626624801874,-117.24969345190014,39.00332751908582,45,69,12,11
1616534537331,32.866627106708684,-117.24968899549378,39.025219427271225,46,69,12,11
1616534537467,32.8666277313407,-117.249684351095,39.05079757745053,47,70,13,11
1616534537578,32.86662857215408,-117.24967949876847,39.08411769226939,48,71,13,11
1616534537752,32.86663431955295,-117.24965839889441,39.2092863859612,52,74,13,11
1616534537952,32.866636500127726,-117.24965285467972,39.24202334362457,54,75,13,11
1616534538066,32.86663898117612,-117.24964722324836,39.27292267754174,55,75,13,11
1616534538156,32.866641727695416,-117.24964152259912,39.307716512470854,55,76,12,11
1616534538307,32.86664479668268,-117.24963580509046,39.34895720533206,56,77,12,11
1616534538439,32.86664827257362,-117.24963006550276,39.392605893583294,55,76,12,11
1616534538551,32.866652035168244,-117.24962448645923,39.43238698905311,56,77,12,11
1616534538842,32.866670512055165,-117.249603517546,39.58623089295914,57,78,9,11
1616534538961,32.86667596067616,-117.24959867115523,39.630363454614844,57,78,9,11
1616534539085,32.86668169609799,-117.24959404608367,39.68020398873586,57,79,9,11
1616534539183,32.86668784596278,-117.24958957244367,39.73200292941652,56,78,7,11
1616534539332,32.866694276887536,-117.24958532133073,39.78855560817841,55,78,7,11
1616534539468,32.866700993909895,-117.24958124915977,39.84622250630911,54,77,7,11
1616534539580,32.8667080358602,-117.24957735944419,39.9083286243109,53,76,7,11
1616534539818,32.86673884395781,-117.24956335891457,40.1791212319805,44,70,8,11
1616534539930,32.866747137293544,-117.24956017264702,40.26570830439554,44,69,8,11
1616534540047,32.866755667508684,-117.24955705261567,40.36511603958305,45,70,8,11
1616534540151,32.866764433350184,-117.24955397586163,40.467611256667304,46,70,8,11
1616534540312,32.86677344632446,-117.24955092180842,40.572195491153145,46,70,8,11
1616534540444,32.866782719646075,-117.24954790192612,40.679603003402036,47,71,7,11
1616534540709,32.86682228472823,-117.24953570477649,41.145682931267395,49,72,10,11
1616534540899,32.86683279731723,-117.24953258011281,41.269400830414966,49,72,9,11
1616534541009,32.86684351123871,-117.24952943415781,41.39771672748165,50,73,9,11
1616534541135,32.8668544598914,-117.24952628483129,41.52725762661365,51,74,8,11
1616534541261,32.86686565074714,-117.24952312480158,41.6615739919181,52,74,8,11
1616534541377,32.86687709218313,-117.24951996425025,41.803650704477846,52,74,9,11
1616534541551,32.86692500946006,-117.2495073536292,42.42970398471421,55,77,8,11
1616534541732,32.866937530519635,-117.2495042744661,42.5912272901391,56,77,10,11
1616534541925,32.86695027171372,-117.24950119693747,42.77270100328052,56,77,10,11
1616534542049,32.86696322617587,-117.24949802226168,42.989366621045626,57,78,9,11
1616534542275,32.867017144851914,-117.24948486736442,43.707974083510564,52,75,7,11
1616534542387,32.867030973270545,-117.24948134507949,43.91619846030365,53,76,7,11
1616534542562,32.86704496798701,-117.24947777720992,44.115874795441684,53,76,7,11
1616534542639,32.86705906867466,-117.24947412991054,44.32249628642769,54,77,7,11
1616534542793,32.86707340522126,-117.24947058599479,44.5278876273854,53,76,7,11
1616534543073,32.86713179106421,-117.24945556136105,45.37588201998796,44,69,11,11
1616534543192,32.8671466718857,-117.24945180116994,45.59354022418493,40,65,10,11
1616534543327,32.86716163433118,-117.249448008686,45.81943525761127,36,61,11,11
1616534543442,32.867176571497865,-117.24944416956751,46.03381601398845,35,59,11,11
1616534543575,32.867191508497505,-117.24944025893177,46.25571139276471,34,58,11,11
1616534543689,32.867206508352034,-117.24943637696485,46.48789873143776,33,56,11,11
1616534543841,32.867221535843036,-117.24943248129581,46.73818170717026,33,56,11,11
1616534544047,32.867281979984135,-117.24941688127961,47.666789091473085,31,52,13,11
1616534544200,32.86729708028019,-117.24941298484927,47.89003198651734,32,53,13,11
1616534544334,32.867312213910395,-117.24940915357796,48.116040794652825,33,53,13,11
1616534544448,32.86732733790656,-117.24940534520223,48.34603240382845,33,52,13,11
1616534544637,32.86734242258837,-117.24940153636418,48.57132854588993,33,52,13,11
1616534544714,32.86735749129879,-117.24939771218033,48.807927988789814,34,53,13,11
1616534544868,32.86740262197848,-117.24938649667904,49.506198293594665,34,52,13,11
1616534544991,32.8674175901441,-117.24938282714528,49.72909644173509,33,52,14,11
1616534545084,32.867432564142966,-117.24937915191782,49.96625573801967,33,51,13,11
1616534545233,32.86744750045127,-117.24937549355228,50.197156003475776,32,50,13,11
1616534545364,32.86746237337632,-117.24937185706976,50.420674840129514,31,49,13,11
1616534545485,32.86747718871143,-117.24936824567615,50.65165488151462,31,49,13,11
1616534545616,32.86749193894425,-117.2493646297859,50.885526305723424,31,49,13,11
