1612485867532,32.86121146728145,-117.24322627771456,58.685268032742414,222,179,10,11
1612485867616,32.86122719346319,-117.24321212698312,58.774462891652426,229,181,9,11
1612485867720,32.8612431405233,-117.24319821662611,58.86399204868765,236,184,9,11
1612485867817,32.86125763601666,-117.24318590489376,58.930772853917105,243,186,9,11
1612485867938,32.86127392220038,-117.24317247414002,58.99916601101875,250,188,9,11
1612485868020,32.861290430977874,-117.24315933394563,59.07601475058498,257,190,9,11
1612485868107,32.86130713353882,-117.24314644734976,59.15937421779981,265,192,9,11
1612485868188,32.86132402579963,-117.2431338211407,59.24547817684327,272,195,9,11
1612485868290,32.86134109939048,-117.24312146592322,59.32894073718687,280,197,10,11
1612485868455,32.861356629909395,-117.24311057119507,59.406029717442145,287,199,9,11
1612485868540,32.861374069679705,-117.24309872946598,59.49145802457305,295,202,9,11
1612485868620,32.86139167854382,-117.24308717426356,59.56756937131921,303,204,9,11
1612485868721,32.86140946795007,-117.24307591571177,59.64099244925549,311,207,9,11
1612485868813,32.861427441747075,-117.24306498851831,59.71350449958938,320,209,9,11
1612485868915,32.861445632610284,-117.24305438723655,59.79735796432554,328,212,9,11
1612485868996,32.86146214229658,-117.24304510004181,59.86785848258167,336,214,9,11
1612485869075,32.86148063335827,-117.2430350586465,59.939239585606416,344,217,9,11
1612485869246,32.86149931340237,-117.24302533952394,60.015239504318636,353,219,9,11
1612485869335,32.86151817478518,-117.24301595616951,60.09395563850529,362,222,9,11
1612485869494,32.861537215818075,-117.24300691564494,60.16978448243353,371,225,10,11
1612485869576,32.86155642140252,-117.2429982155105,60.24151404943305,380,227,10,11
1612485869654,32.86157383962591,-117.24299067733027,60.30357511176157,389,230,10,11
1612485869765,32.86159335168874,-117.24298263616338,60.37458819097254,398,233,10,11
1612485869867,32.8616130136778,-117.24297494566301,60.446202314837656,407,235,10,11
1612485869972,32.86163281758907,-117.24296760389478,60.520052919084584,417,238,10,11
1612485870053,32.86165278633795,-117.24296061740966,60.60201152721241,427,241,9,11
1612485870134,32.861672895809726,-117.2429539740407,60.68137154033469,437,244,9,11
1612485870216,32.86169108380261,-117.24294827999407,60.742276068466275,446,246,9,11
1612485870312,32.861711428245776,-117.24294226076393,60.81292809761504,456,249,9,11
1612485870473,32.86173188691429,-117.24293658648203,60.8818350805867,466,252,9,11
1612485870559,32.86175243900275,-117.24293125385368,60.94568646534805,476,255,12,11
1612485870642,32.86177313921245,-117.24292629859536,61.02704083147052,487,258,11,11
1612485870752,32.861793937612454,-117.24292164396641,61.107143345353954,498,261,11,11
1612485870851,32.86181272718989,-117.24291772762174,61.172180105850124,507,264,11,11
1612485870970,32.86183370167804,-117.24291370315456,61.245100804649844,518,267,11,11
1612485871068,32.86185476652773,-117.24291001721372,61.31758761867487,529,270,11,11
1612485871147,32.86187588891698,-117.24290660036004,61.38567862510062,540,273,10,11
1612485871285,32.861897085715555,-117.24290343230413,61.46294181978038,551,277,10,11
1612485871378,32.861918378729534,-117.2429005557927,61.5534255508372,562,280,10,11
1612485871541,32.86193758955777,-117.24289821080043,61.62793135508383,573,283,10,11
1612485871622,32.86195899292384,-117.24289589541517,61.70557266322612,584,286,11,11
1612485871709,32.86198043874149,-117.24289388297923,61.775923025978344,596,289,12,11
1612485871832,32.86200192628722,-117.2428921790052,61.84549623172875,607,292,12,11
1612485871914,32.862023439721646,-117.24289077321357,61.91251807091868,619,296,11,11
1612485872014,32.86204498256846,-117.24288968740815,61.9838560044329,631,299,11,11
1612485872095,32.86206439759088,-117.2428889785089,62.053478914004856,642,302,11,11
1612485872197,32.86208599230416,-117.24288850847843,62.13361862954299,654,305,11,11
1612485872293,32.86210761923937,-117.24288836243103,62.21727249537804,666,309,11,11
1612485872382,32.86212924255907,-117.24288852279136,62.29260221527003,679,312,10,11
1612485872543,32.86215087850236,-117.24288900020677,62.37025869903786,691,316,10,11
1612485872624,32.862172529381056,-117.2428897974859,62.45324782691565,704,319,10,11
1612485872708,32.86219200681863,-117.24289080932785,62.52513540374194,715,322,11,11
1612485872827,32.86221365751495,-117.24289228889985,62.60935014888941,728,326,13,11
1612485872916,32.86223531483928,-117.24289413804361,62.695953119523956,741,330,13,11
1612485873019,32.86225695001278,-117.24289634804356,62.772771726723285,754,333,13,11
1612485873100,32.862278574498525,-117.24289896185904,62.85058333989319,767,337,13,11
1612485873187,32.86230016913947,-117.2429019566636,62.92428031448569,780,340,13,11
1612485873334,32.86231958720912,-117.2429049862144,62.994234127264995,792,344,13,11
1612485873478,32.86234116490749,-117.24290872236205,63.07939853091625,806,347,13,11
1612485873592,32.862362716965606,-117.24291277684233,63.152801801468414,819,351,13,11
1612485873677,32.8623842340709,-117.24291716301107,63.21385165778282,833,355,13,11
1612485873761,32.86240572605291,-117.24292186504799,63.27408079936199,847,359,13,11
1612485873888,32.862427208510105,-117.2429267909323,63.33702847351188,861,363,13,11
1612485873969,32.86244655322725,-117.24293135202404,63.39980572354324,873,366,13,11
1612485874076,32.8624680496342,-117.2429364984896,63.46582004224485,887,370,13,11
1612485874173,32.86248956354187,-117.24294172971149,63.53477019378009,902,374,13,11
1612485874254,32.86251110266537,-117.24294706653139,63.60588999941441,916,378,13,11
1612485874333,32.86253265296768,-117.24295252645045,63.67137293939627,930,382,13,11
1612485874425,32.86255420224614,-117.24295810897962,63.72997834606037,945,385,13,11
1612485874587,32.86257358202499,-117.2429632185874,63.778497902150946,958,389,13,11
1612485874670,32.86259515428081,-117.24296897941514,63.8537139732278,972,393,13,11
1612485874757,32.86261679002456,-117.24297472598334,63.94062694549903,987,397,13,11
1612485874887,32.86263846048415,-117.24298040784582,64.01514293156806,1002,401,13,11
1612485874975,32.86266016991132,-117.24298599444771,64.07920048506216,1017,405,13,11
1612485875077,32.86268192950722,-117.24299149693832,64.14813235672433,1032,409,14,11
1612485875158,32.86270155595353,-117.24299640592486,64.22148228857186,1045,413,14,11
1612485875243,32.86272341910781,-117.24300187226895,64.32134401523166,1061,417,14,11
1612485875429,32.86281118963385,-117.24302377532089,64.7486857005333,1122,433,14,11
1612485875525,32.86283099299675,-117.24302871457168,64.87332241827374,1136,437,14,11
1612485875653,32.86285304840244,-117.2430341878791,65.03305493360834,1152,441,14,11
1612485875736,32.86287513842636,-117.24303963258889,65.19263676645352,1168,445,13,11
1612485875845,32.86289726310185,-117.24304503496586,65.34338108400479,1184,449,13,11
1612485875930,32.86291939426542,-117.24305037661387,65.47431133583811,1200,453,13,11
1612485876028,32.86294155457603,-117.24305565140745,65.60157732289933,1216,458,13,11
1612485876132,32.8629615091747,-117.24306033804866,65.71040681112935,1230,461,13,11
1612485876234,32.86298368429402,-117.24306551173002,65.82916093723682,1247,466,13,11
1612485876336,32.862939364719495,-117.24300542110352,67.84868521072464,347,384,13,11
1612485876480,32.86295643119632,-117.2430050211859,68.23024021828432,253,345,13,11
1612485876561,32.86297602366587,-117.24300759378082,68.51119651760261,209,317,13,11
1612485876698,32.86299630369507,-117.24301095944651,68.74183215263668,183,295,13,11
1612485876778,32.86301685942794,-117.24301471752483,68.94125485704795,165,277,13,11
1612485876881,32.863037515906676,-117.24301863121404,69.14185232585241,152,263,13,11
1612485876962,32.86305826440459,-117.24302265882936,69.34641720051927,142,250,13,11
1612485877046,32.86307909967084,-117.24302678981553,69.53808700271789,134,240,13,11
1612485877184,32.86309997676826,-117.24303098747015,69.72286961787998,127,231,13,11
1612485877283,32.86312089853622,-117.24303523436777,69.9106359032594,122,223,13,11
1612485877383,32.863141854814,-117.24303948907142,70.0948924921818,117,215,13,11
1612485877471,32.863162854819414,-117.24304372093077,70.27486032388438,113,209,13,11
1612485877553,32.86318391500269,-117.24304791431128,70.45618199345162,110,203,13,11
1612485877671,32.86320500213272,-117.24305206595251,70.62544724115727,107,198,13,11
