1632424287581,32.70988728109046,-117.09909879948272,-2.756122851259417,63,158,13,11
1632424287889,32.709981608545405,-117.09918842228913,-2.6177839747042753,59,152,14,11
1632424288054,32.71000498943631,-117.09921055660539,-2.578887980796455,58,151,14,11
1632424288167,32.71002827646524,-117.09923263269877,-2.5426755622643946,58,150,14,11
1632424288283,32.71005149188072,-117.09925462101877,-2.4998953302514377,58,149,14,11
1632424288397,32.710074583905396,-117.09927653277597,-2.461870114737448,57,149,14,11
1632424288524,32.71009760238917,-117.09929836481501,-2.424052911831697,57,147,14,11
1632424288658,32.71012052467369,-117.0993201223566,-2.3858380939881143,57,146,14,11
1632424288936,32.7102113013374,-117.09940624903899,-2.235242981773114,57,143,14,11
1632424289068,32.71023376954542,-117.09942754971169,-2.200909723231471,57,142,13,11
1632424289181,32.71025614172788,-117.09944876832554,-2.164796443682108,57,141,13,11
1632424289293,32.71027841912065,-117.0994699040936,-2.1292613206070494,57,141,13,11
1632424289411,32.71030061382446,-117.09949095383233,-2.0917472094493186,58,141,13,11
1632424289524,32.710322714308106,-117.0995119002095,-2.059456556461952,58,141,13,11
1632424289661,32.71038852161844,-117.09957417731364,-1.9605745807992805,60,140,13,11
1632424289764,32.71041032020414,-117.09959475068845,-1.9301715746261685,60,140,13,11
1632424289927,32.71043202633563,-117.09961530776823,-1.892297056755285,59,139,13,11
1632424290100,32.710453720713936,-117.09963578722478,-1.8597770272614804,60,139,13,11
1632424290224,32.71047532089215,-117.09965624016458,-1.8248604492216813,59,139,13,11
1632424290303,32.71049685587452,-117.09967663503775,-1.793570594375272,59,139,14,11
1632424290459,32.710518411542225,-117.0996969995465,-1.761915049382846,58,138,14,11
1632424290714,32.71060430455899,-117.09977811590767,-1.6264070747975612,55,135,14,11
1632424290804,32.710625745756936,-117.09979828609238,-1.5918233641774306,55,135,14,11
1632424290970,32.710647190361165,-117.09981842712891,-1.5601996342580116,54,134,14,11
1632424291135,32.71066859181236,-117.09983856182019,-1.5239450969768846,53,132,14,11
1632424291247,32.71069002448217,-117.0998586449699,-1.4917659215779537,52,130,14,11
1632424291536,32.71077556216528,-117.0999389755721,-1.3648139589853994,49,125,13,11
1632424291714,32.71079699654443,-117.09995908183059,-1.3393258364224994,49,125,13,11
1632424291827,32.71081840951218,-117.09997914062035,-1.3206988237093134,49,126,13,11
1632424291930,32.7108397766326,-117.09999924706263,-1.3003330795481438,50,126,12,11
1632424292184,32.71092537434467,-117.10007968944657,-1.2052933107393635,50,126,13,11
1632424292298,32.710946746076154,-117.10009986854486,-1.173950669941429,49,124,13,11
1632424292413,32.71096807848528,-117.10012004738076,-1.148132312205989,49,123,13,11
1632424292592,32.710989428291,-117.1001402969537,-1.1255080284445085,49,122,13,11
1632424292704,32.71101073199855,-117.10016054854442,-1.1049057891118164,48,122,13,11
1632424292818,32.71103200095517,-117.1001807916417,-1.0851626297288477,48,121,13,11
1632424292908,32.7110532786123,-117.10020105210059,-1.0596768392490183,48,121,14,11
1632424293167,32.711138527756844,-117.10028214073516,-0.9472221097479153,48,119,13,11
1632424293316,32.71115983302577,-117.10030237553076,-0.9190406244634519,48,119,13,11
1632424293480,32.71118112137725,-117.10032262475528,-0.8907279043985945,47,118,13,11
1632424293610,32.71120243057522,-117.10034286489297,-0.8580201388339197,47,117,13,11
1632424293777,32.711223713432375,-117.10036314168539,-0.8278448494989229,47,117,13,11
1632424294008,32.71130826614325,-117.10044369156293,-0.7353214704389682,49,119,9,11
1632424294124,32.711329187592824,-117.10046363803481,-0.702057693907344,48,117,8,11
1632424294215,32.71135005530583,-117.10048352019946,-0.6772974847436193,48,117,6,11
1632424294387,32.71137086782858,-117.10050334439829,-0.6617752022638321,50,118,0,13
1632424294649,32.71145345807024,-117.10058204807424,-0.6160628136769053,56,124,0,13
1632424294794,32.71147395712281,-117.1006015558188,-0.608598199080471,58,125,0,13
1632424294893,32.711494405825285,-117.10062100139278,-0.5980672196804426,60,127,0,13
1632424295008,32.711514789598716,-117.100640373891,-0.5918595526947332,62,129,0,13
1632424295153,32.711535123647636,-117.10065967637831,-0.5844932034036258,64,130,0,13
1632424295271,32.711555396032395,-117.10067890954927,-0.5791375188309608,66,132,0,13
1632424295386,32.711575608529074,-117.10069807503974,-0.5741500349900995,68,134,0,13
1632424295507,32.711635900723365,-117.10075516077724,-0.5479704618364453,74,139,0,13
1632424295691,32.71165589707085,-117.10077403903416,-0.5344182105474744,77,141,0,13
1632424295842,32.711675840701716,-117.10079283196285,-0.523816374020388,79,143,0,13
1632424295997,32.711695751400754,-117.10081154466907,-0.5121670991571247,82,144,0,13
1632424296112,32.71171564398819,-117.1008301895439,-0.49860492045921234,84,146,0,13
1632424296215,32.71173551926658,-117.10084876782236,-0.48984571268445565,87,148,0,13
1632424296361,32.71175540398202,-117.10086727496163,-0.4820628057131475,90,150,0,13
1632424296568,32.71183546949341,-117.10094028335442,-0.45194121082145966,101,158,0,13
1632424296742,32.71185567036306,-117.10095825302396,-0.44250815105386,104,160,0,13
1632424296871,32.711875928187425,-117.10097612786701,-0.4342455467003451,107,162,0,13
1632424296997,32.711895399396745,-117.10099318834838,-0.4181790677858646,110,164,12,11
1632424297166,32.71191661685892,-117.10101164626377,-0.4080149586233942,113,166,13,11
1632424297277,32.711937024296816,-117.10102930482219,-0.39506050602254705,116,168,13,11
1632424297511,32.71201928839909,-117.10109916121462,-0.3294771187327392,122,175,13,11
1632424297692,32.712040019413884,-117.10111648094939,-0.3025952175356117,123,177,13,11
1632424297805,32.71206077564622,-117.1011337106655,-0.281951089099926,123,179,13,11
1632424297938,32.7120816197177,-117.10115087996274,-0.2574508465282542,123,180,13,11
