1612316324367,32.85130102076434,-117.03722865767388,99.8949988378019,78,121,15,11
1612316324492,32.851306203638,-117.03726332294771,100.0309611492887,78,121,15,11
1612316324631,32.851326973117736,-117.03740153589868,100.51364813928053,78,121,15,11
1612316324749,32.85133211210591,-117.03743596610853,100.65940713299993,78,121,15,11
1612316324862,32.851337298692435,-117.03747040376749,100.8046680399585,78,121,15,11
1612316324958,32.8513424565276,-117.03750475347726,100.9200124373055,78,121,15,11
1612316325050,32.85134761601219,-117.03753917757943,101.01789783953217,78,121,15,11
1612316325145,32.85135280107094,-117.0375734102314,101.11818336929488,78,121,15,11
1612316325272,32.851358047779684,-117.03760763350985,101.22220082207015,78,121,15,11
1612316325376,32.85136331185998,-117.03764179418837,101.31572216055481,78,121,15,11
1612316325528,32.851368573573374,-117.03767591723425,101.41058719291559,78,121,15,11
1612316325684,32.85137385526103,-117.0377100409903,101.51006671458659,78,121,15,11
1612316325753,32.851379158756394,-117.03774430683985,101.60075383120973,78,121,15,11
1612316325844,32.85138442751106,-117.0377783913084,101.6814220198763,78,121,15,11
1612316325937,32.851389659939706,-117.03781244926222,101.76676876191274,78,121,15,11
1612316326029,32.85139489676754,-117.03784652419913,101.87619872705866,78,121,15,11
1612316326110,32.851400156503765,-117.03788065641591,102.00883463035277,78,121,15,11
1612316326189,32.85140539607446,-117.03791483588043,102.1352170783839,78,121,15,11
1612316326310,32.851410619515974,-117.03794915068532,102.24367921408799,78,120,15,11
1612316326431,32.85141583740285,-117.03798333607594,102.36564665726416,78,121,15,11
1612316326529,32.851421076454436,-117.03801757174153,102.49191056967,78,121,15,11
1612316326611,32.85142631060473,-117.03805183577626,102.61843841147201,78,121,15,11
1612316326695,32.85143151921027,-117.03808612123866,102.74753723763294,78,121,15,11
1612316326846,32.85143672075934,-117.03812047906176,102.8923623443448,78,121,15,11
1612316326939,32.85144194775116,-117.03815504816477,103.0280452927211,78,120,15,11
1612316327031,32.851447148611975,-117.03818944617791,103.15894649543444,78,120,15,11
1612316327112,32.85145236238008,-117.03822387490968,103.28819808078015,78,120,15,11
1612316327193,32.85145758373264,-117.03825832433995,103.42395349313074,78,121,15,11
1612316327313,32.85146281562852,-117.03829283196681,103.57425330753011,78,121,15,11
1612316327452,32.85146803874474,-117.03832743206183,103.72877956539249,78,121,15,11
1612316327613,32.85147328101209,-117.03836228533342,103.85972537637532,78,120,15,11
1612316327706,32.851478481337374,-117.03839691229325,103.961627376842,78,120,15,11
1612316327787,32.851483719958225,-117.0384315544202,104.06815874277751,78,120,15,11
1612316327953,32.85148900283863,-117.03846626032559,104.198179421594,78,120,15,11
1612316328047,32.85149431316886,-117.03850104511456,104.33583221089036,78,121,15,11
1612316328138,32.85149960006038,-117.03853584228435,104.45973454349013,78,121,15,11
1612316328219,32.8515049245983,-117.03857091575865,104.58609008845684,78,120,15,11
1612316328300,32.85151023221087,-117.03860580088232,104.71495550054546,78,120,15,11
1612316328429,32.85151554585451,-117.0386407336504,104.83719767625266,78,120,15,11
1612316328531,32.85152084560421,-117.03867569454549,104.9518216984574,78,120,15,11
1612316328615,32.85152613720242,-117.03871065387328,105.06081002925761,78,120,15,11
1612316328729,32.85153144832207,-117.03874558940599,105.18088189194468,78,121,15,11
1612316328806,32.85153682160244,-117.03878085901579,105.32340202412871,78,120,15,11
1612316328958,32.85154214164391,-117.03881581526781,105.43899623390912,78,120,15,11
1612316329052,32.8515474477198,-117.03885071216818,105.54535770175376,78,120,15,11
1612316329154,32.851552771766926,-117.03888562372597,105.6836408567914,78,120,15,11
1612316329237,32.85155804933435,-117.03892056086008,105.84956241865844,78,120,15,11
1612316329316,32.85156332105232,-117.0389555000642,106.01794229410922,78,120,15,11
1612316329441,32.85156861452257,-117.03899069792311,106.1810414749145,78,120,15,11
1612316329559,32.8515738415935,-117.039025621582,106.34369131949548,78,120,15,11
1612316329699,32.85157904187402,-117.0390605526029,106.50219043951039,78,120,15,11
1612316329794,32.85158420758719,-117.03909549615518,106.65039571550996,78,120,15,11
1612316329864,32.851589341472895,-117.03913042967379,106.79284330100397,78,120,15,11
1612316330017,32.85159444422164,-117.03916535259515,106.9355836484072,78,120,15,11
1612316330113,32.851599581959746,-117.0392005707303,107.09585453954699,78,120,15,11
1612316330205,32.85160467407636,-117.03923549514889,107.26123677261734,78,120,15,11
1612316330288,32.85160974489306,-117.03927040936448,107.41866293139041,78,120,15,11
1612316330367,32.85161480463474,-117.03930530879278,107.56897404347416,78,120,15,11
1612316330539,32.85163516467515,-117.03944516394247,108.17371173739967,78,120,15,11
1612316330639,32.851640137791534,-117.0394800462485,108.33320282261813,78,120,15,11
1612316330749,32.85164511101031,-117.03951493573413,108.49315244864947,78,120,15,11
1612316330864,32.85165008675074,-117.0395498074339,108.64637095046317,78,120,15,11
1612316330963,32.85165504601868,-117.03958467990421,108.79715886250344,78,120,15,11
1612316331047,32.85166000728953,-117.03961989392651,108.95041465097525,78,120,15,11
1612316331150,32.85166488458643,-117.03965476619909,109.10228756339164,78,120,15,11
1612316331284,32.85166973950601,-117.03968964600904,109.25490069465353,78,120,15,11
1612316331380,32.85167457844588,-117.03972452936043,109.40474596462684,78,120,15,11
1612316331531,32.85167941533942,-117.03975942387068,109.56016095077602,78,120,15,11
1612316331674,32.8516842531153,-117.03979435079067,109.71616687644399,78,120,15,11
1612316331762,32.85168905736816,-117.03982928027753,109.86956754822582,78,120,15,11
1612316331857,32.851693867627475,-117.0398642159133,110.0210962403417,78,120,15,11
1612316331950,32.85169870128779,-117.03989917639751,110.17603006735716,78,120,15,11
1612316332044,32.85170353675248,-117.03993416388876,110.33570170241622,78,120,15,11
1612316332125,32.85170838261136,-117.03996914567014,110.4932438001079,78,120,15,11
1612316332201,32.851713238868406,-117.04000415057332,110.64743610037071,78,120,15,11
1612316332328,32.85171808190878,-117.04003918992063,110.81013918514323,78,120,15,11
1612316332440,32.85172292834994,-117.04007424069113,110.97224667815323,78,120,15,11
1612316332524,32.85172778919136,-117.04010929144668,111.13478692667934,78,120,15,11
1612316332609,32.85173266210859,-117.04014435752693,111.2989261188679,78,120,15,11
1612316332761,32.85173755016253,-117.04017944282626,111.46595720742705,78,120,15,11
1612316332853,32.85174239645339,-117.04021451433317,111.63056975350764,78,120,15,11
1612316332944,32.851747241864466,-117.04024959638392,111.79307921635508,78,120,15,11
1612316333044,32.85175210562363,-117.04028466253905,111.9503603612246,78,120,15,11
1612316333127,32.85175698741018,-117.0403197231123,112.10513537251637,78,120,15,11
1612316333209,32.85176188523807,-117.04035477858581,112.26520893146399,78,120,15,11
1612316333329,32.85176679400438,-117.04038982190424,112.42754851824316,78,120,15,11
1612316333444,32.851771668399095,-117.04042482126924,112.58019830719273,78,120,15,11
1612316333587,32.85177654938718,-117.04045980840912,112.728198204224,78,120,15,11
1612316333726,32.85178146617472,-117.04049476974839,112.87428249636022,78,120,15,11
1612316333812,32.85178637765673,-117.04052971389852,113.02037914318842,78,120,15,11
1612316333902,32.851791303549824,-117.04056460918032,113.16034599366978,78,120,15,11
1612316333993,32.851796224195276,-117.04059947359907,113.29821515544452,78,120,15,11
1612316334087,32.85180111754983,-117.0406343040389,113.44126374339696,77,120,15,11
1612316334166,32.85180600842671,-117.04066909598181,113.59021288867277,77,120,15,11
1612316334262,32.85181087839622,-117.04070385368414,113.74051448478144,77,120,15,11
1612316334401,32.85181572755018,-117.0407385664422,113.88826648511495,78,120,15,11
1612316334505,32.85182056902046,-117.04077324673334,114.03887462107727,78,120,15,11
