1610060206903,32.75354503717691,-117.2499698324198,-31.956233372668226,84,123,15,11
1610060207052,32.753540859080914,-117.24998289738174,-31.960415042545723,84,123,15,11
1610060207133,32.75353663483767,-117.24999601685269,-31.962202009180114,84,123,15,11
1610060207219,32.75353248919793,-117.25000904147005,-31.961456810972567,84,123,15,11
1610060207292,32.75352833361721,-117.25002203004469,-31.958365033067604,83,123,15,11
1610060207412,32.75352418642682,-117.25003494438947,-31.961388604343423,83,123,15,11
1610060207563,32.75352006386474,-117.2500478314562,-31.96612687831937,83,123,15,11
1610060207661,32.75351594135179,-117.25006066156988,-31.96714646504052,83,122,15,11
1610060207748,32.75351183611539,-117.25007353982717,-31.96859826128666,82,122,15,11
1610060207872,32.75350776063482,-117.25008627543359,-31.96441998981548,82,122,15,11
1610060207964,32.75350368214136,-117.25009894059552,-31.956255359615394,82,122,15,11
1610060208118,32.753499648338625,-117.25011148411951,-31.96043548283266,82,122,15,11
1610060208201,32.75349561583576,-117.25012393708147,-31.96823718688599,82,122,15,11
1610060208339,32.75349162501196,-117.25013633899806,-31.965263305707037,81,122,15,11
1610060208422,32.753487639149114,-117.25014875096278,-31.962524508913447,81,122,15,11
1610060208522,32.75348371937404,-117.25016095824444,-31.960883483844135,81,122,15,11
1610060208667,32.753479810884166,-117.2501730709136,-31.960484109293848,81,122,15,11
1610060208758,32.753475942857136,-117.2501850913012,-31.95840890747643,81,122,15,11
1610060208892,32.75346081863049,-117.25023210014626,-31.949475428527798,80,122,15,11
1610060208991,32.75345714626942,-117.2502435071682,-31.947288845760323,80,122,15,11
1610060209080,32.75345350079499,-117.25025477095788,-31.943881062739052,80,122,15,11
1610060209179,32.753449903163954,-117.2502658907556,-31.94212347496307,80,122,15,11
1610060209322,32.75344634916259,-117.25027688330653,-31.939595167145907,80,122,15,11
1610060209467,32.75344282198227,-117.2502878075127,-31.936674147908693,80,122,15,11
1610060209554,32.753439375260434,-117.25029851295265,-31.93047548179029,79,122,15,11
1610060209645,32.75343595049955,-117.25030909485736,-31.924190980060438,79,122,15,11
1610060209731,32.753432572816884,-117.2503195382104,-31.916725765198816,80,122,15,11
1610060209834,32.75342924336738,-117.25032988439749,-31.912884986857367,80,122,15,11
1610060209981,32.75342594907844,-117.25034016226356,-31.909341782781095,80,122,15,11
1610060210062,32.75342266012707,-117.25035049425664,-31.907215598522217,80,122,15,11
1610060210203,32.75341939747187,-117.25036068491472,-31.903078669005016,80,122,15,11
1610060210285,32.753416150769645,-117.25037083206203,-31.90031089770956,80,122,15,11
1610060210385,32.75341296101776,-117.25038094553734,-31.898764117176533,80,122,15,11
1610060210532,32.75340974918139,-117.25039101389486,-31.894952447488407,80,122,15,11
1610060210624,32.7534065422457,-117.25040104386505,-31.888854450633968,80,122,15,11
1610060210711,32.753403351661014,-117.25041111951438,-31.87782607067976,79,122,15,11
1610060210799,32.75340020427127,-117.2504210764705,-31.86915142985724,79,122,15,11
1610060210905,32.75339706800745,-117.25043100067408,-31.858779961136833,79,122,15,11
1610060210986,32.753393922486886,-117.25044088998087,-31.848196483305006,79,122,15,11
1610060211142,32.753390820943714,-117.25045075907086,-31.840450458899515,79,122,15,11
1610060211222,32.75338769665819,-117.25046060178524,-31.835100154425618,79,122,15,11
1610060211310,32.75338456586572,-117.25047046128326,-31.83292085398281,79,121,15,11
1610060211412,32.75338145044908,-117.2504802538145,-31.82798169426215,79,121,15,11
1610060211560,32.75337833682186,-117.25049004854134,-31.82020226417005,79,121,15,11
1610060211652,32.753375235223764,-117.25049982293959,-31.810655223172787,79,121,15,11
1610060211733,32.753372152250705,-117.25050958999203,-31.80177437157638,79,121,15,11
1610060211815,32.75336905908522,-117.25051933338686,-31.79619303304079,79,121,15,11
1610060211919,32.7533659363819,-117.25052914286607,-31.78966618393548,79,121,15,11
1610060212000,32.753362837645916,-117.25053886024519,-31.782063617763207,79,121,15,11
1610060212148,32.75335975515284,-117.2505485690856,-31.773512176381708,79,121,15,11
1610060212284,32.75335668543021,-117.25055827364937,-31.767201111051435,79,121,15,11
1610060212357,32.75335358696882,-117.25056796375777,-31.75823326541896,79,121,15,11
1610060212469,32.75335050851159,-117.2505776581017,-31.748483208694598,79,121,15,11
1610060212615,32.753347433899684,-117.2505874167777,-31.74035911124325,79,121,15,11
1610060212706,32.75334437920997,-117.25059707276748,-31.736320136238415,79,121,15,11
1610060212798,32.75334131874624,-117.25060672186244,-31.73399897411302,79,121,15,11
1610060212892,32.75333825859359,-117.25061637042941,-31.731113064419734,79,121,15,11
1610060212992,32.753335230413654,-117.2506260306241,-31.727306324561567,79,121,15,11
1610060213063,32.75333220498825,-117.25063565493188,-31.726724268086354,79,121,15,11
1610060213221,32.75332915096089,-117.2506453318797,-31.723136898208278,79,121,15,11
1610060213309,32.753326127378386,-117.25065493591498,-31.72170112757152,79,121,15,11
1610060213380,32.75332310240502,-117.25066453342315,-31.71438101153775,79,121,15,11
1610060213496,32.75332009641369,-117.25067412385945,-31.705744794092144,79,121,15,11
1610060213637,32.75331711300066,-117.2506836954227,-31.698758801629435,79,121,15,11
1610060213729,32.753314126285176,-117.25069324659084,-31.690274429991952,79,121,15,11
1610060213810,32.75331113184141,-117.25070282795816,-31.680001148294163,79,121,15,11
1610060213914,32.753308161390265,-117.25071233296168,-31.66759474871013,79,121,15,11
1610060214093,32.75329647027322,-117.25074966662255,-31.625514997571397,79,121,15,11
1610060214180,32.753293586560574,-117.25075879282697,-31.623241946391857,79,121,15,11
1610060214295,32.75329075605755,-117.25076777959717,-31.614873278118033,79,121,15,11
1610060214457,32.75328791036884,-117.25077666354277,-31.60506457911008,79,121,15,11
1610060214563,32.75328508722368,-117.2507854392955,-31.59923366694782,79,121,15,11
1610060214643,32.75328229343447,-117.25079408986426,-31.590214951917837,79,121,15,11
1610060214729,32.75327952135645,-117.2508026153068,-31.587005096435718,79,121,15,11
1610060214832,32.753276682392766,-117.25081101877058,-31.593277141973726,79,121,15,11
1610060214912,32.75327385062163,-117.2508192676368,-31.591879683499496,79,121,15,11
1610060215062,32.75327102954228,-117.2508274163019,-31.58974005104624,79,121,15,11
1610060215142,32.75326819585154,-117.25083544404431,-31.587630936540233,79,121,15,11
1610060215214,32.75326531098065,-117.25084337012363,-31.583086556605444,79,121,15,11
1610060215333,32.75326238302989,-117.25085120905462,-31.577923046022942,79,121,15,11
1610060215476,32.753259395145825,-117.25085902171415,-31.572870304014703,79,121,15,11
1610060215568,32.753256345843134,-117.25086673398184,-31.563814056171964,79,121,15,11
1610060215649,32.75325322220359,-117.25087440841429,-31.555431332110945,79,121,15,11
1610060215732,32.7532499675007,-117.250881967187,-31.54874167777536,79,121,15,11
1610060215838,32.75324664068393,-117.25088946190502,-31.54341069112207,79,121,15,11
1610060215919,32.753243239513694,-117.25089689765781,-31.542597726181924,79,121,15,11
1610060215990,32.753239728542226,-117.25090430423987,-31.54264922837169,78,121,15,11
1610060216207,32.75323608365228,-117.25091156105493,-31.545124013076045,78,121,15,11
1610060216288,32.75323236168195,-117.25091879174268,-31.54460803919175,78,121,15,11
1610060216399,32.75322853555659,-117.25092602508016,-31.54261264622133,78,121,15,11
1610060216537,32.75322456859645,-117.25093319197717,-31.548704604192018,78,121,15,11
1610060216641,32.75322044128256,-117.25094026772837,-31.551736376506803,79,121,15,11
1610060216722,32.753216186748034,-117.2509472929761,-31.556506756877155,79,121,15,11
1610060216807,32.75321183275318,-117.250954277122,-31.56959170519243,79,121,15,11
1610060216913,32.75320732347602,-117.25096117532871,-31.583058401818892,79,121,15,11
1610060216994,32.75320269040659,-117.25096797207169,-31.601755878340622,79,121,15,11
1610060217081,32.7531979179253,-117.25097471339838,-31.616763483109363,80,121,15,11
