1616368076657,32.86234107441826,-117.21129522722025,45.31028143777216,67,124,12,11
1616368076803,32.86235740327057,-117.21131264250282,45.39737136009212,67,124,12,11
1616368076916,32.862373776022295,-117.21132996338889,45.48841638216518,68,124,12,11
1616368077037,32.86239022122538,-117.21134728815937,45.58462704806427,68,125,12,11
1616368077173,32.862406729957705,-117.21136464886008,45.69280208499143,68,125,11,11
1616368077285,32.862423309477144,-117.21138185179318,45.789651987523094,68,125,11,11
1616368077405,32.86243997596608,-117.21139901219175,45.88546795401026,67,125,11,11
1616368077522,32.86245674471242,-117.21141606212065,45.983896115518434,66,124,11,11
1616368077773,32.86252416212261,-117.21148345236394,46.37640880284299,62,119,11,11
1616368077886,32.86254108645181,-117.21150009837511,46.47280724353231,62,119,11,11
1616368078004,32.86255808375775,-117.21151671086125,46.57208415020359,62,119,11,11
1616368078138,32.86257505934211,-117.21153315891185,46.671259169711035,61,118,11,11
1616368078248,32.862592035018366,-117.21154950060084,46.77109189812294,61,119,11,11
1616368078422,32.862609049833736,-117.21156581415329,46.87750765967845,61,119,11,11
1616368078536,32.86262603797632,-117.21158198054319,46.97344454720978,61,118,11,11
1616368078685,32.86267716029645,-117.21163016639046,47.27672136450698,59,116,11,11
1616368078801,32.86269421715868,-117.21164603287778,47.37924271347864,59,115,11,11
1616368078914,32.86271132419329,-117.21166175471602,47.48088401723936,58,115,11,11
1616368079041,32.86272842884276,-117.2116773400143,47.57324087727657,58,114,11,11
1616368079173,32.86274557914363,-117.21169278491249,47.672309530880625,57,113,11,11
1616368079283,32.86276280987255,-117.21170819097607,47.78077672775822,56,112,11,11
1616368079398,32.86278000406615,-117.21172343937323,47.89380320033222,56,111,11,11
1616368079510,32.86279721179489,-117.21173853452187,48.00269711891315,56,111,11,11
1616368079626,32.862814453992634,-117.21175350576851,48.1147007061647,56,110,11,11
1616368079750,32.86286646823891,-117.21179763249052,48.43155871970684,56,109,12,11
1616368079863,32.86288384756811,-117.2118120393759,48.51021239137091,56,109,12,11
1616368079980,32.86290126375533,-117.21182630315137,48.59878911584886,57,109,12,11
1616368080115,32.862918714147305,-117.21184042809489,48.69495697291045,58,110,12,11
1616368080228,32.862936169780326,-117.21185443278542,48.78824266210158,58,110,11,11
1616368080402,32.862953638134144,-117.21186829849566,48.88038240339999,59,111,11,11
1616368080519,32.862971085847825,-117.21188206401723,48.972954781389774,60,110,11,11
1616368080771,32.86304068624021,-117.21193590232213,49.334163854660396,61,110,11,11
1616368080886,32.863057979367255,-117.21194900781921,49.42823156219111,61,109,11,11
1616368081015,32.86307520393756,-117.21196194256731,49.52188361794572,61,110,11,11
1616368081153,32.86309235488239,-117.21197473043298,49.615659388043134,61,109,10,11
1616368081266,32.863109415847845,-117.21198737692792,49.708936736187354,61,108,10,11
1616368081381,32.86312639145455,-117.21199987336179,49.80098052467289,61,108,10,11
1616368081493,32.863143282740324,-117.21201222877751,49.89224394928208,59,106,9,11
1616368081605,32.863160107443704,-117.2120244405704,49.983395400683264,57,104,9,11
1616368081709,32.86317686429168,-117.21203651064083,50.07332677689027,57,103,9,11
1616368081863,32.86322682139073,-117.21207207864173,50.34095213006458,60,105,9,11
1616368082008,32.8632433865633,-117.2120837836228,50.432505166580064,61,105,10,11
1616368082140,32.86325987799148,-117.21209543606211,50.51762799569052,61,105,9,11
1616368082253,32.8632763015534,-117.21210705707416,50.60060693947124,63,106,9,11
1616368082422,32.863292647033376,-117.21211865510311,50.68247936216414,64,107,9,11
1616368082538,32.86330891396993,-117.21213021831024,50.76366155190749,65,108,9,11
1616368082784,32.863372699454466,-117.21217589360799,51.09217772873075,68,110,9,11
1616368082904,32.86338828844768,-117.21218711102394,51.183439680722785,68,110,9,11
1616368083022,32.863403728612184,-117.21219824151035,51.27852565027582,68,110,9,11
1616368083156,32.863419032778474,-117.21220926463538,51.36920522608875,68,110,8,11
1616368083269,32.8634341656953,-117.21222016848512,51.446616728028495,67,109,8,11
1616368083386,32.86344909852416,-117.21223098889828,51.51613242518743,67,109,8,11
1616368083500,32.86346388081131,-117.21224170254902,51.59525837730418,66,109,7,11
1616368083616,32.86347850577929,-117.2122522803229,51.67717657012104,66,109,7,11
1616368083726,32.86352146505915,-117.21228317908378,51.935903688287084,65,108,8,11
1616368083873,32.86353545704011,-117.21229323386328,52.021900613655895,64,107,8,11
1616368083990,32.8635492999054,-117.21230311078334,52.102360529212824,64,107,8,11
1616368084125,32.863562982487394,-117.21231280871093,52.17763681978434,64,107,8,11
1616368084247,32.86357654033796,-117.21232234811801,52.260270382729935,64,107,10,11
1616368084417,32.8635899218824,-117.2123317720289,52.34561246248369,66,108,10,11
1616368084535,32.8636031213912,-117.21234105134765,52.41940969335238,67,109,10,11
1616368084741,32.86365443696206,-117.21237595125929,52.711964613852686,71,112,10,11
1616368084886,32.86366681148816,-117.212383991368,52.7814077521899,72,113,10,11
1616368084998,32.86367894226095,-117.21239179717853,52.84814186096107,73,114,10,11
1616368085138,32.86369087414518,-117.21239931046988,52.91373556326143,73,114,10,11
1616368085249,32.86370256409721,-117.21240660864802,52.975167870741586,73,114,9,11
1616368085374,32.863714024459206,-117.21241369023002,53.03019827495622,75,115,10,11
1616368085487,32.863725325965355,-117.21242050106869,53.08414515244764,75,116,10,11
1616368085608,32.863736480813884,-117.21242707199943,53.14050204793641,74,115,10,11
1616368085728,32.86376881861935,-117.21244567069652,53.30216146746251,75,116,9,11
1616368085838,32.86377925043622,-117.21245149176546,53.356139542120154,75,116,9,11
1616368085991,32.86378951190375,-117.21245713542335,53.40816250066694,74,117,9,11
1616368086134,32.86379958233524,-117.21246263422682,53.45723685350841,75,117,9,11
1616368086246,32.863809482018254,-117.21246794855807,53.50618482554213,75,117,9,11
1616368086420,32.8638192149255,-117.21247307506273,53.55366544182395,74,117,9,11
1616368086535,32.86382876088468,-117.21247804503687,53.6023743574167,74,117,9,11
1616368086743,32.863865090110814,-117.21249634036597,53.78405492319194,75,118,9,11
