1616700339147,32.76364687975721,-117.19506392693745,-25.755150108958116,30,53,14,11
1616700339262,32.76364639027303,-117.19506631500273,-25.764606259324086,29,53,14,11
1616700339403,32.763645856616705,-117.19506867712768,-25.76940279206355,29,53,14,11
1616700339548,32.76364535537017,-117.19507106838617,-25.773648866313895,29,54,14,11
1616700339650,32.763644897335695,-117.19507343700276,-25.776006199610155,30,54,14,11
1616700339941,32.763643334879525,-117.19508285911012,-25.784929888069318,30,55,14,11
1616700340047,32.763642967290885,-117.19508521879763,-25.787659400293784,30,55,14,11
1616700340172,32.76364262123284,-117.19508757785967,-25.786645440492343,30,56,14,11
1616700340291,32.76364228873631,-117.19508994209598,-25.788173309226092,30,56,14,11
1616700340401,32.76364199476941,-117.19509228356301,-25.795798045570947,31,56,14,11
1616700340607,32.763641715163395,-117.19509460389449,-25.80638301097929,30,56,14,11
1616700340800,32.763641410223194,-117.19509694757868,-25.817485135774287,30,56,14,11
1616700340974,32.76364036129173,-117.19510622239015,-25.77953938121049,29,56,14,11
1616700341113,32.76364015012264,-117.19510853730037,-25.77170841115173,29,55,15,11
1616700341241,32.76364001928688,-117.19511082774551,-25.77076688923323,29,55,15,11
1616700341351,32.76363987332915,-117.19511311391516,-25.765437235719705,29,55,15,11
1616700341471,32.76363972800356,-117.19511541411126,-25.761840132346144,28,55,15,11
1616700341552,32.76363967211716,-117.19511771813359,-25.761170477075474,28,54,15,11
1616700341725,32.76363953656373,-117.19512455831594,-25.75507940902488,27,53,14,11
1616700341918,32.76363956943692,-117.19512683435741,-25.753469053669427,27,53,14,11
1616700342026,32.76363960348163,-117.19512910896674,-25.74971670579108,26,52,14,11
1616700342158,32.763639706597026,-117.19513139050046,-25.74939090191806,26,51,14,11
1616700342287,32.76363978876213,-117.19513362800238,-25.75077673881969,26,51,14,11
1616700342401,32.763639928184304,-117.19513588493264,-25.751964335860063,26,51,14,11
1616700342478,32.76364014119586,-117.19513814358623,-25.75056347647559,26,51,14,11
1616700342524,32.7636406818824,-117.1951426212659,-25.752796214183764,25,50,14,11
1616700342640,32.76364103976955,-117.19514487604884,-25.75553369533146,25,50,14,11
1616700342753,32.76364146902675,-117.19514713057346,-25.75974890166792,25,49,14,11
1616700342890,32.763641919052766,-117.1951494389302,-25.763811631612814,25,49,14,11
1616700343042,32.763642414334285,-117.1951518178722,-25.76782927768271,25,48,14,11
1616700343189,32.763642994727704,-117.19515425351892,-25.771866810239818,25,49,14,11
1616700343312,32.763643660217674,-117.19515673269883,-25.776799749585972,25,49,14,11
1616700343536,32.76364726359073,-117.19516733573033,-25.780416202119678,27,51,14,11
1616700343655,32.76364845321252,-117.19517006084297,-25.77992589130854,28,51,14,11
1616700343767,32.76364975687509,-117.19517282252849,-25.78021640687944,28,52,14,11
1616700343940,32.763651185484406,-117.19517560184529,-25.778411945875824,29,52,14,11
1616700344054,32.763652734112746,-117.19517836343145,-25.777008190389385,29,53,14,11
1616700344188,32.76365440676835,-117.19518110334796,-25.7747481924692,29,53,14,11
1616700344284,32.76365621825412,-117.19518382352781,-25.77354443185413,29,52,14,11
1616700344399,32.7636622540559,-117.19519182595612,-25.78004869896157,28,51,14,11
1616700344680,32.76366446651721,-117.1951944214515,-25.78206245983024,29,52,14,11
1616700344798,32.763666802283204,-117.19519695937528,-25.787555353556055,29,52,14,11
1616700345039,32.76367728883938,-117.19520639858337,-25.80189651527554,29,51,14,11
1616700345132,32.76368022696405,-117.19520856453973,-25.80742277984823,29,51,14,11
1616700345280,32.763683294421355,-117.19521067573741,-25.809101271664048,29,51,14,11
1616700345365,32.763686488869574,-117.19521278007774,-25.815141570355397,29,51,14,11
1616700345572,32.76368981447451,-117.19521483149691,-25.818294405584478,29,51,14,11
1616700345706,32.76369334608421,-117.19521686271503,-25.821509711478527,29,51,14,11
1616700345933,32.7637090149955,-117.19522475799661,-25.858915011048666,30,51,14,11
1616700346069,32.76371335167197,-117.19522685266124,-25.86737405647342,29,50,14,11
1616700346161,32.76371777433631,-117.19522896592639,-25.8773925413566,29,50,14,11
1616700346285,32.76372231458868,-117.19523113203893,-25.88160561477622,29,51,14,11
1616700346398,32.76372701354592,-117.19523336200841,-25.879965477426143,29,50,14,11
1616700346624,32.76374195821122,-117.19524014900534,-25.864429887804555,31,52,14,11
1616700346739,32.763747203397564,-117.19524251353104,-25.845647710002975,31,52,14,11
1616700346884,32.76375257481953,-117.19524488485973,-25.830506625269955,32,53,14,11
1616700347035,32.76375809293286,-117.19524727020686,-25.8206292955174,32,53,14,11
1616700347172,32.76376375069966,-117.19524969096979,-25.816073068946462,32,53,14,11
1616700347268,32.76376951064338,-117.19525216425163,-25.808804086207523,33,54,14,11
1616700347374,32.76378766017892,-117.19525997186456,-25.776404131376314,34,56,12,11
1616700347540,32.763793995861676,-117.1952626866804,-25.767420496112614,35,56,11,11
1616700347663,32.763800473229324,-117.19526545981749,-25.76238098808836,35,56,11,11
1616700347773,32.76380711299041,-117.19526830662832,-25.75861120712659,34,56,11,11
1616700347913,32.763813842952935,-117.19527116278032,-25.757248072091347,34,56,11,11
1616700348061,32.76382073366328,-117.1952740619058,-25.755134711920487,34,56,11,11
1616700348161,32.763827727268755,-117.19527702057148,-25.751836094417186,34,57,11,11
1616700348410,32.763856940389765,-117.1952892446097,-25.75293293455548,36,59,10,11
1616700348606,32.76386456487692,-117.19529245251738,-25.753426108150848,36,59,10,11
1616700348733,32.763872300619454,-117.19529570175963,-25.7581041381298,36,60,10,11
1616700348845,32.76388017936843,-117.19529901311745,-25.76413463331816,36,60,11,11
1616700349071,32.76391283455705,-117.1953128635448,-25.80681113607281,37,62,9,11
1616700349223,32.763921280247835,-117.19531648396115,-25.823956794044317,38,62,8,11
1616700349362,32.76392983817905,-117.1953201557137,-25.840742934776642,38,63,8,11
