1631985085978,32.835212759760424,-116.98297374926729,76.99567895154036,45,95,15,11
1631985086293,32.83521275255246,-116.98297372338442,76.9940001593504,45,95,15,11
1631985086400,32.83521273821108,-116.98297373579813,76.99225464915048,45,95,15,11
1631985086536,32.835212732977766,-116.98297375305485,76.98931730663894,45,95,15,11
1631985086652,32.83521273222855,-116.98297374244416,76.987920398524,45,95,15,11
1631985086762,32.83521273418921,-116.9829737557902,76.987187051935,45,95,15,11
1631985086875,32.83521271404324,-116.98297373094643,76.98715985989001,45,95,15,11
1631985086993,32.835212721270445,-116.98297373271703,76.98635929072663,45,95,15,11
1631985087212,32.83521273226061,-116.98297372108085,76.98352638241262,45,94,15,11
1631985087391,32.83521270951948,-116.98297371815273,76.98140992923605,45,94,15,11
1631985087525,32.835212716391,-116.98297371167203,76.9831465613698,45,94,15,11
1631985087641,32.83521270866586,-116.9829737025986,76.98123234142683,45,94,15,11
1631985087763,32.835212713497704,-116.98297370790853,76.98103359663885,45,94,15,11
1631985087874,32.83521271244257,-116.9829737079217,76.97991826652685,45,93,15,11
1631985088009,32.83521269644469,-116.98297369205697,76.97814848881657,44,93,15,11
1631985088189,32.83521270477677,-116.9829736922847,76.97867684165453,44,93,15,11
1631985088326,32.83521270456842,-116.9829736761131,76.97755050952415,44,93,15,11
1631985088472,32.835212699024424,-116.98297368943214,76.97705985285788,44,93,15,11
1631985088578,32.83521270343833,-116.9829736746331,76.9760159492025,44,92,15,11
1631985088721,32.83521269833942,-116.98297366292428,76.97624086681904,44,92,15,11
1631985088836,32.83521269801024,-116.9829736610826,76.97595308240298,44,92,15,11
1631985089016,32.83521268376178,-116.9829736327105,76.97635095425304,44,93,15,11
1631985089165,32.83521269333027,-116.98297364178264,76.97407202242881,44,93,15,11
1631985089370,32.83521268306989,-116.98297364590609,76.9748540766393,44,93,15,11
1631985089490,32.835212689089886,-116.98297363453844,76.9742421764333,45,93,15,11
1631985089629,32.83521269343397,-116.98297363593852,76.97510048887172,45,93,15,11
1631985089921,32.83521265607773,-116.98297361031042,76.97433688554275,45,93,15,11
1631985090060,32.83521266629209,-116.98297360466212,76.97589921191094,45,93,15,11
1631985090118,32.835212652847574,-116.98297359357669,76.97532503011888,45,93,15,11
1631985090339,32.8352126438351,-116.98297357860605,76.97574559521642,45,93,15,11
1631985090567,32.83521263801562,-116.98297357371708,76.97642898969801,45,93,15,11
1631985090716,32.83521264915374,-116.98297356953098,76.9776378962158,46,94,15,11
1631985090863,32.835212636792974,-116.98297355961219,76.97693887136886,46,94,15,11
1631985091027,32.83521263297441,-116.98297354740015,76.97877242301475,46,94,15,11
1631985091366,32.835212605413375,-116.98297354297974,76.97953578606707,46,94,15,11
1631985091537,32.83521262131102,-116.98297353008445,76.98031949047004,46,94,15,11
1631985091936,32.83521260182225,-116.98297352887164,76.98043519316066,46,94,15,11
1631985092230,32.83521259014115,-116.98297350123799,76.98173709762216,46,95,15,11
1631985092429,32.835212573237115,-116.9829734946906,76.98289646558788,47,95,15,11
1631985092612,32.8352125645551,-116.98297348970338,76.98344315799248,47,95,15,11
1631985092763,32.83521255941547,-116.98297348636754,76.9847543387975,47,95,15,11
1631985093060,32.83521252822159,-116.98297348337246,76.98658135153948,47,96,15,11
1631985093334,32.83521251235472,-116.98297348824636,76.98713670394423,47,97,15,11
1631985093479,32.83521250163937,-116.98297345496847,76.98795975766306,47,97,15,11
1631985093669,32.83521252592032,-116.98297348667911,76.98815860340743,47,97,15,11
1631985093952,32.83521252434844,-116.9829734364726,76.99128063680206,48,98,15,11
1631985094235,32.83521254332109,-116.98297342005034,76.9966448786308,48,98,15,11
1631985094485,32.8352125259898,-116.9829733887008,76.99937120227077,48,99,15,11
1631985094652,32.835212544564406,-116.98297340673686,77.00021110781795,48,99,15,11
1631985094954,32.83521248639545,-116.98297338778198,77.00172039019976,48,99,15,11
1631985095105,32.835212506744405,-116.98297336810626,77.00438120764834,48,99,15,11
1631985095320,32.83521249878305,-116.98297336845802,77.00758362045376,48,99,15,11
1631985095519,32.83521247667901,-116.98297333701704,77.00780260213871,48,99,15,11
1631985095665,32.835212480750414,-116.9829733429585,77.00998915577428,48,99,15,11
1631985095835,32.835212488165745,-116.98297333188755,77.01340220866868,48,99,15,11
1631985096010,32.835212476710154,-116.98297332911268,77.01374709026035,47,99,15,11
1631985096254,32.83521247569408,-116.98297330539015,77.01623524225909,47,99,15,11
