1631981232691,32.87903826755996,-117.22916517309254,62.875268961857145,69,121,11,11
1631981232865,32.878996345070085,-117.22917497604554,62.689737083472906,68,120,10,11
1631981233024,32.878985943607084,-117.22917750246488,62.65147577040669,67,119,10,11
1631981233253,32.87897556723444,-117.22917996288096,62.60669784289832,67,119,10,11
1631981233430,32.87896528544052,-117.22918243094303,62.5628712218812,66,118,10,11
1631981233599,32.87892451963677,-117.22919232589517,62.388750463379864,64,115,11,11
1631981233720,32.87891443274966,-117.22919474544142,62.34719715187086,63,114,11,11
1631981233867,32.87890434910085,-117.22919716520833,62.30586871575388,63,114,11,11
1631981233992,32.87889430447953,-117.22919957323595,62.26302112546885,63,114,11,11
1631981234100,32.878884288448475,-117.22920202612994,62.215812700318715,63,114,11,11
1631981234295,32.87885457747554,-117.22920931953063,62.06930651582405,63,114,11,11
1631981234416,32.8788446903451,-117.22921175573447,62.030361536593254,63,113,11,11
1631981234525,32.87883485281398,-117.2292142331768,61.98794938265135,63,113,11,11
1631981234679,32.878825030215964,-117.22921659372224,61.95983516929595,62,113,11,11
1631981234803,32.878815181510376,-117.22921902962733,61.930324984892344,62,112,11,11
1631981234917,32.878805322316445,-117.22922155660176,61.89118752654876,62,112,11,11
1631981235006,32.87879548084811,-117.22922398204352,61.86082342750646,62,112,11,11
1631981235262,32.8787658292642,-117.229231312785,61.7777511490898,59,109,11,11
1631981235372,32.878755939645735,-117.2292337762153,61.747858199880845,58,107,11,11
1631981235493,32.87874598059237,-117.22923626009863,61.71868353851749,57,106,11,11
1631981235608,32.878735991387536,-117.22923881691771,61.68359271216136,57,106,11,11
1631981235742,32.87872602641998,-117.22924134918314,61.650925859751645,57,106,10,11
1631981235862,32.878716067711224,-117.22924389905998,61.6110094959274,58,106,10,11
1631981235987,32.87870609431536,-117.229246471857,61.570763841004535,58,106,11,11
1631981236214,32.8786659126836,-117.22925688471769,61.42993148786205,61,108,10,11
1631981236326,32.87865591594052,-117.2292594572692,61.38107382668015,62,108,10,11
1631981236443,32.87864581275388,-117.22926215040673,61.358092438865775,63,109,10,11
1631981236557,32.8786356584328,-117.22926481518395,61.35178057357474,63,109,10,11
1631981236697,32.87862553858621,-117.22926746947968,61.33521114259049,62,108,10,11
1631981236824,32.87861545099206,-117.22927018391454,61.3008936802724,62,107,10,11
1631981236935,32.87860542384108,-117.22927279654904,61.262295261567765,62,107,10,11
1631981237269,32.878565064701924,-117.22928359548986,61.159281646267786,63,107,10,11
1631981237378,32.878555034100145,-117.22928626282031,61.129421719765816,63,106,10,11
1631981237492,32.878545048472105,-117.22928893886686,61.09173494224739,63,107,10,11
1631981237605,32.87853503735046,-117.22929158719843,61.06181338291298,63,107,10,11
1631981237740,32.878525019708455,-117.22929429811987,61.039017248310486,63,107,10,11
1631981237864,32.87851500134081,-117.22929696196537,61.02050914581111,64,107,10,11
1631981238096,32.878475278642036,-117.22930754277264,60.92243432127091,63,105,11,11
1631981238240,32.87846544575933,-117.22931010851244,60.90442747240245,64,106,11,11
1631981238359,32.87845559809392,-117.22931277119012,60.8755076541728,64,106,11,11
1631981238472,32.87844572238806,-117.22931533662424,60.849769731308044,65,107,11,11
1631981238589,32.878435944725936,-117.22931785081572,60.84226503379789,66,107,11,11
1631981238730,32.87842612997819,-117.22932037569007,60.83146213384817,66,107,10,11
1631981238849,32.87841644575975,-117.22932289607527,60.8237250021511,67,108,10,11
1631981238964,32.87840673257711,-117.22932542113499,60.817991292043274,67,108,10,11
1631981239100,32.878377786537136,-117.22933288411559,60.769345341579445,69,110,10,11
1631981239276,32.8783682217224,-117.22933538574044,60.76029100465837,71,112,9,11
1631981239388,32.878358565283726,-117.22933761247171,60.75490489732919,72,113,9,11
1631981239501,32.87834899076888,-117.22933991300137,60.739297664656334,72,114,9,11
1631981239611,32.87833958920634,-117.22934242846533,60.74325066043986,73,114,9,11
1631981239760,32.87833010426087,-117.2293447897199,60.73700410930198,74,115,9,11
1631981239877,32.87832060299751,-117.22934703776802,60.73463736730069,75,116,9,11
1631981240007,32.87831116198372,-117.22934942150441,60.7443320563043,74,115,8,11
1631981240057,32.87828301438207,-117.22935628575084,60.72206889528462,71,113,9,11
1631981240236,32.878273674190154,-117.22935852020022,60.711006473231244,71,113,9,11
1631981240357,32.87826437893849,-117.22936076086631,60.695376013697356,71,114,9,11
1631981240474,32.878255045144265,-117.22936287974977,60.683858535346644,71,114,9,11
1631981240590,32.878245909555545,-117.22936508931888,60.656317548083685,72,114,9,11
1631981240723,32.87823685685758,-117.22936728684107,60.63130634928352,71,113,8,11
1631981240838,32.87822776269425,-117.22936958632265,60.637704872283756,71,113,8,11
1631981240976,32.87821858463733,-117.22937180402346,60.67183133637807,71,113,8,11
1631981241055,32.878191247313666,-117.22937859644998,60.778430293021906,69,110,8,11
1631981241282,32.87818225253167,-117.22938077421202,60.79396319972458,68,109,8,11
1631981241396,32.87817325456103,-117.22938292866036,60.80502095910603,67,109,10,11
1631981241506,32.87816426622957,-117.22938505845585,60.82347918476201,67,109,10,11
1631981241627,32.87815528374004,-117.22938721191214,60.838267272691475,68,109,9,11
1631981241729,32.87814638111268,-117.22938939053324,60.84791244726859,68,110,9,11
1631981241875,32.87813752632475,-117.22939162693055,60.851206261426086,69,111,9,11
1631981242056,32.87810230739001,-117.22940036831238,60.87538937627252,70,113,9,11
1631981242261,32.87809360548365,-117.2294025062491,60.88381427327949,68,113,9,11
1631981242339,32.87808493734436,-117.22940464561583,60.894079415251774,68,114,9,11
1631981242487,32.87807628590255,-117.22940675841325,60.91003622781312,70,115,11,11
1631981242601,32.87806768299594,-117.2294088638727,60.92986596654113,70,116,10,11
1631981242737,32.878059112205264,-117.22941102918746,60.95192266526476,69,115,10,11
1631981242851,32.87805054243645,-117.22941315929513,60.972098813994194,68,115,10,11
