1618183096579,32.87125982209965,-117.23379806967871,47.06107163667118,31,46,10,11
1618183096750,32.87126215407596,-117.23379808473187,47.051844632283554,30,46,10,11
1618183096860,32.871264417153846,-117.23379807114091,47.04054684913146,30,46,10,11
1618183096977,32.871266600004034,-117.23379804379094,47.02786599910905,30,46,10,11
1618183097058,32.87126868039133,-117.23379802278895,47.01683835335108,30,46,10,11
1618183097225,32.871270684083484,-117.2337980210711,47.008454715096505,30,46,10,11
1618183097489,32.87127762122478,-117.23379797096334,46.968137467452244,30,46,10,11
1618183097620,32.87127909691145,-117.2337979608583,46.95858862888492,30,47,10,11
1618183097785,32.8712804685859,-117.23379795300228,46.949470065803894,31,47,10,11
1618183097905,32.871281740008385,-117.23379795319889,46.941618685755266,31,47,10,11
1618183098021,32.87128290764318,-117.23379795502163,46.93416084972678,31,47,10,11
1618183098100,32.87128397322176,-117.23379795464813,46.92856784274878,32,48,10,11
1618183098267,32.871284928098504,-117.23379795932016,46.92269394355154,32,48,10,11
1618183098426,32.87128759273487,-117.23379797464025,46.90330215597441,34,50,10,11
1618183098569,32.87128797972526,-117.23379797880104,46.89964139760275,34,50,10,11
1618183098817,32.87128825835467,-117.23379798418419,46.89740162277772,34,50,10,11
1618183098933,32.87128843199635,-117.23379798597604,46.89733091425572,34,50,10,11
1618183099046,32.871288510060836,-117.23379798853766,46.89963994039601,34,50,10,11
1618183099233,32.87128840769676,-117.2337979826479,46.91735598664233,31,48,10,11
1618183099345,32.871288384435445,-117.23379797874918,46.92746759892284,29,46,10,11
1618183099477,32.871288347842146,-117.23379797281113,46.933179706216066,28,45,10,11
1618183099651,32.87128834707149,-117.23379798041739,46.936328034536395,27,45,10,11
1618183099812,32.87128834631822,-117.23379797315101,46.936445037455414,27,45,10,11
1618183099926,32.871288340212374,-117.23379796284922,46.9366806377262,28,45,10,11
1618183100039,32.87128834608499,-117.23379796235871,46.937060081149454,28,45,10,11
1618183100120,32.87128834165178,-117.23379796060259,46.93713905505034,28,46,10,11
1618183100334,32.871288344867054,-117.233797924378,46.93614567041325,29,47,10,11
1618183100499,32.871288344181075,-117.23379791947873,46.936663697852765,29,47,10,11
1618183100685,32.8712883474917,-117.23379790628292,46.93616304113465,30,47,10,11
1618183100900,32.871288335686984,-117.23379787654724,46.939590611668514,30,48,10,11
1618183101066,32.871288341704485,-117.23379787856891,46.93903479945757,31,49,10,11
1618183101180,32.8712883385014,-117.2337978686817,46.93818571377637,31,49,10,11
1618183101293,32.87128833832456,-117.23379786363381,46.938518543466,31,49,10,11
1618183101414,32.87128834322148,-117.2337978704551,46.93879919854784,31,49,10,11
1618183101540,32.871288341507025,-117.23379785445255,46.93844839356265,32,50,10,11
1618183101762,32.871288334429174,-117.23379784965654,46.93936411359184,32,50,10,11
1618183101900,32.871288341657774,-117.2337978380466,46.93956045382507,33,52,10,11
1618183102076,32.87128834482911,-117.2337978303166,46.939436681633886,34,52,10,11
1618183102206,32.87128835028695,-117.23379783722632,46.93883253217217,34,53,10,11
1618183102347,32.87128835014204,-117.233797834869,46.93856699743724,34,53,10,11
1618183102460,32.871288357581356,-117.233797829645,46.93826751259305,35,54,10,11
1618183102644,32.871288358473215,-117.23379780535454,46.93561657511036,36,56,10,11
1618183102762,32.871288370293364,-117.23379780789733,46.934221854643916,37,57,10,11
1618183102876,32.87128836176353,-117.23379780503728,46.93471290127163,37,57,10,11
1618183103012,32.871288373427696,-117.23379780388122,46.93408837981807,38,58,10,11
1618183103126,32.871288380819216,-117.23379779447558,46.933292576006224,38,58,10,11
1618183103240,32.87128837181106,-117.2337978013283,46.93172794088444,38,59,10,11
1618183103351,32.871288385219195,-117.23379779536944,46.932139231209135,39,60,10,11
1618183103460,32.87128839013202,-117.23379781070844,46.93050661133175,39,60,10,11
1618183103644,32.871288389146436,-117.2337977910341,46.929951740619366,40,62,10,11
1618183103760,32.871288401139985,-117.23379780720217,46.92858641611707,40,62,10,11
1618183103881,32.87128839672181,-117.23379779880581,46.928569624705794,40,62,10,11
1618183103960,32.87128839368654,-117.23379780079281,46.928642528500674,40,63,10,11
1618183104127,32.87128841419793,-117.23379781347603,46.92678720415474,40,63,10,11
1618183104259,32.8712884009652,-117.2337978184122,46.92692052587379,41,64,10,11
1618183104371,32.871288399157095,-117.23379781979813,46.92671361317458,41,64,10,11
1618183104483,32.871288406252276,-117.23379782032356,46.92520584831245,41,64,10,11
1618183104642,32.871288421073956,-117.23379784279462,46.92195724998451,42,66,10,11
1618183104759,32.871288419363836,-117.2337978576076,46.92121083594587,42,66,10,11
1618183104879,32.87128842291473,-117.23379786661143,46.92094203045711,41,66,10,11
1618183104989,32.87128842184127,-117.23379787051614,46.92131474213589,41,66,10,11
1618183105138,32.87128842747633,-117.23379788337986,46.92045432368477,41,66,10,11
1618183105249,32.87128842413159,-117.23379787765596,46.91963760764779,41,66,10,11
1618183105364,32.87128843016407,-117.23379789982883,46.91786374451711,41,66,10,11
1618183105474,32.871288437075485,-117.2337979144362,46.91753907156466,41,67,10,11
1618183105636,32.87128842110364,-117.23379793140084,46.91631357568134,41,67,10,11
1618183105748,32.871288452783126,-117.23379793254983,46.91350407658775,41,67,10,11
1618183105873,32.8712884556714,-117.23379794863907,46.91196447780024,41,67,10,11
1618183105952,32.87128845259373,-117.23379795612118,46.911803701317545,41,67,10,11
1618183106126,32.87128845890038,-117.23379795818921,46.90975190984354,41,67,10,11
1618183106240,32.87128846130072,-117.23379796731129,46.90874550886916,41,67,10,11
1618183106350,32.87128846449061,-117.23379797576666,46.907251086870936,40,67,10,11
1618183106469,32.87128847334422,-117.23379798892869,46.90662881064328,40,67,10,11
1618183106649,32.871288486022316,-117.2337980105372,46.90324399890619,40,66,10,11
