1616375147373,32.877347691973476,-117.22483731664163,64.12412258581557,23,43,13,11
1616375147542,32.87734385944887,-117.22484764562066,64.11030253256163,23,43,13,11
1616375147655,32.877340024573606,-117.22485797520476,64.10207060630626,23,43,13,11
1616375147814,32.8773361906687,-117.22486828169183,64.08736204750015,23,43,13,11
1616375148067,32.87732087851183,-117.22490936687625,64.01866647112247,23,44,14,11
1616375148180,32.87731711731973,-117.2249194050717,63.99512022642009,23,44,14,11
1616375148305,32.87731343744662,-117.22492931443959,63.96689196008143,24,44,14,11
1616375148384,32.87730983152867,-117.22493909667354,63.940407690469335,24,45,14,11
1616375148558,32.87730624364771,-117.22494872463294,63.92065125527686,24,45,14,11
1616375148674,32.877302744522304,-117.22495819795597,63.900156490816975,25,45,14,11
1616375148784,32.877299311229066,-117.22496752039984,63.883774644327396,25,45,14,11
1616375148875,32.877295919493015,-117.22497667376715,63.86920694368815,25,46,14,11
1616375149107,32.87728616498576,-117.2250031569993,63.819664624028405,26,46,14,11
1616375149220,32.87728302470079,-117.225011650388,63.79922024231579,26,47,14,11
1616375149337,32.877279973097714,-117.22501999635884,63.773047756810534,26,47,14,11
1616375149424,32.877276940254546,-117.22502818569583,63.747871454300416,27,47,14,11
1616375149597,32.87727392555004,-117.22503624585319,63.72019403576595,27,47,14,11
1616375149710,32.87727095179438,-117.22504424381746,63.69282458962899,27,47,14,11
1616375149824,32.87726798973812,-117.22505221186253,63.67409419334552,27,47,14,11
1616375150081,32.877256112011686,-117.22508374333334,63.68072103342866,26,47,14,11
1616375150194,32.877253195617186,-117.22509140919168,63.68751712333545,26,46,14,11
1616375150310,32.87725034057532,-117.2250990038882,63.695946717166215,25,46,14,11
1616375150393,32.87724759556701,-117.22510640306062,63.70433293956744,25,46,14,11
1616375150558,32.87724492648669,-117.22511364410764,63.710381757993346,26,46,14,11
1616375150671,32.877242281673226,-117.22512068210202,63.71626309776432,26,46,14,11
1616375150781,32.87723973702373,-117.2251275424087,63.72057142563022,26,46,14,11
1616375151148,32.87723064490561,-117.22515207778874,63.740831343424816,27,47,14,11
1616375151299,32.87722867210246,-117.22515744025125,63.74025637251397,27,47,14,11
1616375151420,32.87722679597174,-117.22516250331414,63.74106749107858,28,48,14,11
1616375151503,32.87722503229032,-117.2251672746302,63.74315328089171,28,48,14,11
1616375151725,32.87721891546517,-117.22518371183747,63.74452894752329,31,51,14,11
1616375151859,32.87721763914164,-117.22518714315314,63.74554620798053,31,51,14,11
1616375151990,32.87721644323089,-117.22519029234343,63.74638228509546,31,51,14,11
1616375152142,32.87721538702027,-117.22519321718958,63.75078967312906,31,51,14,11
1616375152433,32.87721187384955,-117.22520247907516,63.74584362749661,32,53,14,11
1616375152566,32.877211201492585,-117.22520429492943,63.74283109742036,32,52,14,11
1616375152682,32.87721059983898,-117.2252059186879,63.74462737437941,32,52,14,11
1616375152774,32.87721007854197,-117.22520737721136,63.74544271497725,31,52,14,11
1616375152939,32.877209598188806,-117.2252087511261,63.74403663921217,30,51,14,11
1616375153230,32.877207653685964,-117.22521406547594,63.74451359847052,28,49,13,11
1616375153330,32.87720714856001,-117.22521541719132,63.742542076408405,28,49,13,11
1616375153485,32.8772066437269,-117.22521685917647,63.743863169441816,27,49,13,11
1616375153602,32.877206056487516,-117.22521842849255,63.745525690739086,27,49,13,11
1616375153712,32.87720539588525,-117.22522022478749,63.74708023499968,26,48,13,11
1616375153803,32.87720468497985,-117.22522222771616,63.74841987557559,26,48,13,11
1616375153967,32.87720385749189,-117.22522445708495,63.748931162514424,26,48,13,11
1616375154126,32.87720080368763,-117.22523272756648,63.75274498434071,25,47,13,11
1616375154241,32.877199584776825,-117.22523602081907,63.757114037358136,25,47,13,11
1616375154344,32.87719827968643,-117.22523958554005,63.763394535287006,24,46,13,11
1616375154488,32.87719687362335,-117.22524340744476,63.767272411329934,24,46,13,11
1616375154601,32.87719536909053,-117.22524749703793,63.77304331364761,24,45,13,11
1616375154715,32.877193776315636,-117.2252518226787,63.777911910461974,24,45,14,11
1616375154808,32.87719209076804,-117.22525640787563,63.78438088310935,24,45,14,11
1616375155029,32.8771865082242,-117.22527157370415,63.8076174457643,24,45,14,11
1616375155198,32.87718446009064,-117.22527708210049,63.815934545259715,24,44,14,11
1616375155310,32.877182323781,-117.2252828001092,63.82592247517321,25,44,14,11
1616375155416,32.87718010718901,-117.2252887382998,63.83692140540105,25,44,14,11
1616375155560,32.87717780075844,-117.2252948747491,63.84825296910111,25,45,14,11
1616375155694,32.87717540754366,-117.22530123658338,63.860824606291715,25,45,14,11
1616375155809,32.87717291578312,-117.22530779196089,63.87269954565722,26,45,14,11
1616375155991,32.87716211529993,-117.22533613143598,63.920634704183364,26,45,14,11
1616375156191,32.87715922186859,-117.22534370160048,63.927915022646076,25,44,14,11
1616375156305,32.87715623283141,-117.22535141227286,63.94194474049394,26,45,14,11
1616375156410,32.87715314066572,-117.2253592910362,63.959550753937286,27,45,14,11
1616375156567,32.877149991916845,-117.22536734482384,63.98007420724498,28,46,14,11
1616375156682,32.877146774494776,-117.22537557425133,64.00553426261905,29,47,13,11
1616375156792,32.8771434431712,-117.22538392653942,64.02654753963026,29,47,13,11
1616375157052,32.87712934408897,-117.22541881566568,64.14212290616089,33,50,13,11
1616375157163,32.877125622452205,-117.22542789862528,64.17675898206544,35,52,13,11
1616375157344,32.87712179478779,-117.2254371520006,64.21065320493484,34,52,12,11
1616375157449,32.87711788388252,-117.22544658634212,64.24148719066349,33,51,12,11
1616375157597,32.877113872517434,-117.22545616405674,64.27364007582553,32,51,12,11
