3600048467154,32.67666887928365,-117.10943974084941,-27.00660446864031,86,123,15,11
3600048467259,32.6766396983244,-117.10944063661867,-26.911508921554237,86,123,15,11
3600048467439,32.67661050618774,-117.10944174566716,-26.814220541636406,86,123,15,11
3600048467563,32.67658130680326,-117.10944306345327,-26.718780433655787,86,123,15,11
3600048467654,32.67655209757593,-117.10944457029997,-26.620718889568874,86,123,15,11
3600048467744,32.67652287067324,-117.10944623748738,-26.518183137381346,87,123,15,11
3600048467890,32.6764936222618,-117.1094480677997,-26.413146630435413,86,123,15,11
3600048467984,32.67646436971367,-117.10945005726833,-26.315266867792996,86,123,15,11
3600048468066,32.67643510698738,-117.10945220357829,-26.219965328771153,86,123,15,11
3600048468159,32.67640583832841,-117.10945450006214,-26.124530847338903,86,123,15,11
3600048468349,32.67628868433403,-117.10946541729462,-25.724653157288554,86,123,15,11
3600048468445,32.67625937224502,-117.10946865463556,-25.6169909513174,86,123,15,11
3600048468633,32.67623006774412,-117.1094720672816,-25.517465870509366,86,123,15,11
3600048468718,32.67620075974315,-117.10947566525688,-25.420392695522164,86,123,15,11
3600048468797,32.67617145129229,-117.1094794619909,-25.32477447012736,86,123,15,11
3600048468880,32.67614215870297,-117.1094834626034,-25.2310636001284,86,123,15,11
3600048468972,32.67611286673854,-117.10948768512614,-25.129578107218688,86,123,15,11
3600048469065,32.67608356057669,-117.10949210136971,-25.023911088004795,86,123,15,11
3600048469157,32.6760542625853,-117.1094966929989,-24.927616798848096,86,123,15,11
3600048469312,32.67602498366101,-117.1095014780703,-24.83894271685453,86,123,15,11
3600048469468,32.67599571820177,-117.109506481104,-24.74771120607915,86,123,15,11
3600048469568,32.675966456048336,-117.10951170461277,-24.649994719231742,86,123,15,11
3600048469662,32.67593721516407,-117.10951713215988,-24.55257786422787,86,123,15,11
3600048469806,32.6759079748887,-117.10952275961901,-24.450925838249756,86,123,15,11
3600048469891,32.675878756697614,-117.10952857960187,-24.354735424659484,86,123,15,11
3600048469974,32.67584954633336,-117.1095345901718,-24.25819369715104,86,123,15,11
3600048470076,32.67582035934688,-117.10954079218715,-24.16819300612393,86,124,15,11
3600048470160,32.67579120659317,-117.10954718606342,-24.085778910700775,86,123,15,11
3600048470240,32.67576208769835,-117.10955381204755,-24.005064833586122,86,123,15,11
3600048470398,32.675733013192755,-117.10956066713868,-23.927154729096678,86,123,15,11
3600048470554,32.67570398131683,-117.10956774196167,-23.845781087336828,86,124,15,11
3600048470656,32.67567498546587,-117.1095750423531,-23.762840701295552,86,124,15,11
3600048470741,32.67564603899658,-117.10958255549198,-23.683094644261182,86,124,15,11
3600048470811,32.67561712898846,-117.10959029683679,-23.601921240903796,85,123,15,11
3600048470902,32.67558826109309,-117.10959825221596,-23.52535328463364,85,124,15,11
3600048470985,32.67555943946622,-117.10960640491551,-23.45846854851983,85,124,15,11
3600048471092,32.675530682412834,-117.10961478163067,-23.39924469366923,85,124,15,11
3600048471178,32.67550198590055,-117.10962339213967,-23.339460816461727,85,124,15,11
3600048471275,32.6754733487997,-117.10963225875373,-23.275991664741166,85,124,15,11
3600048471419,32.67544477842624,-117.10964133499829,-23.213569317368076,85,124,15,11
3600048471573,32.67541626388255,-117.10965060129048,-23.14824000567966,85,124,15,11
3600048471678,32.67538780433979,-117.10966007290233,-23.081015349115123,85,124,15,11
3600048471762,32.67535941458134,-117.109669752743,-23.01640039405171,85,124,15,11
3600048471916,32.675331075659166,-117.10967965372299,-22.949868207922588,85,124,15,11
3600048471995,32.67530282007537,-117.10968971409996,-22.89713247268595,85,124,15,11
3600048472077,32.67527460965543,-117.10969994727893,-22.836231676845035,85,124,15,11
3600048472178,32.67524645684438,-117.10971034993854,-22.777338638747196,85,124,15,11
3600048472345,32.67513431227943,-117.109753309674,-22.584182878428912,85,124,15,11
3600048472448,32.67510640589985,-117.10976430739822,-22.550503704224536,85,124,15,11
3600048472550,32.675078565093884,-117.1097754456556,-22.51034487853394,85,124,15,11
3600048472630,32.67505078366662,-117.10978674766157,-22.457346596835354,85,124,15,11
3600048472739,32.67502303728644,-117.10979820156977,-22.39120708518336,85,124,15,11
3600048472847,32.67499536222932,-117.10980975428888,-22.336495933789422,85,124,15,11
3600048472957,32.67496775609246,-117.10982143141386,-22.27943562058714,85,124,15,11
3600048473048,32.674940192340486,-117.10983323936358,-22.20811403839684,85,124,15,11
3600048473153,32.6749126658805,-117.10984517128907,-22.127416555565972,85,124,15,11
3600048473351,32.67488515802686,-117.10985719708496,-22.043710544426226,85,124,15,11
3600048473442,32.67485770295329,-117.10986931317228,-21.97883713058647,85,124,15,11
3600048473553,32.674830317765114,-117.10988153618379,-21.92897090406459,85,124,15,11
3600048473637,32.67480298462612,-117.10989389497892,-21.8727430947809,85,124,15,11
3600048473776,32.674775652952384,-117.10990638460439,-21.802237079084485,84,124,15,11
3600048473859,32.67474836814925,-117.10991896152218,-21.751256265285942,84,124,15,11
3600048473932,32.674721157182056,-117.10993161100842,-21.72082428205894,84,124,15,11
3600048474042,32.67469399228646,-117.10994434574953,-21.685043144662973,84,124,15,11
3600048474130,32.67466684522414,-117.10995718872095,-21.633645211443728,84,124,15,11
3600048474209,32.67463973355696,-117.10997010352452,-21.583962925205995,84,124,15,11
3600048474423,32.67461264458809,-117.10998304432772,-21.539845489521827,84,124,15,11
3600048474515,32.674585578240205,-117.10999600170007,-21.499529050238205,84,124,15,11
3600048474618,32.67455851786483,-117.11000897861037,-21.457034648919695,84,124,15,11
3600048474729,32.674531467242794,-117.11002193896529,-21.420934258801786,84,124,15,11
3600048474811,32.674504432360735,-117.11003489083748,-21.389617300537367,84,124,15,11
3600048474898,32.67447741782755,-117.11004785502378,-21.3589172113407,84,124,15,11
3600048474984,32.67445040768937,-117.11006083912038,-21.325680123806375,84,124,15,11
3600048475088,32.67442342071968,-117.11007383905887,-21.299025368180036,84,124,15,11
3600048475169,32.674396463838555,-117.11008684064794,-21.280576951055842,84,124,15,11
3600048475314,32.67436951441571,-117.11009985283977,-21.260267904131755,84,124,15,11
3600048475456,32.67434260200291,-117.11011287712358,-21.243765534159145,84,124,15,11
3600048475547,32.67431571917212,-117.1101258846719,-21.231154190294884,83,124,15,11
3600048475658,32.67428866411007,-117.11013901384682,-21.211944462624615,83,124,15,11
3600048475742,32.6742618237364,-117.110152052972,-21.188678625699247,83,124,15,11
3600048475887,32.67423500096595,-117.11016507992409,-21.166283056248414,82,124,15,11
3600048475968,32.6742081897669,-117.11017811904361,-21.14812976287092,82,124,15,11
3600048476053,32.67418140069961,-117.11019114815161,-21.13702374250273,82,124,15,11
3600048476153,32.674154639712796,-117.11020417195247,-21.128004025909917,82,124,15,11
3600048476234,32.6741277045657,-117.11021729509554,-21.118718958876222,81,123,15,11
3600048476310,32.674100980194375,-117.11023033927795,-21.10932041958069,81,123,15,11
3600048476447,32.674020949288014,-117.11026945296388,-21.08402986738985,81,123,15,11
3600048476547,32.67399430214451,-117.11028250323734,-21.072491176988475,81,123,15,11
3600048476631,32.67396747351248,-117.11029562490789,-21.061498784380387,80,123,15,11
3600048476755,32.67394084440695,-117.11030864388917,-21.04791847158978,80,123,15,11
3600048476856,32.67391421011751,-117.11032160943249,-21.038053423550608,80,123,15,11
3600048476957,32.67388757152526,-117.11033454461209,-21.02949625620936,80,123,15,11
3600048477044,32.673860932642874,-117.11034744218288,-21.01905985633031,80,123,15,11
3600048477164,32.67383427985196,-117.11036034564087,-21.005690237171073,80,123,15,11
