1631837833607,32.84507885829149,-117.21114612757715,30.093560011179598,30,60,15,11
1631837833753,32.84506977185002,-117.21116687759724,30.100980688770047,30,60,15,11
1631837833883,32.845060634598354,-117.2111876223582,30.112541698226565,29,60,15,11
1631837834037,32.84505151123569,-117.21120837461372,30.123317826270885,29,60,15,11
1631837834173,32.84504239195402,-117.21122918249999,30.141467814987195,29,60,15,11
1631837834288,32.845033183986715,-117.21125018430469,30.158799664062926,28,60,15,11
1631837834409,32.84502401133228,-117.21127098614576,30.167109140326335,28,59,15,11
1631837834573,32.84498749904094,-117.21135422928509,30.182013803807248,27,58,15,11
1631837834717,32.84497831920434,-117.21137527828218,30.19677548296485,27,58,15,11
1631837834855,32.84496922221185,-117.21139609469708,30.206764942925744,27,58,15,11
1631837835060,32.844960149219915,-117.21141684341113,30.214544992885767,28,59,15,11
1631837835189,32.844951125320314,-117.21143750375873,30.22260540735489,28,59,15,11
1631837835318,32.84494216932157,-117.21145806811346,30.229997034284498,28,59,15,11
1631837835501,32.84490691149789,-117.21153917656757,30.28083555976994,28,59,15,11
1631837835638,32.84489821555324,-117.21155920698176,30.286001656676742,27,58,15,11
1631837835781,32.844889546598985,-117.21157921319225,30.29485101441706,27,58,15,11
1631837835943,32.84488089349717,-117.21159917693782,30.30265861483661,27,58,15,11
1631837836082,32.844872251530425,-117.2116191592147,30.314021875793536,27,58,15,11
1631837836222,32.84486360868379,-117.21163910926343,30.325312175859395,26,57,15,11
1631837836397,32.84482895672467,-117.21171909673977,30.3771268661303,25,55,15,11
1631837836531,32.84482026919369,-117.21173916588958,30.38926176714715,24,54,15,11
1631837836612,32.84481158641112,-117.21175926477562,30.392221975066857,25,55,15,11
1631837836724,32.84480288944344,-117.21177940885481,30.397372203097877,26,55,15,11
1631837836951,32.84479416568344,-117.21179963214445,30.408896990989717,26,56,15,11
1631837837103,32.84476791926982,-117.21186058689085,30.420160408583357,28,57,15,11
1631837837216,32.84475912043629,-117.21188104516119,30.431528048190856,28,58,15,11
1631837837341,32.844750296880015,-117.21190158157671,30.442158327809565,28,58,15,11
1631837837453,32.84474143626215,-117.21192220091177,30.455532540211937,28,58,15,11
1631837837585,32.844732510373554,-117.21194294702435,30.474756751666725,28,58,15,11
1631837837666,32.844723511028455,-117.21196378212558,30.489729660342643,28,58,15,11
1631837837812,32.84471445401113,-117.21198472027876,30.496742014155927,29,59,15,11
1631837838111,32.84467764639343,-117.21206953153414,30.552366238804893,31,61,15,11
1631837838224,32.84466824286442,-117.21209098467837,30.564553567463538,31,62,15,11
1631837838313,32.844658763225816,-117.21211254013139,30.576005191724754,31,62,15,11
1631837838459,32.84464923225581,-117.21213417507629,30.58276074147536,31,62,15,11
1631837838560,32.8446396375514,-117.21215594825918,30.59834035419618,31,62,15,11
1631837838672,32.84462999430481,-117.21217777988862,30.60537242049851,31,62,15,11
1631837838879,32.84460085619787,-117.21224372176906,30.637649790651423,31,63,15,11
1631837838990,32.84459109743676,-117.21226579904555,30.645425716591884,31,63,15,11
1631837839139,32.84458132573214,-117.21228792051703,30.653633020367497,30,62,15,11
1631837839255,32.844571544691945,-117.21231006968199,30.652865114264298,30,62,15,11
1631837839357,32.844561756613054,-117.21233223821487,30.650925225925953,29,61,15,11
1631837839505,32.844551951098886,-117.21235449612287,30.650697889559403,29,61,15,11
1631837839637,32.84454216558183,-117.21237672465848,30.652059314638247,29,61,15,11
1631837839718,32.844532349580795,-117.21239900860768,30.66111023764371,29,61,15,11
1631837839910,32.84450289781947,-117.21246596544476,30.659034994097667,29,61,15,11
1631837840010,32.84449304175597,-117.21248841513783,30.6599463499404,29,61,15,11
1631837840166,32.84448320391002,-117.21251082174489,30.665542804936415,29,62,15,11
1631837840283,32.84447339719016,-117.21253326217587,30.668088375633893,29,62,15,11
1631837840372,32.8444635539996,-117.21255572807529,30.68210040433303,29,62,15,11
1631837840517,32.84445369597027,-117.21257822161019,30.6974326331748,29,62,15,11
1631837840649,32.844443822496466,-117.21260071878194,30.70824567757521,29,61,15,11
1631837840973,32.84440420844905,-117.2126910161621,30.777756606153005,25,56,15,11
1631837841105,32.84439429276915,-117.21271360075538,30.798548719024517,25,56,15,11
1631837841221,32.844384347428694,-117.21273622898858,30.83430769886139,24,55,15,11
1631837841344,32.84437432272035,-117.2127589883578,30.859971793805684,24,55,15,11
1631837841439,32.84436439259098,-117.2127815332851,30.8488955866164,24,55,15,11
1631837841584,32.84435452032609,-117.21280405284391,30.83388678468378,24,55,15,11
1631837841687,32.84434464548261,-117.21282664565689,30.838246846073588,24,55,15,11
1631837841969,32.84430523863623,-117.21291714960967,30.84401658702895,24,53,15,11
1631837842071,32.84429542959625,-117.21293976108537,30.84353478117083,24,53,15,11
1631837842218,32.84428561547662,-117.2129623806558,30.843614108419835,24,53,15,11
1631837842336,32.84427581236935,-117.21298500963668,30.84085180495322,23,52,15,11
1631837842430,32.84426599782483,-117.21300765755413,30.842039279853825,23,52,15,11
1631837842561,32.844236393904794,-117.21307581413758,30.84508001577493,23,52,15,11
1631837842707,32.84422653362581,-117.21309847432872,30.842102778944444,23,51,15,11
1631837842844,32.844216673757565,-117.21312117084013,30.841072414791316,23,51,15,11
1631837843048,32.84420680681858,-117.21314387346366,30.83559047620489,22,50,15,11
1631837843148,32.844196833473845,-117.21316680267232,30.832925580333992,23,50,15,11
1631837843327,32.84418694570939,-117.2131895461996,30.830251953392523,23,51,15,11
1631837843525,32.844147441810286,-117.21328067114693,30.805675230807026,25,52,15,11
1631837843667,32.844137571624636,-117.21330352440219,30.80567484701204,25,53,15,11
