1611350978556,32.96690482916522,-117.24811974035909,-11.718174800869601,76,121,13,11
1611350978636,32.96693260287278,-117.24813013838305,-11.816492587122516,76,121,13,11
1611350978764,32.96696053594696,-117.2481406120534,-11.918089173232337,76,121,13,11
1611350978875,32.966988185320695,-117.2481509963784,-12.015416172003142,76,121,13,11
1611350978961,32.967015787743485,-117.24816137151888,-12.112180104454803,76,121,13,11
1611350979042,32.967043335050924,-117.24817174117275,-12.211211289248832,76,121,13,11
1611350979121,32.96707082827466,-117.24818208435448,-12.311208668171712,76,121,13,11
1611350979252,32.96709830410138,-117.24819241877405,-12.40715831195744,76,121,13,11
1611350979354,32.967125992785554,-117.24820284763452,-12.501919431374818,76,121,13,11
1611350979447,32.9671534152783,-117.24821316567959,-12.600080100490946,76,121,13,11
1611350979542,32.967180826785786,-117.24822348127444,-12.696739912957403,76,121,13,11
1611350979623,32.967208240764236,-117.24823377818424,-12.79286986528609,76,121,13,11
1611350979711,32.96723567801647,-117.24824405970266,-12.885043453420336,76,121,13,11
1611350979811,32.96726311886507,-117.24825430688159,-12.982818924441204,76,121,13,11
1611350979902,32.96729080706009,-117.2482646260807,-13.084185553433851,76,121,13,11
1611350979980,32.967318270860844,-117.24827483731657,-13.181545841374566,76,121,13,11
1611350980061,32.96734573853013,-117.24828503602237,-13.277196199716103,76,121,13,11
1611350980196,32.967373229774445,-117.2482952363122,-13.370612215707819,76,121,13,11
1611350980296,32.96740073347104,-117.24830544630338,-13.464926620271125,76,121,13,11
1611350980458,32.96742824325486,-117.24831567154851,-13.55657378564175,76,121,13,11
1611350980567,32.96745603354818,-117.24832597391243,-13.651349948999115,76,121,13,11
1611350980648,32.967483554974216,-117.24833620903625,-13.751614335724895,76,121,13,11
1611350980729,32.967511100178655,-117.24834643336395,-13.851224601238675,76,121,13,11
1611350980831,32.96753868946716,-117.24835664440131,-13.948477575676096,76,121,13,11
1611350980965,32.967566295310526,-117.24836682776626,-14.047280846370947,76,121,13,11
1611350981062,32.96759391568087,-117.24837705170533,-14.14707627926526,76,121,13,11
1611350981143,32.967621825146125,-117.24838741182958,-14.241487770256821,76,121,13,11
1611350981275,32.96764948819056,-117.24839768792839,-14.338675351101195,76,121,13,11
1611350981384,32.967677165099936,-117.2484079879765,-14.438698078007766,76,121,13,11
1611350981478,32.967704865273596,-117.24841830493445,-14.538136618525508,76,121,13,11
1611350981581,32.96773262549419,-117.24842862915405,-14.630520573831125,76,121,13,11
1611350981719,32.96776041257664,-117.2484389702212,-14.729686119929566,76,121,13,11
1611350981800,32.96778847466521,-117.24844947708496,-14.830388550235536,76,121,13,11
1611350981893,32.96781628413649,-117.24845992318551,-14.930355007448279,76,121,13,11
1611350982039,32.96784412822649,-117.24847043384065,-15.02870540710571,76,121,13,11
1611350982181,32.9679558202083,-117.24851264467162,-15.419004061601289,75,121,13,11
1611350982366,32.967983826700944,-117.24852322861292,-15.519582937335858,75,121,13,11
1611350982446,32.968011866400616,-117.2485338381524,-15.61983098962458,75,121,13,11
1611350982541,32.96803992931981,-117.24854443834043,-15.72110168407792,75,121,13,11
1611350982621,32.96806805192732,-117.24855505730476,-15.816322453467079,75,121,13,11
1611350982723,32.96809619021207,-117.24856568933399,-15.919783841202724,75,121,13,11
1611350982859,32.96812436358404,-117.24857634604723,-16.031854419688198,75,121,13,11
1611350983011,32.96815256894944,-117.24858702098504,-16.14823243612945,75,121,12,11
1611350983090,32.96818077833927,-117.24859771441292,-16.268436991596662,75,121,12,11
1611350983220,32.968209011880795,-117.24860842251977,-16.382182740283408,75,121,12,11
1611350983328,32.96823727794443,-117.24861912695661,-16.4915035210225,75,121,12,11
1611350983423,32.96826558333341,-117.24862985813397,-16.597139273765794,75,121,12,11
1611350983507,32.96829389650839,-117.24864056662243,-16.70926028477324,75,121,12,11
1611350983597,32.968322201581685,-117.24865126060632,-16.827178590872798,75,121,12,11
1611350983678,32.96835050997857,-117.24866192695582,-16.944399608993397,75,121,12,11
1611350983844,32.968378848650985,-117.24867258750092,-17.05671906577517,75,121,12,11
1611350983922,32.96840719142409,-117.24868321644075,-17.1725054783477,75,121,12,11
1611350984003,32.96843553598295,-117.24869383174304,-17.286610326332315,75,121,12,11
1611350984084,32.9684638677707,-117.24870441327268,-17.405607713047278,75,121,13,11
1611350984221,32.968492203141196,-117.2487149820976,-17.52011062168702,75,121,13,11
1611350984323,32.96852053559224,-117.24872551010917,-17.636556012558806,75,121,13,11
1611350984474,32.96854883804801,-117.2487360309779,-17.758372609844248,75,121,13,11
1611350984556,32.96857709243883,-117.2487465617148,-17.883563561041356,76,121,13,11
1611350984662,32.968605316918996,-117.24875708870651,-18.00564025690221,75,121,13,11
1611350984743,32.96863350633444,-117.24876759578244,-18.129731232075464,75,121,13,11
1611350984899,32.96866164753327,-117.24877808676862,-18.255169504668974,75,121,12,11
1611350984987,32.968689724990185,-117.2487885764892,-18.386000012067154,75,121,12,11
1611350985071,32.968717739170344,-117.24879903730124,-18.515242036788326,76,121,12,11
1611350985154,32.968745696282646,-117.24880950145501,-18.64394467724557,76,121,11,11
1611350985293,32.96877361792134,-117.248819942923,-18.76627711251956,75,121,11,11
1611350985388,32.968801459926546,-117.2488303352645,-18.89120076897128,75,121,11,11
1611350985480,32.96882925527187,-117.24884074227482,-19.00966092936508,75,121,11,11
1611350985565,32.9688569903751,-117.24885113589286,-19.13381456765633,75,121,11,11
1611350985659,32.968884655255856,-117.24886149217744,-19.259372683228815,75,121,11,11
1611350985740,32.96891226333069,-117.24887180277709,-19.382672664822305,75,121,11,11
1611350985830,32.96893982487425,-117.24888210463604,-19.503830514314682,75,121,11,11
1611350985966,32.968967314517016,-117.2488923923611,-19.62535392463555,75,121,11,11
1611350986057,32.96899473789831,-117.24890269400333,-19.74803003411284,75,121,11,11
1611350986150,32.96902214016597,-117.24891299045456,-19.865206548824244,75,121,11,11
1611350986279,32.969049498565774,-117.24892327386424,-19.990585303391065,75,121,11,11
1611350986384,32.96907681860634,-117.24893358312667,-20.114406200498937,75,121,13,11
1611350986535,32.96910411666946,-117.24894390280772,-20.23255518999031,75,121,13,11
1611350986642,32.969131400659,-117.24895421553127,-20.35062012919773,75,121,13,11
1611350986738,32.96915865570958,-117.24896453308224,-20.472246509307052,75,121,13,11
1611350986817,32.96918589282597,-117.24897485391784,-20.594525393301435,75,121,13,11
1611350986919,32.96921311116633,-117.24898516895291,-20.71705050276276,75,121,13,11
1611350987001,32.96924031516744,-117.24899548814744,-20.835963783440068,76,121,13,11
1611350987140,32.96926750833684,-117.24900581892945,-20.954334867898915,75,121,13,11
1611350987227,32.96929469394052,-117.24901615692738,-21.07442585910074,75,121,13,11
1611350987359,32.96932187673689,-117.24902651444035,-21.19286727870133,76,121,13,11
1611350987462,32.96934907280995,-117.24903685381857,-21.3085733519996,76,121,13,11
1611350987563,32.96937629305692,-117.24904717674356,-21.42438079954868,76,121,13,11
1611350987651,32.96940354980679,-117.24905746812378,-21.53497366814741,76,121,13,11
1611350987791,32.96951302083274,-117.24909865750139,-21.95763233478106,76,121,13,11
1611350987925,32.969540499989215,-117.24910896957634,-22.057839690533054,76,121,13,11
1611350988012,32.96956801922407,-117.24911930302288,-22.15806145691775,76,121,13,11
1611350988144,32.96959558174043,-117.2491296399971,-22.259995032435324,76,121,13,11
1611350988245,32.969623194099874,-117.24914000063247,-22.357832493076526,76,121,13,11
1611350988396,32.96965084783035,-117.24915038059918,-22.455815542719453,76,121,13,11
1611350988488,32.96967854675724,-117.24916079180771,-22.55289220020002,76,121,13,11
1611350988571,32.969706280143285,-117.24917123928014,-22.655218102788716,76,121,13,11
