1612399166540,32.753969472989745,-117.2372813208576,-28.701116584908448,85,122,15,11
1612399166660,32.75396010243785,-117.2372824309993,-28.711305976573662,85,122,15,11
1612399166749,32.75395074514398,-117.23728335874884,-28.723436224945356,85,123,15,11
1612399166840,32.753941409772246,-117.23728405551905,-28.737247106895243,85,123,15,11
1612399166988,32.75393209349257,-117.23728454950829,-28.748138561803525,85,122,15,11
1612399167069,32.753922785264336,-117.23728487054207,-28.75335560781134,85,122,15,11
1612399167173,32.75391348161577,-117.23728498799657,-28.750337356708542,85,123,15,11
1612399167298,32.753904189447084,-117.23728490680139,-28.743428299648322,86,123,15,11
1612399167369,32.75389492990065,-117.23728467345325,-28.742015357807258,86,123,15,11
1612399167460,32.753885718127094,-117.23728424096115,-28.74647796114366,86,123,15,11
1612399167541,32.75387655578244,-117.23728363874574,-28.758589474003365,86,123,15,11
1612399167656,32.75386741871392,-117.23728287533966,-28.768411033989896,86,123,15,11
1612399167738,32.75385827898678,-117.23728191627599,-28.770408268847376,86,123,15,11
1612399167818,32.75384915949954,-117.23728075710513,-28.76748200706341,86,123,15,11
1612399167973,32.75384006154643,-117.23727942973753,-28.76190354396806,86,123,15,11
1612399168056,32.75383100654246,-117.2372779466673,-28.768423939150846,86,123,15,11
1612399168225,32.75382198078124,-117.23727629604298,-28.776938613273824,86,123,15,11
1612399168349,32.75381298389847,-117.23727447630372,-28.785589540790454,86,123,15,11
1612399168434,32.75380401735958,-117.23727248576465,-28.79237611896012,86,123,15,11
1612399168523,32.75379508843392,-117.23727033218691,-28.80007585525355,86,123,15,11
1612399168604,32.75378619500793,-117.23726804326228,-28.809930251041422,86,123,15,11
1612399168707,32.75377733373779,-117.23726560889746,-28.818753025325385,86,123,15,11
1612399168789,32.75376851397351,-117.23726301499187,-28.82830697087378,86,123,15,11
1612399168937,32.753759731509966,-117.23726029886555,-28.83436477597078,86,123,15,11
1612399169018,32.75375097979605,-117.23725747793193,-28.84032357117293,86,123,15,11
1612399169116,32.75374225703608,-117.23725454008158,-28.843687814914162,86,123,15,11
1612399169220,32.75373357510139,-117.23725148507334,-28.845943323227623,86,123,15,11
1612399169349,32.753724932875706,-117.23724831018697,-28.847814425543923,86,123,15,11
1612399169420,32.753716324547575,-117.23724504763968,-28.853248310531004,86,123,15,11
1612399169511,32.75370774554673,-117.23724171701704,-28.85682274249797,86,123,15,11
1612399169595,32.75369918609548,-117.23723835466564,-28.860274377019863,86,123,15,11
1612399169715,32.7536906451962,-117.23723496574175,-28.86570377381877,86,123,15,11
1612399169785,32.75368211450853,-117.23723155157045,-28.86872670275195,86,123,15,11
1612399169944,32.75367360571651,-117.23722809754867,-28.871151376424802,86,123,15,11
1612399170028,32.75366511497725,-117.23722462649958,-28.87368679566749,86,123,15,11
1612399170104,32.75365664424031,-117.23722113491031,-28.87805296163457,86,123,15,11
1612399170274,32.753648189824524,-117.2372176064334,-28.878601853310872,86,123,15,11
1612399170389,32.75363974555586,-117.23721405940805,-28.877717378580513,86,123,15,11
1612399170473,32.75363131213035,-117.23721047923974,-28.874197602837047,86,123,15,11
1612399170575,32.75362288984873,-117.23720684858708,-28.873254948999488,86,123,15,11
1612399170677,32.75361446854608,-117.23720317851017,-28.87234853672579,86,123,15,11
1612399170777,32.75360602978376,-117.23719945727578,-28.874559043287622,86,123,15,11
1612399170925,32.753597536257864,-117.23719566905756,-28.875519396400882,86,123,15,11
1612399171007,32.75358898344564,-117.23719181741104,-28.876697854622417,86,123,15,11
1612399171086,32.75358034856726,-117.23718792969697,-28.876303974615404,86,123,15,11
1612399171168,32.75357161629804,-117.23718399286626,-28.877389871825226,86,123,15,11
1612399171279,32.753562770709124,-117.23717997383615,-28.873823110347967,85,123,15,11
1612399171399,32.75355380868422,-117.2371758936904,-28.86470423181764,85,123,15,11
1612399171479,32.753544726095114,-117.23717176528956,-28.853494198013966,85,123,15,11
1612399171570,32.75353551600485,-117.237167614012,-28.844159672266265,85,123,15,11
1612399171653,32.75352621653678,-117.23716334160169,-28.834842982831734,85,123,15,11
1612399171776,32.753516808808726,-117.2371590166312,-28.825749723960104,85,123,15,11
1612399171920,32.753507299243665,-117.23715464257006,-28.816292635030067,85,123,15,11
1612399172003,32.753497703720846,-117.2371502200202,-28.804524753241036,85,123,15,11
1612399172084,32.753488039668014,-117.23714575723912,-28.791168518763882,85,123,15,11
1612399172179,32.753478340604126,-117.23714126372923,-28.777822121848033,85,123,15,11
1612399172340,32.75346861947946,-117.23713672360768,-28.768870646144816,84,123,15,11
1612399172466,32.753458911607645,-117.23713219836877,-28.76297015660391,84,123,15,11
1612399172548,32.753449178660816,-117.23712768501038,-28.758133087194146,83,123,15,11
1612399172628,32.75343948054665,-117.23712317253823,-28.74936400468669,83,123,15,11
1612399172755,32.753429827081845,-117.23711858855415,-28.73433286231324,83,123,15,11
1612399172876,32.7534202280815,-117.23711403566863,-28.72208863502575,83,123,15,11
1612399172957,32.75341068337556,-117.23710952656832,-28.714074249642497,82,123,15,11
1612399173041,32.75340119556872,-117.23710504623462,-28.707200582047857,82,123,15,11
1612399173122,32.75339176079828,-117.2371005646172,-28.70066161785187,82,122,15,11
1612399173266,32.75338245835561,-117.2370961493042,-28.694041094086394,82,122,15,11
1612399173369,32.753373240869166,-117.23709177984311,-28.68444499446571,81,122,15,11
1612399173497,32.75336413290572,-117.2370875153713,-28.677687166399867,81,122,15,11
1612399173577,32.753355154021655,-117.23708324337454,-28.675059005796687,81,122,15,11
1612399173725,32.75332060642932,-117.23706687262134,-28.66384231258134,80,122,15,11
1612399173854,32.753312463321684,-117.23706301604052,-28.66319952414929,80,122,15,11
1612399173934,32.75330456396975,-117.23705929638946,-28.659265753967126,80,122,15,11
1612399174034,32.753296907408725,-117.23705569811776,-28.65947210915928,80,122,15,11
1612399174196,32.753289478877164,-117.23705221376552,-28.658058169753446,80,122,15,11
1612399174326,32.75328228337774,-117.23704883733406,-28.65819273909622,80,122,15,11
1612399174428,32.75327532166138,-117.2370455869032,-28.659072372342557,81,122,15,11
1612399174507,32.75326861796095,-117.2370424493273,-28.65986921339982,81,122,15,11
1612399174605,32.75326217841938,-117.23703943510398,-28.662298936920717,81,122,15,11
1612399174711,32.75325598419301,-117.23703654165108,-28.662674389833793,81,122,15,11
1612399174796,32.753250062954955,-117.23703377423426,-28.66656063698819,81,122,15,11
1612399174942,32.753244405459384,-117.23703114008461,-28.66945739113399,81,122,15,11
1612399175024,32.75323900595427,-117.23702862550087,-28.66906088095403,82,122,15,11
1612399175103,32.75323385764779,-117.23702623446513,-28.677325256936342,82,122,15,11
1612399175209,32.75322887784301,-117.2370239167904,-28.685624459766288,82,122,15,11
1612399175343,32.75322403517265,-117.2370216436965,-28.689250871627294,82,122,15,11
1612399175425,32.753219333774794,-117.23701943335381,-28.694179755840363,82,122,15,11
1612399175506,32.75321476050556,-117.23701728495227,-28.69759965289584,82,122,15,11
1612399175591,32.753210296281786,-117.23701521399667,-28.697921230547845,83,122,15,11
1612399175703,32.75320591929186,-117.23701319594548,-28.69766704139753,83,122,15,11
1612399175861,32.75320160169665,-117.2370111918974,-28.700588301697852,83,122,15,11
1612399175941,32.75319731570725,-117.23700918078931,-28.704864095505584,83,122,15,11
1612399176044,32.75319303555674,-117.2370071864328,-28.70689013119991,83,122,15,11
1612399176125,32.75318875863575,-117.23700519997094,-28.70755982433861,84,122,15,11
1612399176289,32.753184488313394,-117.23700321174867,-28.708657429930202,84,122,15,11
1612399176409,32.75318022977375,-117.23700123267231,-28.71141044903063,84,122,15,11
1612399176501,32.75317597919495,-117.23699926445646,-28.714301542472825,84,122,15,11
1612399176588,32.75317174825446,-117.2369973132344,-28.71674878934652,84,122,15,11
1612399176683,32.75316753377746,-117.23699537284514,-28.71819123161766,84,122,15,11
