1612139069647,32.79299396599672,-117.14988817790986,55.99332976544551,78,123,15,11
1612139069801,32.79296572721755,-117.1498861179735,56.020364622477956,78,123,15,11
1612139069885,32.79293749620962,-117.14988397553603,56.04718856015404,78,123,15,11
1612139069986,32.79290917428,-117.14988175246232,56.073216268870894,77,123,15,11
1612139070072,32.792880960406855,-117.1498794247895,56.10051504973292,77,123,15,11
1612139070157,32.79285276989841,-117.14987703081971,56.12490578717936,77,123,15,11
1612139070282,32.792824595655894,-117.14987455793468,56.15544386422214,77,123,15,11
1612139070373,32.792796441658474,-117.14987203757137,56.18822453192118,77,123,15,11
1612139070486,32.792768320801585,-117.14986943169494,56.22309567127753,77,123,15,11
1612139070676,32.79274012359294,-117.14986676502397,56.25631489718681,77,123,15,11
1612139070761,32.79271208584272,-117.14986409305291,56.2902704645711,77,123,15,11
1612139070903,32.79268409433629,-117.14986142366487,56.322459112517805,77,123,15,11
1612139070989,32.792656159593136,-117.14985878382613,56.34894301932011,77,123,15,11
1612139071089,32.79262826500389,-117.14985615816505,56.37650297840721,77,123,15,11
1612139071228,32.792600419140165,-117.14985356167081,56.41065561797355,77,123,15,11
1612139071308,32.79257253001972,-117.1498509465156,56.43927115493294,77,122,15,11
1612139071493,32.792461853274226,-117.14984059517502,56.55310541759758,77,123,15,11
1612139071578,32.792434259654,-117.14983801368078,56.58595301959618,77,123,15,11
1612139071668,32.79240656149642,-117.14983541558344,56.61301569918994,77,122,15,11
1612139071769,32.79237898359637,-117.1498328069632,56.646555867011124,77,122,15,11
1612139071874,32.79235139846969,-117.14983018039631,56.68659518436342,77,122,15,11
1612139071968,32.792323818111555,-117.14982751036928,56.72648724403341,77,122,15,11
1612139072063,32.79229623261374,-117.14982475943123,56.767051393667494,77,122,15,11
1612139072200,32.792268636447815,-117.14982192779449,56.81110249644427,77,122,15,11
1612139072291,32.79224091920025,-117.14981901735737,56.846881107601725,76,122,15,11
1612139072405,32.79221333358598,-117.14981601883255,56.88099835388675,76,122,15,11
1612139072503,32.79218574282365,-117.14981292489824,56.92012378397567,76,122,15,11
1612139072652,32.7921581360358,-117.14980975459517,56.963729358564244,77,122,15,11
1612139072732,32.79213050635165,-117.14980645746618,57.008659153230305,77,122,15,11
1612139072813,32.79210288190926,-117.14980308560396,57.0479755997968,77,122,15,11
1612139072917,32.79207514775112,-117.1497995016809,57.08566009776285,77,122,15,11
1612139073064,32.792047512540144,-117.1497957710249,57.13016436219326,77,122,15,11
1612139073147,32.79201990370537,-117.14979196412973,57.173642326383224,77,122,15,11
1612139073272,32.79199226366213,-117.14978790586392,57.21682064481304,77,122,15,11
1612139073362,32.7919646289825,-117.14978370797085,57.2584717747952,77,122,15,11
1612139073477,32.791936992001716,-117.1497793823437,57.30136540098144,77,122,15,11
1612139073586,32.791909235597586,-117.14977491831642,57.34618037289514,77,122,15,11
1612139073735,32.791881562713655,-117.14977034230178,57.39657862872686,77,122,15,11
1612139073813,32.791853868212606,-117.14976566194187,57.444765216911975,77,122,15,11
1612139073892,32.79182618658144,-117.1497608836612,57.48146784166874,77,122,15,11
1612139073997,32.79179849289969,-117.1497559658358,57.52453499465565,78,122,15,11
1612139074079,32.791770812453265,-117.14975088662149,57.564890049526355,78,123,15,11
1612139074163,32.79174315363459,-117.14974568025711,57.60048678527189,78,122,15,11
1612139074284,32.791715513113246,-117.14974036025261,57.63730966516616,78,122,15,11
1612139074377,32.79168790576918,-117.14973490871319,57.67334521747509,79,122,15,11
1612139074488,32.7916603374159,-117.1497293538222,57.70512585114925,79,123,15,11
1612139074576,32.791632797178806,-117.14972370773931,57.73968023371772,79,123,15,11
1612139074657,32.791605295276554,-117.14971797127676,57.77613097338785,80,123,15,11
1612139074730,32.79157780511201,-117.14971215503564,57.824084477049865,80,123,15,11
1612139074882,32.79155033846655,-117.14970627970742,57.86939443195528,80,123,15,11
1612139074986,32.79152291044344,-117.14970033633506,57.903060467557324,80,123,15,11
1612139075131,32.791495519319646,-117.1496942973407,57.92883570068592,80,123,15,11
1612139075212,32.79146816861743,-117.14968813686812,57.95501305144355,81,123,15,11
1612139075347,32.79144082324939,-117.1496818828991,57.99346135815526,81,123,15,11
1612139075437,32.79141347025781,-117.14967554138354,58.037372079381356,81,123,15,11
1612139075554,32.7913861497691,-117.14966910237534,58.06936109145141,81,123,15,11
1612139075638,32.79135884181532,-117.14966253999435,58.10116426336796,81,123,15,11
1612139075781,32.79133153781949,-117.14965585323345,58.13356467381516,81,123,15,11
1612139075864,32.79130424233907,-117.14964906228752,58.161943890284945,82,123,15,11
1612139075945,32.791276951721414,-117.14964217044964,58.19058595068805,82,123,15,11
1612139076048,32.791249657780455,-117.14963519010936,58.22088666048299,82,123,15,11
1612139076128,32.79122236023832,-117.14962814547124,58.25073211663981,82,123,15,11
1612139076213,32.791195049173524,-117.14962103501468,58.28242696450318,82,123,15,11
1612139076333,32.79116773548257,-117.14961384956207,58.31296139461414,82,123,15,11
1612139076435,32.79114042097968,-117.14960658976426,58.340238533098066,83,123,15,11
1612139076549,32.79111311076011,-117.14959925432846,58.36351491370505,83,123,15,11
1612139076721,32.791085797683536,-117.1495918328918,58.38760009068223,83,123,15,11
1612139076810,32.79105848928593,-117.14958432535931,58.41343584006697,83,123,15,11
1612139076890,32.79103117210059,-117.1495767378945,58.44502084418132,83,123,15,11
1612139076969,32.79100384791121,-117.14956907565723,58.479216312131136,83,123,15,11
1612139077070,32.79097651053996,-117.14956133095433,58.51689782746756,83,123,15,11
1612139077222,32.79094918063444,-117.14955349373476,58.549121781545985,83,123,15,11
1612139077300,32.790921864792026,-117.1495455577472,58.57656255569946,83,123,15,11
1612139077464,32.790812510501205,-117.14951283780499,58.70645494179585,83,123,15,11
1612139077565,32.79078521608333,-117.14950435716673,58.738638520411826,83,123,15,11
1612139077670,32.79075794827878,-117.14949576256048,58.77160532675391,83,123,15,11
1612139077775,32.790730720025955,-117.14948705227137,58.80547792681732,83,123,15,11
1612139077879,32.79070352708496,-117.14947823002161,58.84225486696849,83,123,15,11
1612139077967,32.79067636795402,-117.14946931088731,58.878351427665706,83,123,15,11
1612139078068,32.790649268420275,-117.14946031217436,58.90693716227945,83,123,15,11
1612139078205,32.790622213412654,-117.14945123445654,58.937085207440056,84,123,15,11
1612139078304,32.790595189291025,-117.14944208868783,58.972143979240165,83,123,15,11
1612139078416,32.79056820978742,-117.14943287774852,59.00497651116774,83,123,15,11
1612139078563,32.79054125294447,-117.14942362309162,59.03638490979753,83,123,15,11
1612139078642,32.790514338623865,-117.1494142845078,59.06720741019035,83,123,15,11
1612139078732,32.79048747301468,-117.1494049051921,59.09571491207355,83,123,15,11
1612139078823,32.79046065528011,-117.14939543995528,59.124025329773474,82,123,15,11
1612139078926,32.79043375561688,-117.14938585765611,59.15046389587332,82,123,15,11
1612139079104,32.79040701059706,-117.14937629247156,59.177306512399355,82,123,15,11
1612139079187,32.79038029809263,-117.14936663091959,59.20727399307712,82,123,15,11
1612139079325,32.79035361972404,-117.14935688429784,59.237083262801036,81,123,15,11
1612139079402,32.790326944173245,-117.14934706257372,59.26757595216516,81,123,15,11
1612139079514,32.79030028110427,-117.14933714138307,59.296932363889695,81,123,15,11
1612139079606,32.79027351176086,-117.1493270896451,59.32607387773028,81,123,15,11
1612139079749,32.790246874021705,-117.14931701971953,59.35536194182153,81,123,15,11
