1620507524073,32.83762096341601,-117.15669505611102,90.54792661971473,56,91,11,11
1620507524189,32.837625729187536,-117.15672684255843,90.57141595371614,57,91,11,11
1620507524338,32.83763061331575,-117.15675868167976,90.58791979406918,56,91,11,11
1620507524540,32.83765115165164,-117.1568854942803,90.64910159514415,57,91,11,11
1620507524705,32.83765652889389,-117.15691717241033,90.68728513465057,58,91,11,11
1620507524865,32.83766198466974,-117.15694884240142,90.72737740398645,58,91,11,11
1620507524976,32.83766752700584,-117.15698050359262,90.76698431153659,58,91,11,11
1620507525240,32.83769071159912,-117.15710703801493,90.88206604674424,59,90,11,11
1620507525331,32.83769676931482,-117.15713866106228,90.90516778386791,59,90,11,11
1620507525477,32.83770292021212,-117.15717029281349,90.92738268512629,59,90,11,11
1620507525655,32.83770917798544,-117.15720194790437,90.95026386956862,59,89,11,11
1620507525774,32.83771553049334,-117.1572336085568,90.96988635164774,59,89,11,11
1620507525905,32.83772198112125,-117.15726528076024,90.98833758116176,58,88,11,11
1620507526126,32.837748913070016,-117.15739198913549,91.05148664590759,58,86,11,11
1620507526239,32.83775593308466,-117.15742366004957,91.06720116825485,58,86,11,11
1620507526340,32.83776305357059,-117.15745534109838,91.08522846482295,58,86,11,11
1620507526483,32.83777027702017,-117.15748703914059,91.10542733462901,58,86,11,11
1620507526663,32.83777758785264,-117.1575187591476,91.12332601647306,58,86,11,11
1620507526776,32.837784998487194,-117.15755047994357,91.13845041578016,58,85,11,11
1620507526906,32.83779251603713,-117.15758220199527,91.15242326848968,58,85,11,11
1620507527008,32.83781565480662,-117.15767737254632,91.18929427088679,58,85,11,11
1620507527132,32.83782359036455,-117.15770909828466,91.2066205948922,59,85,11,11
1620507527242,32.83783161259123,-117.15774083949218,91.22339908988633,59,85,11,11
1620507527342,32.837839727333794,-117.15777257446895,91.23964902653469,59,85,11,11
1620507527494,32.837847940862204,-117.15780432945718,91.2605440827636,58,84,11,11
1620507527679,32.83785624900993,-117.15783610563928,91.28464531965238,58,83,11,11
1620507527820,32.83788171086389,-117.1579314225261,91.34545982796942,56,82,11,11
1620507527931,32.837890385114825,-117.15796321181585,91.36729678652239,55,81,11,11
1620507528036,32.837899161834706,-117.15799498259028,91.3873250003847,55,80,11,11
1620507528156,32.83790802983846,-117.1580267421478,91.4039845791166,55,80,11,11
1620507528300,32.83791700851004,-117.15805849611846,91.42232627084839,54,79,11,11
1620507528391,32.83792608521725,-117.15809024905629,91.43834035235454,54,79,11,11
1620507528543,32.83793525903195,-117.15812200115963,91.45186412466006,53,78,11,11
1620507528679,32.83794455940452,-117.15815372528581,91.46651182551311,53,78,11,11
1620507528791,32.83795396362607,-117.1581854596018,91.48452940678789,52,77,11,11
1620507529102,32.837992651866166,-117.1583121776992,91.54268322893279,51,74,11,11
1620507529215,32.838002571587815,-117.15834381178628,91.56767953107935,50,74,11,11
1620507529327,32.83801257442803,-117.158375432397,91.59317448259587,50,73,11,11
1620507529417,32.838022668618834,-117.15840703942662,91.61965513756562,50,73,11,11
1620507529572,32.838032838537785,-117.15843862874391,91.639683570593,50,73,11,11
1620507529776,32.83804309698508,-117.1584701927236,91.65260595720054,50,73,11,11
1620507529912,32.83805344310884,-117.15850171376725,91.6605786694731,50,73,11,11
1620507529938,32.838085070504576,-117.15859606048012,91.70279048682194,52,74,11,11
1620507530045,32.83809581368343,-117.15862746006296,91.72420960991408,52,74,11,11
1620507530194,32.83810665313455,-117.15865881321685,91.73802072237423,52,74,11,11
1620507530307,32.838117618460075,-117.15869011822186,91.75096279466717,52,73,11,11
1620507530399,32.838128693422675,-117.15872137026345,91.75800534293396,52,73,11,11
1620507530549,32.838139872664485,-117.15875258210099,91.76461255146603,52,74,11,11
1620507530684,32.83815114619364,-117.15878373811819,91.7674725827912,52,74,11,11
1620507530806,32.83816253932507,-117.15881484226084,91.7763529428908,53,74,11,11
1620507530972,32.83817402777802,-117.15884591528726,91.79284675029234,54,75,11,11
1620507531085,32.838185608669754,-117.15887694454986,91.81158107553486,55,75,11,11
1620507531198,32.83819728157042,-117.15890792752755,91.8297822384066,56,76,11,11
1620507531272,32.83823281325871,-117.15900065127333,91.88523206817042,57,77,11,11
1620507531373,32.83824481846653,-117.15903147851148,91.90842215539847,57,77,11,11
1620507531517,32.83825692598743,-117.15906226940618,91.94001738623288,57,77,11,11
1620507531651,32.8382691361803,-117.15909302794024,91.97671747600843,57,78,11,11
1620507531832,32.83830631315394,-117.1591849850664,92.04818945967958,58,79,11,11
1620507531948,32.838318906587986,-117.15921552340937,92.07304802400955,60,80,11,11
1620507532089,32.838331599189,-117.1592460195331,92.10645709471528,62,81,11,11
1620507532201,32.83834439067351,-117.15927647824111,92.14310050054576,63,83,11,11
1620507532313,32.838357272308194,-117.15930689195554,92.17590722736938,65,84,11,11
1620507532403,32.83837024103631,-117.15933726004077,92.20566935902177,66,84,11,11
1620507532550,32.838383295084476,-117.15936757753715,92.2338642176284,67,85,11,11
1620507532654,32.83839644674842,-117.15939784334087,92.26175555476942,68,86,11,11
1620507532826,32.83843651531254,-117.15948830124611,92.33898429041409,70,89,11,11
1620507532941,32.83845007800565,-117.15951834309008,92.36469733998064,70,89,11,11
1620507533135,32.83846372359789,-117.15954832934005,92.38795574338938,69,89,11,11
1620507533251,32.83847747072801,-117.1595782655254,92.41211111734862,69,89,11,11
1620507533365,32.83849129685709,-117.15960814932637,92.43312355573056,68,89,11,11
1620507533455,32.838505226459176,-117.15963798711547,92.45609652819158,67,89,11,11
1620507533714,32.838561874002856,-117.15975678086583,92.53588203901818,64,88,11,11
1620507533872,32.838576273939736,-117.15978633233256,92.55015681849945,63,88,11,11
1620507533984,32.83859076660333,-117.15981582819266,92.56667672922967,63,88,11,11
1620507534129,32.83860534371953,-117.1598452676404,92.58370123916328,62,88,11,11
1620507534245,32.83862001603849,-117.15987465243349,92.6040955710628,62,88,11,11
