1611350707840,32.88820047044591,-117.22753748481105,35.61431223804885,151,190,12,11
1611350707982,32.88823071200526,-117.22753485532498,35.54114469894253,146,190,12,11
1611350708077,32.88826096544211,-117.22753221282198,35.47213452637375,142,189,12,11
1611350708160,32.8882912332946,-117.2275295502772,35.40542294065169,138,188,12,11
1611350708304,32.88832148661424,-117.22752691980496,35.33524895281434,134,187,12,11
1611350708395,32.8883517510643,-117.22752426932776,35.26756368314277,131,186,12,11
1611350708533,32.88838202227431,-117.22752163263311,35.19932742574741,128,185,12,11
1611350708619,32.88841230043184,-117.22751898083064,35.13029244447056,125,184,12,11
1611350708700,32.888442571965754,-117.22751631119695,35.05684330555953,122,183,12,11
1611350708809,32.88847287308655,-117.22751361112175,34.984643355082255,119,182,12,11
1611350708953,32.88850316064587,-117.2275108824756,34.91162708196026,117,180,12,11
1611350709043,32.888533453833226,-117.22750814746594,34.83848221671941,115,179,12,11
1611350709126,32.88856376043446,-117.2275053923135,34.76244129960559,113,178,12,11
1611350709207,32.88859406521315,-117.22750264175573,34.68462622897303,111,177,12,11
1611350709362,32.88862436841029,-117.22749990670641,34.602531548105766,109,175,12,11
1611350709444,32.888654666843976,-117.2274972009432,34.516352671038206,107,174,12,11
1611350709528,32.88868496171575,-117.22749452546257,34.42612422110575,105,173,12,11
1611350709610,32.88871526526591,-117.22749185745295,34.33435956964714,104,171,12,11
1611350709690,32.888745563683074,-117.22748919388016,34.24043002357924,103,170,12,11
1611350709794,32.888775861196656,-117.2274865388818,34.146949294399725,101,169,12,11
1611350709900,32.88880616013482,-117.22748388901232,34.05482947972699,100,168,12,11
1611350709981,32.888836458176236,-117.22748125312806,33.96301000372284,99,166,12,11
1611350710059,32.88886674165552,-117.22747860326898,33.869493522478976,98,165,12,11
1611350710148,32.88889702008435,-117.22747594568499,33.77800145285395,97,164,12,11
1611350710296,32.88892728468739,-117.22747328554719,33.682818594542006,96,163,12,11
1611350710389,32.88895751853766,-117.22747063480132,33.58718308396156,95,162,12,11
1611350710578,32.88898773521637,-117.22746799316285,33.49392011463516,95,161,12,11
1611350710665,32.889017937828775,-117.22746536555482,33.40002636124051,94,160,12,11
1611350710747,32.889048145678196,-117.22746271786592,33.30627174095906,93,159,12,11
1611350710860,32.88907833437174,-117.22746008434288,33.20936521851801,92,158,12,11
1611350710945,32.889108510493855,-117.22745746633107,33.11239443872425,92,157,12,11
1611350711035,32.8891386789401,-117.22745485633338,33.01916014131763,91,156,12,11
1611350711193,32.88925936073729,-117.22744442681045,32.654243226568084,89,152,12,11
1611350711313,32.8892895234391,-117.22744180253493,32.56205673139862,88,151,12,11
1611350711395,32.88931969614695,-117.22743914884326,32.470859951744856,88,150,12,11
1611350711487,32.88934987510093,-117.22743650522541,32.38099175064403,87,150,12,11
1611350711599,32.889380065256105,-117.22743386229094,32.28772842595711,87,149,12,11
1611350711735,32.8894102424852,-117.22743125607774,32.18714912012781,86,148,12,11
1611350711815,32.88944042477253,-117.22742865060528,32.086819583511144,86,147,12,11
1611350711902,32.88947061548708,-117.22742606402763,31.989009343529595,86,146,11,11
1611350711991,32.889500833968675,-117.22742345968148,31.89424251780372,85,146,10,11
1611350712129,32.889531059692374,-117.227420848656,31.800826976146325,85,145,10,11
1611350712226,32.88956129825696,-117.22741822089291,31.704958570208763,85,144,11,11
1611350712366,32.88959156187767,-117.22741558879842,31.60635557948575,85,144,11,11
1611350712449,32.88962184012225,-117.2274129343985,31.50702318168708,84,143,11,11
1611350712527,32.88965213272971,-117.22741026341947,31.409735841062858,84,143,11,11
1611350712631,32.889682440749155,-117.22740758897302,31.310974970955012,84,142,11,11
1611350712725,32.889712782689635,-117.22740489068961,31.2137908882577,84,141,11,11
1611350712849,32.88974313994863,-117.22740219949026,31.115126206934463,83,141,11,11
1611350712964,32.88977352986888,-117.22739952103987,31.017304847169157,83,140,11,11
1611350713045,32.889803928298335,-117.2273968338706,30.91449453414939,83,140,11,11
1611350713182,32.889834355224025,-117.22739414237691,30.813963681850005,83,139,11,11
1611350713274,32.88986480164427,-117.22739142633442,30.71594199321925,83,139,11,11
1611350713358,32.889895268914366,-117.22738872353283,30.61875138298891,83,138,11,11
1611350713446,32.8899257628227,-117.22738602858912,30.52065701027377,83,138,12,11
1611350713525,32.88995627128988,-117.22738339624907,30.420869385409095,82,137,12,11
1611350713629,32.88998681468619,-117.22738081878099,30.320310377517337,82,137,12,11
1611350713707,32.89001738318266,-117.22737829433935,30.217207456902354,82,137,12,11
1611350713800,32.89004796249943,-117.22737583743482,30.106700864749715,82,136,12,11
1611350713884,32.89007856466772,-117.2273734172916,29.99576435460727,82,136,12,11
1611350713983,32.89010919829195,-117.22737099445243,29.88659472784409,82,135,12,11
1611350714129,32.89013985255985,-117.22736854793635,29.77953639920509,82,135,12,11
1611350714220,32.89017053095418,-117.22736607616751,29.670408873169542,82,135,12,11
1611350714372,32.890201213109485,-117.22736358148276,29.559458772673196,82,134,12,11
1611350714454,32.890231913454,-117.22736104558942,29.45171319486928,82,134,12,11
1611350714537,32.890262635325854,-117.22735849263881,29.34874128333863,82,134,12,11
1611350714638,32.89029337400806,-117.22735593225033,29.249104187529284,82,133,12,11
1611350714730,32.890324121511966,-117.22735339012121,29.152681754030432,82,133,12,11
1611350714811,32.89035487176937,-117.22735084719872,29.06109811133165,82,133,12,11
1611350714937,32.890385651175635,-117.22734827467546,28.96994037113075,81,132,12,11
1611350715080,32.890416412881386,-117.22734568580474,28.875355353028393,81,132,12,11
1611350715225,32.890447190102954,-117.22734305241306,28.78319779165258,81,132,12,11
1611350715317,32.89047796870168,-117.22734038065416,28.68979164016922,81,132,12,11
1611350715410,32.89050873988812,-117.22733770521985,28.598986309152064,81,131,12,11
1611350715491,32.89053954287679,-117.22733503098398,28.512045161718234,81,131,12,11
1611350715575,32.890570334465146,-117.227332366011,28.417177001963765,81,131,12,11
1611350715677,32.89060113130576,-117.2273297024181,28.32024198420275,81,131,12,11
1611350715830,32.8906319335168,-117.2273270248544,28.225276312915156,81,131,12,11
1611350715914,32.8906627557169,-117.22732432708312,28.13102394982782,81,130,12,11
1611350715997,32.890693566872145,-117.22732159342884,28.03428212603588,81,130,12,11
1611350716078,32.89072438707332,-117.22731884597991,27.936914847363603,81,130,12,11
1611350716221,32.890755224441975,-117.22731607792429,27.840463577274228,81,130,12,11
1611350716312,32.89078606221499,-117.22731333775529,27.74323155362198,81,130,12,11
1611350716453,32.89081690616245,-117.22731060720797,27.645164227306783,81,129,12,11
1611350716547,32.8908477541319,-117.22730789536733,27.545005475636003,80,129,12,11
1611350716657,32.89087858424637,-117.22730517692918,27.442009387713075,80,129,12,11
1611350716736,32.89090941751426,-117.22730245803571,27.34003998119754,80,129,12,11
1611350716879,32.89094023509585,-117.22729973287383,27.231302976266555,80,129,12,11
1611350716960,32.89097103133935,-117.22729699173354,27.11653889742539,80,129,12,11
1611350717047,32.8910017944421,-117.22729425654825,26.99731458492569,80,128,12,11
1611350717137,32.89103254698717,-117.22729152732857,26.878450975696026,80,128,12,11
1611350717293,32.8910632733899,-117.2272888115784,26.754350992566305,80,128,12,11
1611350717373,32.89109397633621,-117.22728609080508,26.62843591415111,80,128,12,11
1611350717464,32.891124665142165,-117.22728337742653,26.504086776332436,80,128,12,11
1611350717551,32.89115536212651,-117.22728066146833,26.38873592289638,80,128,12,11
1611350717630,32.89118603821935,-117.22727795564519,26.273772011736288,80,128,12,11
1611350717736,32.891216725869334,-117.22727525781193,26.158920993894885,80,127,12,11
1611350717826,32.891247410554236,-117.22727256092742,26.049393816591856,80,127,12,11
1611350717906,32.89127809624128,-117.22726985901238,25.94659251683061,80,127,12,11
