1618180077919,32.858602180194836,-117.23067836367375,55.757167278840924,48,95,11,11
1618180078032,32.85857380411505,-117.23068117275655,55.69515280952301,48,95,11,11
1618180078161,32.85854540213661,-117.23068390247897,55.602391751824186,48,95,11,11
1618180078359,32.85843244505289,-117.230694788538,55.17815471537905,48,94,11,11
1618180078525,32.8584041990658,-117.23069757410255,55.081056079078955,48,93,11,11
1618180078692,32.85837583286766,-117.23070035160433,54.983589060805144,47,93,11,11
1618180078801,32.858347587638306,-117.23070311432505,54.89074120998268,48,93,11,11
1618180078936,32.85831937378394,-117.23070590906377,54.79370644677109,48,93,11,11
1618180079062,32.85829115824396,-117.23070867727394,54.69622114058839,48,93,11,11
1618180079247,32.858178329554704,-117.23071984998073,54.288539364198655,48,92,11,11
1618180079364,32.85815021113819,-117.23072265261477,54.18665054919764,47,91,11,11
1618180079495,32.858122085675454,-117.23072548189366,54.08228505551702,47,91,11,11
1618180079619,32.85809397237574,-117.23072832340034,53.98072320044581,46,90,11,11
1618180079809,32.85806586326822,-117.23073119723128,53.8739991060676,46,89,11,11
1618180079946,32.85803759648019,-117.23073412229989,53.77094540787015,46,89,11,11
1618180080079,32.858009513141575,-117.23073702094835,53.66194987390768,46,88,11,11
1618180080240,32.857897215210436,-117.23074883418417,53.23704685578923,45,87,11,11
1618180080411,32.85786895692105,-117.23075192388282,53.12625687177868,45,86,11,11
1618180080587,32.857840886346146,-117.23075503213637,53.01284079817034,44,86,11,11
1618180080709,32.8578128498411,-117.2307581979235,52.8870803724254,44,86,11,11
1618180080940,32.857700436430605,-117.23077168592239,52.44778849940308,44,85,11,11
1618180081054,32.85767240537654,-117.23077523531568,52.335340819552115,44,85,11,11
1618180081165,32.857644359829834,-117.23077882945401,52.22581772014782,44,85,11,11
1618180081306,32.857616338210654,-117.23078251442989,52.11360893256559,44,85,11,11
1618180081421,32.85758829388395,-117.23078628757055,52.00463059504243,44,85,11,11
1618180081596,32.85756027928072,-117.23079011466257,51.89678961828438,44,85,11,11
1618180081717,32.85753199086308,-117.23079408311092,51.78801882050503,44,84,11,11
1618180081944,32.85741986615989,-117.23081081225133,51.3642308962643,44,84,11,11
1618180082058,32.85739186088559,-117.23081528454148,51.263315201237326,44,83,11,11
1618180082171,32.85736384293744,-117.23081989876243,51.16541567337704,44,83,11,11
1618180082303,32.85733579585365,-117.23082461414947,51.06822940927524,44,83,11,11
1618180082486,32.857307733839676,-117.230829441089,50.9712725089838,43,82,11,11
1618180082746,32.857195423013486,-117.23084976616968,50.56348946860796,42,80,11,11
1618180082862,32.85716731531954,-117.23085510762817,50.45342967225128,42,80,11,11
1618180082972,32.85713921281776,-117.23086058696032,50.34394043346549,42,80,11,11
1618180083086,32.85711111735345,-117.23086622960946,50.23580476314946,43,80,11,11
1618180083204,32.85708300591853,-117.23087201231864,50.13660058446739,43,80,11,11
1618180083338,32.8570548992767,-117.23087790270118,50.038092686427426,43,80,11,11
1618180083453,32.85702676253418,-117.23088387371594,49.94763924815366,43,79,11,11
1618180083577,32.8569985930048,-117.23088988384237,49.853812580281016,43,79,11,11
1618180083843,32.856886062330574,-117.23091544904864,49.41436551732157,46,81,11,11
1618180083961,32.856857927129155,-117.23092224556517,49.31127654256853,47,81,11,11
1618180084084,32.8568298025891,-117.2309292011855,49.20066928542813,47,82,11,11
1618180084194,32.85680168564888,-117.23093628987326,49.087535538935185,48,82,11,11
1618180084326,32.856773580296874,-117.23094351127317,48.972996092619894,49,83,11,11
1618180084497,32.856745468225164,-117.230950860685,48.86561358921125,49,83,11,11
1618180084637,32.856661121520844,-117.23097354788025,48.56099342255516,51,83,11,11
1618180084776,32.85663300463148,-117.230981314668,48.46295491996233,51,83,11,11
1618180084892,32.85660488947622,-117.23098919157265,48.36376826562754,51,83,11,11
1618180085004,32.856576779597134,-117.23099717696955,48.2632441826343,52,84,11,11
1618180085118,32.85654868745537,-117.23100529789355,48.16009162529671,53,84,11,11
1618180085231,32.85652061862798,-117.23101356039915,48.055061739207176,54,85,11,11
1618180085363,32.8564925759641,-117.231021963715,47.950359803878065,55,85,11,11
1618180085481,32.85646455067784,-117.23103051462037,47.852104434548515,55,86,11,11
1618180085741,32.856352630809674,-117.23106575389974,47.45432709974132,57,87,11,11
1618180085857,32.85632470824789,-117.23107484730562,47.35280394714182,58,87,11,11
1618180085967,32.8562968116917,-117.23108402692013,47.24947838833825,58,87,11,11
1618180086081,32.856268952961145,-117.23109332293457,47.14498987185493,58,87,11,11
1618180086194,32.85624113231437,-117.23110274903304,47.04303553114982,58,87,11,11
1618180086328,32.85621333864052,-117.23111227837192,46.945652680244926,58,87,11,11
1618180086499,32.856185491920364,-117.23112173960816,46.85298751743057,57,87,11,11
1618180086742,32.856074727447066,-117.23116108377204,46.470993228685245,58,89,11,11
1618180086858,32.85604715593565,-117.23117122639653,46.37452294031821,59,89,11,11
1618180086978,32.85601956673672,-117.23118135334647,46.27915312215155,58,90,11,11
1618180087092,32.855992087511055,-117.23119175906264,46.18112752371357,59,90,11,11
1618180087203,32.85596465877347,-117.23120229092598,46.0836332625931,60,91,11,11
1618180087342,32.855937279242845,-117.23121295638451,45.984412593779616,60,91,11,11
1618180087457,32.85590994746101,-117.2312237246521,45.88400265522785,60,91,11,11
1618180087617,32.85588265984309,-117.23123462518409,45.78546720022921,60,92,11,11
1618180087731,32.85585542465045,-117.23124560364984,45.68821881363967,60,91,11,11
1618180087852,32.85582822781061,-117.23125673202208,45.59860983246587,60,92,11,11
1618180088049,32.855719683798256,-117.2313019824365,45.217223568457754,57,90,11,11
