1631740337164,32.788944906828505,-117.01799462108552,152.71124404109804,32,53,15,11
1631740337306,32.78895924620076,-117.01798991609645,152.76481040637927,32,53,15,11
1631740337502,32.78897363412755,-117.0179852901792,152.81640604520285,32,52,15,11
1631740337664,32.788988063790256,-117.01798074751258,152.86920559349235,31,52,15,11
1631740337782,32.78900258718262,-117.01797628324202,152.92373511829396,31,52,15,11
1631740337905,32.78901703863478,-117.01797192511414,152.97553620624467,31,52,15,11
1631740338103,32.7890749473456,-117.01795537489411,153.18179622367896,30,50,15,11
1631740338215,32.789089518656205,-117.01795138730873,153.23195230192292,29,50,15,11
1631740338324,32.789104007203505,-117.01794750848967,153.29046809987977,29,49,15,11
1631740338492,32.78911847630789,-117.01794371974978,153.35183310283256,29,49,15,11
1631740338647,32.7891329584019,-117.0179399884772,153.41686236887972,29,49,15,11
1631740338910,32.78919101745884,-117.01792568083471,153.6558462278577,28,47,15,11
1631740339027,32.78920548856794,-117.0179223005659,153.7148570114112,28,47,15,11
1631740339201,32.78921995463903,-117.01791896311316,153.77911232495077,28,47,15,11
1631740339287,32.789234432906156,-117.01791569157426,153.83856569932462,28,47,15,11
1631740339430,32.789248912490116,-117.01791249950767,153.89891882274418,27,47,15,11
1631740339557,32.78929232389898,-117.01790319549865,154.0822497451159,28,47,15,11
1631740339700,32.789306805393785,-117.01790022883291,154.14156522900137,28,47,15,11
1631740339843,32.789321282660914,-117.0178973367954,154.19806174910707,28,47,15,11
1631740339962,32.789335738126965,-117.0178945077989,154.24243071176093,28,46,14,11
1631740340075,32.78935018948169,-117.01789174838379,154.28231114357945,27,46,14,11
1631740340190,32.789364664981306,-117.01788908812449,154.33212434001953,27,46,14,11
1631740340300,32.78937910823291,-117.01788651831188,154.38413242910164,28,47,14,11
1631740340420,32.789393537025866,-117.01788406357848,154.4295375272595,28,47,14,11
1631740340600,32.789436761420035,-117.01787714042378,154.58666628055636,28,47,14,11
1631740340714,32.7894511682334,-117.01787502308217,154.6507885606334,28,47,14,11
1631740340851,32.78946556806676,-117.01787301566134,154.71056745588302,29,47,14,11
1631740340971,32.78947992173209,-117.01787109516106,154.7571347829863,28,47,14,11
1631740341077,32.78949426324864,-117.01786923957772,154.8059826477706,28,47,14,11
1631740341248,32.78950863205582,-117.01786743460782,154.8558345467459,28,47,14,11
1631740341333,32.78952294395281,-117.0178657261477,154.90591655659193,28,47,14,11
1631740341516,32.78956570708107,-117.01786101651103,155.03351648842803,29,48,15,11
1631740341630,32.78957988621705,-117.01785954613267,155.07053825429693,29,48,15,11
1631740341775,32.78959409998831,-117.01785813679484,155.1071672323361,29,48,15,11
1631740341913,32.789608195383664,-117.01785682367982,155.14554950991587,29,48,15,11
1631740342026,32.78962225808821,-117.01785556110485,155.18715377175752,29,48,15,11
1631740342145,32.789636272186236,-117.0178543860293,155.234241106167,29,48,15,11
1631740342270,32.789650257787116,-117.01785325167326,155.28472479570382,29,48,15,11
1631740342486,32.78970580896567,-117.0178493634606,155.43999415860344,29,48,14,11
1631740342600,32.78971948209298,-117.01784857330537,155.46824125856398,29,48,14,11
1631740342744,32.78973310485812,-117.0178477946405,155.50428434168532,28,48,14,11
1631740342882,32.78974664319964,-117.01784709918319,155.54990080523126,29,48,14,11
1631740342995,32.78976019807084,-117.0178464393491,155.59458563844743,29,48,14,11
1631740343110,32.78977351819058,-117.0178458489263,155.63533770701082,29,48,14,11
1631740343282,32.78978672692514,-117.01784531822032,155.6731604876916,28,47,14,11
1631740343494,32.78983836216816,-117.0178435129896,155.8471572721689,29,48,14,11
1631740343608,32.7898509862188,-117.01784316275435,155.88947809855821,29,48,15,11
1631740343756,32.78986349123829,-117.01784284763474,155.928747848019,29,48,14,11
1631740343892,32.78987588263721,-117.01784257140444,155.9676741280221,30,48,14,11
1631740344005,32.78988816258123,-117.01784231096315,156.0127050747127,30,48,14,11
1631740344119,32.78990032457592,-117.01784210921494,156.0532812565451,30,48,14,11
1631740344235,32.789912359984164,-117.01784191418285,156.09297703056922,30,48,14,11
1631740344361,32.78992428597968,-117.01784174170633,156.1379770655481,30,48,14,11
1631740344557,32.78997077963008,-117.0178413072193,156.2976481484996,30,47,14,11
1631740344672,32.78998209656863,-117.01784127147751,156.34859744673057,31,48,15,11
1631740344887,32.78999329482162,-117.01784124158621,156.40720068166712,31,48,15,11
1631740345008,32.79000437580607,-117.01784121031464,156.45937560118313,32,48,15,11
1631740345123,32.790015339056936,-117.01784121360464,156.50995463525138,32,48,15,11
1631740345393,32.79005820280392,-117.01784131284748,156.7119663111637,32,48,15,11
1631740345521,32.79006870711087,-117.01784133839543,156.75944700828887,32,48,15,11
1631740345683,32.79007914831436,-117.01784140407445,156.80383814007703,32,48,15,11
1631740345827,32.7900895004613,-117.01784146856335,156.8451283761735,32,48,15,11
1631740345997,32.790099835766874,-117.01784158109044,156.88342098752855,31,48,15,11
1631740346115,32.79011004558573,-117.01784167587773,156.92026388750398,31,47,15,11
1631740346262,32.79015021718938,-117.01784201646404,157.09559160596405,30,48,15,11
1631740346413,32.790160119867245,-117.0178420949158,157.13935539760496,30,47,15,11
1631740346542,32.79016989735384,-117.01784217873802,157.17965420169747,29,47,15,11
1631740346656,32.79017961886574,-117.01784224213702,157.21961431636893,29,47,14,11
1631740346852,32.79018922768646,-117.01784232279675,157.26393872354524,28,47,14,11
1631740346992,32.79019878903956,-117.01784242993828,157.3096769588751,28,47,14,11
1631740347171,32.79023631001358,-117.01784276974804,157.49096979356597,28,47,14,11
1631740347313,32.790245451174265,-117.0178428902718,157.53374461371286,28,47,13,11
