1610059144277,32.87628686992615,-117.23051900089997,64.34183574252438,91,145,15,11
1610059144358,32.87628834505916,-117.23052892781443,64.35097474044936,91,145,15,11
1610059144475,32.87628983216248,-117.2305388226134,64.35954881259183,91,144,15,11
1610059144614,32.876291307058565,-117.2305486787337,64.36526436950204,90,144,15,11
1610059144702,32.87629280016028,-117.23055854595351,64.37641099567726,90,143,15,11
1610059144781,32.87629430149461,-117.230568402169,64.38591026070709,90,143,15,11
1610059144865,32.87629580587979,-117.23057825614369,64.40019757831872,89,142,15,11
1610059144965,32.876297321723825,-117.23058813361568,64.41121377520963,89,142,15,11
1610059145125,32.87629884661279,-117.2305980367014,64.419416376593,89,141,15,11
1610059145210,32.87630038825144,-117.23060802276424,64.4374071812814,88,141,15,11
1610059145291,32.876301957796976,-117.23061803965382,64.4487111168348,88,140,15,11
1610059145372,32.87630355932279,-117.23062810070056,64.4593102108834,88,140,15,11
1610059145476,32.876305203210315,-117.23063824947158,64.4689180319202,87,139,15,11
1610059145609,32.876306865698176,-117.23064845170846,64.48356390701343,87,139,15,11
1610059145704,32.87630858398821,-117.23065870714332,64.49841970542222,87,139,15,11
1610059145783,32.87631033338992,-117.23066901279185,64.51200396352647,87,138,15,11
1610059145995,32.87631772518991,-117.23071091546872,64.58091048880125,86,137,15,11
1610059146084,32.876319678340714,-117.23072159638431,64.60125109071872,86,136,15,11
1610059146178,32.87632168253185,-117.23073239157937,64.62246178039061,86,136,15,11
1610059146273,32.876323728131034,-117.23074328617366,64.6446793716994,86,136,15,11
1610059146412,32.876325827814675,-117.2307542898125,64.66702441537686,86,136,15,11
1610059146495,32.87632793540954,-117.23076542780578,64.68765600310616,85,135,15,11
1610059146588,32.87633009349286,-117.23077670787256,64.71094806629398,85,135,15,11
1610059146661,32.87633229921968,-117.23078810263375,64.73833509280634,85,135,15,11
1610059146789,32.876334543150385,-117.23079961316166,64.76548523761353,85,134,15,11
1610059146936,32.876336813846144,-117.23081124604487,64.78874694838422,85,134,15,11
1610059147019,32.87633914041759,-117.23082301008476,64.81576168584827,85,134,15,11
1610059147111,32.87634148799932,-117.23083490301023,64.84503131721634,85,133,15,11
1610059147190,32.87634386613785,-117.23084692612898,64.87446889956294,84,133,15,11
1610059147301,32.87634628441403,-117.2308590635441,64.90121410012455,84,133,15,11
1610059147426,32.87634874977905,-117.23087131507272,64.9267525686026,84,133,15,11
1610059147530,32.87635111535649,-117.23088378904724,64.95190936755112,85,133,15,11
1610059147612,32.8763535159062,-117.23089638314694,64.97850608210719,85,132,15,11
1610059147681,32.876355979773656,-117.23090909019785,65.00754575123571,85,132,15,11
1610059147792,32.87635849694933,-117.2309218877826,65.03724774011978,85,132,15,11
1610059147873,32.87636104650824,-117.23093477458409,65.06680658222032,85,132,15,11
1610059148082,32.87636361012131,-117.2309477524417,65.09692013501137,85,132,15,11
1610059148175,32.87636623113338,-117.23096078398218,65.12847287514288,85,132,15,11
1610059148286,32.87636888100148,-117.23097387065697,65.16021295774993,86,131,15,11
1610059148391,32.87637165209896,-117.23098691685574,65.19261044896103,85,131,15,11
1610059148513,32.876374439634795,-117.23100002327507,65.22698311735694,85,131,15,11
1610059148618,32.876377267322745,-117.23101318773489,65.26301680416132,85,131,15,11
1610059148697,32.876380119386255,-117.23102636247908,65.29861237993715,85,131,15,11
1610059148784,32.876382953756135,-117.23103954747701,65.32647948264989,85,131,15,11
1610059148892,32.876385813732256,-117.2310526732073,65.3483390469992,85,130,15,11
1610059148979,32.8763887315334,-117.2310658039165,65.37834981827693,84,130,15,11
1610059149133,32.87639165442141,-117.23107896174831,65.42371747425597,84,130,15,11
1610059149214,32.876394567234634,-117.23109207903212,65.46793071837831,84,130,15,11
1610059149295,32.876397472407604,-117.23110515295667,65.5041691009363,84,130,15,11
1610059149397,32.876400377783,-117.23111817730664,65.53742791944677,84,130,15,11
1610059149527,32.87640331205243,-117.23113116155183,65.56983901967696,84,130,15,11
1610059149618,32.87640622771553,-117.2311440891163,65.6036052109494,83,129,15,11
1610059149703,32.87640915506451,-117.23115696111189,65.63958851041416,83,129,15,11
1610059149785,32.87641208349961,-117.2311697749675,65.67349123528744,83,129,15,11
1610059149888,32.876415034917024,-117.23118252712221,65.70774038187635,83,129,15,11
1610059149966,32.876417962573335,-117.2311952109107,65.74131192623675,83,129,15,11
1610059150106,32.876420931178,-117.23120781201406,65.77522197031185,83,129,15,11
1610059150269,32.87642390845969,-117.23122035942298,65.8122318483474,82,129,15,11
1610059150348,32.876426865887424,-117.23123283861263,65.84920418879108,82,128,15,11
1610059150457,32.87642984635139,-117.23124526282737,65.88742710765744,82,128,15,11
1610059150581,32.87643283205938,-117.23125765641628,65.92483533581505,82,128,15,11
1610059150673,32.876435830534284,-117.23127002261033,65.96395574190336,82,128,15,11
1610059150756,32.87643880348783,-117.231282381735,66.00400517810861,82,128,15,11
1610059150847,32.87644177336329,-117.23129473121661,66.04337799899999,82,128,15,11
1610059150954,32.87644473451046,-117.23130710572929,66.08474294268704,82,128,15,11
1610059151033,32.87644770547993,-117.23131949224776,66.12841333871978,82,128,15,11
1610059151120,32.87645068474295,-117.23133188304709,66.17040079179812,81,128,15,11
1610059151279,32.87645368314523,-117.23134427570926,66.21008857101403,81,128,15,11
1610059151360,32.87645669336081,-117.23135667632401,66.2498893751633,81,128,15,11
1610059151460,32.8764597071548,-117.2313690826028,66.29001839003419,81,127,15,11
1610059151587,32.876462751963665,-117.2313815017287,66.32899682013351,81,127,15,11
1610059151690,32.87646578771555,-117.2313939229663,66.36815302614474,81,127,15,11
1610059151771,32.876468808100284,-117.23140633005121,66.41033375180095,81,127,15,11
1610059151881,32.87647184696628,-117.23141870975263,66.45383100294514,81,127,15,11
1610059151993,32.87648086565405,-117.23145558654453,66.56778380089172,80,127,15,11
1610059152080,32.87648385546827,-117.2314677633756,66.60204187031543,80,127,15,11
1610059152178,32.87648685400134,-117.2314799080411,66.64453813714243,80,127,15,11
1610059152282,32.87648983084135,-117.23149199296294,66.68431154075947,80,127,15,11
1610059152403,32.87649281017898,-117.23150405626653,66.73352448121948,80,127,15,11
1610059152497,32.8764957652819,-117.23151608129129,66.77623423068025,80,126,15,11
1610059152576,32.87649870425919,-117.23152799811822,66.81006597378146,80,126,15,11
1610059152692,32.87650158821789,-117.2315397765771,66.82026436419002,80,126,15,11
1610059152792,32.87650448721225,-117.23155145548488,66.82918991012775,80,126,15,11
1610059152877,32.876507369650284,-117.23156301896131,66.84706088255228,80,126,15,11
1610059153038,32.876510218757545,-117.23157446822752,66.8661354297768,80,126,15,11
1610059153117,32.876513035415144,-117.23158580598258,66.89144461172856,80,126,15,11
1610059153199,32.87651583279747,-117.2315970789308,66.93297409132019,80,126,15,11
1610059153310,32.876518594583686,-117.23160823566634,66.96974220396285,80,126,15,11
1610059153440,32.87652131127162,-117.23161926919884,67.00189093101235,80,126,15,11
1610059153531,32.876524012803884,-117.23163015978389,67.02588695275432,80,126,15,11
1610059153610,32.876526705331784,-117.23164094178586,67.0474545649914,80,126,15,11
1610059153700,32.87652934975728,-117.23165161030848,67.07053049050569,80,126,15,11
1610059153800,32.87653197131442,-117.23166216470958,67.09204781447248,80,126,15,11
1610059153950,32.876534590346694,-117.23167259021203,67.11432314795954,80,126,15,11
1610059154093,32.87653717487603,-117.23168292164337,67.13846003868342,80,126,15,11
1610059154183,32.87653974213751,-117.23169317078549,67.16325564587963,80,126,15,11
1610059154264,32.87654230388199,-117.23170330024762,67.18814301162806,80,126,15,11
1610059154367,32.876544820026936,-117.23171333449154,67.20792847795691,79,125,15,11
