1612316895830,32.87535170169442,-117.19759497630494,77.60899399181581,79,121,15,11
1612316895947,32.87535803724156,-117.19759783147569,77.63198320176252,79,122,15,11
1612316896029,32.875364295967955,-117.19760079387837,77.65294456386708,79,122,15,11
1612316896131,32.875370456653236,-117.19760395803169,77.66803641617803,79,122,15,11
1612316896213,32.87537650905942,-117.19760734218065,77.6774614943465,80,121,15,11
1612316896344,32.875382461934535,-117.19761096959637,77.692018370296,80,122,15,11
1612316896435,32.87538829513648,-117.19761484567482,77.70620890272619,80,122,15,11
1612316896520,32.875394001784386,-117.1976189619045,77.71319561675536,81,122,15,11
1612316896680,32.87539962663191,-117.19762333171961,77.72261274409766,81,122,15,11
1612316896762,32.875405149849634,-117.19762798477883,77.73222264565439,81,122,15,11
1612316896833,32.87541049547559,-117.19763296111853,77.73920104084188,81,122,15,11
1612316896939,32.87541569175458,-117.19763824717748,77.75010207813145,82,122,15,11
1612316897024,32.87542083215855,-117.19764373972097,77.75555467780481,82,122,15,11
1612316897126,32.87542583584192,-117.19764953323578,77.75589870344686,82,122,15,11
1612316897206,32.8754305609008,-117.19765575357279,77.76013780246036,83,122,15,11
1612316897357,32.875435061314256,-117.19766229360609,77.76252352860365,83,122,15,11
1612316897442,32.87543942336945,-117.19766905224904,77.75421000109628,83,122,15,11
1612316897582,32.875443618932756,-117.19767605916113,77.74186357245506,83,122,15,11
1612316897735,32.87544754533117,-117.19768341630673,77.72998515664882,84,122,15,11
1612316897827,32.875451230283396,-117.19769106585132,77.7120909648709,84,122,15,11
1612316897897,32.87545466944505,-117.19769900609121,77.69594968583816,85,122,15,11
1612316897988,32.87545788217616,-117.19770724254771,77.68510902769073,85,122,15,11
1612316898083,32.87546088037927,-117.19771573017509,77.66449046951635,85,122,15,11
1612316898186,32.87546363039447,-117.19772451619343,77.64293196871343,85,122,15,11
1612316898270,32.87546608930394,-117.19773360591316,77.62555740299084,86,122,15,11
1612316898400,32.87546830212386,-117.1977429487733,77.60650272010946,86,122,15,11
1612316898504,32.87547029839426,-117.19775254345548,77.59005243767761,86,122,15,11
1612316898584,32.87547204153334,-117.19776236849539,77.56796860225562,87,122,15,11
1612316898760,32.87547342519583,-117.19777149002684,77.55086364577423,89,124,15,11
1612316898901,32.87547476754343,-117.19778191386648,77.53290355057929,93,125,15,11
1612316898980,32.875475897851466,-117.19779257897073,77.51757357321037,96,127,15,11
1612316899083,32.87547682049258,-117.19780347148327,77.50293405869449,99,129,15,11
1612316899161,32.87547753933705,-117.1978145813,77.4881181042381,103,131,15,11
1612316899265,32.875478085820966,-117.19782590935698,77.47113251079564,106,133,15,11
1612316899349,32.875478414135024,-117.19783629283904,77.45653193670918,110,134,15,11
1612316899484,32.87547861118824,-117.19784802970585,77.44108390989507,114,136,15,11
1612316899643,32.87547791361162,-117.19789699742611,77.38547883801158,130,144,15,11
1612316899724,32.875477428642974,-117.19790845329885,77.37733707465034,134,146,15,11
1612316899843,32.8754767630233,-117.19792134986815,77.36716289849012,138,148,15,11
1612316899944,32.87547596430589,-117.19793441964629,77.35050352795793,143,150,15,11
1612316900049,32.875475065983466,-117.19794767255422,77.33642145018624,147,152,15,11
1612316900146,32.87547408927824,-117.1979610975685,77.32275890756026,152,154,15,11
1612316900297,32.875473044943874,-117.19797470006,77.31061890317451,157,156,15,11
1612316900380,32.87547204656142,-117.19798707174046,77.30152002665145,161,158,15,11
1612316900463,32.875470857593875,-117.19800093183626,77.28898271115585,166,160,15,11
1612316900568,32.87546956592424,-117.1980149044183,77.27633556382135,171,163,15,11
1612316900718,32.87546818960083,-117.19802898274077,77.26529512914426,176,165,15,11
1612316900800,32.87546672188843,-117.19804313898074,77.2533580314541,181,167,15,11
1612316900892,32.87546548612745,-117.19805797848417,77.22164043475512,164,165,15,11
1612316900978,32.87546407874984,-117.19807241790313,77.19410089020256,151,163,15,11
1612316901082,32.875462533052115,-117.19808682501741,77.17047458539457,142,161,15,11
1612316901165,32.87546087115782,-117.19810120688243,77.14553549087752,135,159,15,11
1612316901291,32.875459144424525,-117.1981155926979,77.1202485766147,129,158,15,11
1612316901388,32.87545735552143,-117.19813000333271,77.097851809886,124,156,15,11
1612316901526,32.87545552617166,-117.19814443566561,77.07584449127773,120,155,15,11
1612316901619,32.875453693165404,-117.19815892444718,77.05319567279,116,154,15,11
1612316901776,32.8754518328384,-117.19817347262185,77.03193007802847,113,152,15,11
1612316901848,32.87544994619853,-117.19818809443403,77.01032900032341,110,151,15,11
1612316901957,32.875448038912616,-117.19820281068998,76.99051169293686,108,150,15,11
1612316902040,32.87544610121477,-117.19821759827522,76.96954085634586,105,149,15,11
1612316902143,32.87544414422668,-117.19823247081725,76.94663714843598,103,148,15,11
1612316902223,32.875442152061616,-117.1982474195016,76.92357191808651,101,147,15,11
1612316902367,32.8754401194934,-117.19826245354265,76.90220263711882,100,146,15,11
1612316902453,32.875438076964976,-117.19827759278243,76.88515725606213,98,145,15,11
1612316902538,32.875435998630955,-117.19829280254157,76.86743774280522,97,144,15,11
1612316902697,32.875433907834655,-117.19830809834417,76.84671888998923,96,143,15,11
1612316902781,32.87543179582718,-117.19832349699784,76.8297180906137,95,142,15,11
1612316902864,32.875429661992314,-117.19833897353044,76.81012529923062,94,141,15,11
1612316902951,32.875427515759824,-117.19835453085945,76.78638391098258,93,141,15,11
1612316903039,32.87542534192721,-117.19837018205628,76.76315075071943,92,140,15,11
1612316903131,32.8754231081527,-117.19838591798155,76.74145938002431,91,139,15,11
1612316903237,32.87542080735191,-117.19840174261384,76.72150077039385,91,139,15,11
1612316903383,32.87541844972498,-117.19841766827264,76.7043812173809,90,138,15,11
1612316903464,32.875416013001704,-117.19843367805986,76.68755007872835,89,137,15,11
1612316903605,32.87541351169909,-117.19844977914177,76.67018811720996,89,137,15,11
1612316903759,32.87541095427843,-117.19846596749662,76.65157837567908,88,136,15,11
1612316903863,32.87540833869721,-117.198482245465,76.63264397844462,88,136,15,11
1612316903932,32.875405698711475,-117.1984986321551,76.61638561656619,88,135,15,11
1612316904026,32.875403029747396,-117.19851511624859,76.59986307833047,87,134,15,11
1612316904107,32.875400344456054,-117.1985316682045,76.57628860302196,87,134,15,11
1612316904204,32.8753976312126,-117.1985483010383,76.55099186506611,87,134,15,11
1612316904304,32.875394898879776,-117.19856507657411,76.53845519667172,86,133,15,11
1612316904438,32.87539217082863,-117.1985819289942,76.52423568024706,86,133,15,11
1612316904522,32.875389460276175,-117.19859882533106,76.49426001714818,86,132,15,11
1612316904604,32.875386755685824,-117.19861584147854,76.4745937257868,86,132,15,11
1612316904795,32.87538404545101,-117.19863290071439,76.4451246281466,85,131,15,11
1612316904875,32.875381345948284,-117.19865001089741,76.4050279108857,85,131,15,11
1612316904961,32.87537862129109,-117.19866722333322,76.37275474902808,85,131,15,11
1612316905051,32.87537589902317,-117.1986845034884,76.33602431356134,85,130,15,11
1612316905144,32.87537315166162,-117.19870187266153,76.28770536133922,85,130,15,11
1612316905238,32.87537038600284,-117.19871930301963,76.23897118541687,84,130,15,11
1612316905330,32.87536759889391,-117.19873693637192,76.19551766377867,84,129,15,11
1612316905551,32.87535681384355,-117.1988076956736,76.0918201185021,83,128,15,11
1612316905650,32.87535412708362,-117.19882552449702,76.06676106772996,83,128,15,11
1612316905737,32.87535140194932,-117.19884358738827,76.04233008277558,83,127,15,11
1612316905845,32.8753486890554,-117.19886158109315,76.02367791553996,82,127,15,11
1612316905944,32.8753459676995,-117.19887962924292,76.00333250685382,82,127,15,11
