1633099073390,32.71462962766288,-117.14692648836106,-6.884948876638933,41,100,15,11
1633099073537,32.71463526736301,-117.14693077618878,-6.90698138172044,41,100,15,11
1633099073698,32.71464088294982,-117.1469350809153,-6.9323419756909646,41,100,15,11
1633099073924,32.714657798655885,-117.1469479056348,-7.001917390101008,42,100,15,11
1633099074033,32.714663463538386,-117.14695214285793,-7.023612693023593,42,100,15,11
1633099074178,32.71466914874808,-117.14695634843189,-7.0409882535332216,42,100,15,11
1633099074293,32.71467487110743,-117.14696055851383,-7.06046342605576,42,100,15,11
1633099074407,32.71468057006538,-117.14696470522678,-7.083378792393009,42,100,15,11
1633099074518,32.714686320358545,-117.14696883898485,-7.106795274400557,42,100,15,11
1633099074695,32.71470353792277,-117.14698117353696,-7.1813055052313555,42,100,15,11
1633099074808,32.714709312457565,-117.14698518834626,-7.197716541317511,41,99,15,11
1633099074923,32.71471501067093,-117.14698917244036,-7.2217958376855,40,97,15,11
1633099075036,32.71472064156492,-117.14699311183416,-7.248697269542519,40,96,15,11
1633099075179,32.714726256226626,-117.14699696567294,-7.266902980385904,39,95,15,11
1633099075301,32.71473180940718,-117.14700069619713,-7.2878613914927355,38,93,15,11
1633099075513,32.714748089202615,-117.14701157881152,-7.3494663204437956,37,91,15,11
1633099075688,32.714753360469274,-117.1470150301606,-7.365709991595862,36,90,15,11
1633099075800,32.7147585794266,-117.14701840944822,-7.385281985987942,36,89,15,11
1633099075918,32.71476371015658,-117.14702172398681,-7.405072461359463,36,89,15,11
1633099076032,32.71476874926131,-117.14702497293791,-7.423687223337245,36,88,15,11
1633099076145,32.714773762597524,-117.14702816355349,-7.440481241093349,35,87,15,11
1633099076292,32.714778690156045,-117.14703126744627,-7.461767478537663,35,87,15,11
1633099076503,32.7147980802427,-117.14704327855662,-7.545538530260624,36,87,15,11
1633099076677,32.71480299978292,-117.14704625226977,-7.57264889126427,36,88,15,11
1633099076795,32.71480788844413,-117.1470491819808,-7.598039546046268,37,89,15,11
1633099076913,32.71481279105226,-117.14705212792414,-7.62432142134491,38,90,15,11
1633099077025,32.71481767971114,-117.14705504692297,-7.648637215246216,39,91,15,11
1633099077148,32.71482259409697,-117.14705794439583,-7.675898203797378,39,92,15,11
1633099077444,32.71484243544616,-117.14706949907061,-7.769951080041982,40,93,15,11
1633099077580,32.71484743173367,-117.14707238141638,-7.79365033034088,40,93,15,11
1633099077721,32.71485242715446,-117.14707524455977,-7.812039115093728,40,93,15,11
1633099077876,32.71485748100581,-117.14707806000156,-7.830358794906612,40,93,15,11
1633099077986,32.71486259276988,-117.14708090760641,-7.849692556295222,40,93,15,11
1633099078098,32.71486763918899,-117.14708377324382,-7.864524218885211,40,93,15,11
1633099078270,32.71488804586058,-117.14709496255699,-7.944011436924215,40,94,15,11
1633099078483,32.714893170250896,-117.14709774149664,-7.963301584839087,40,94,15,11
1633099078627,32.71489826987177,-117.14710044809944,-7.986581215858443,40,94,15,11
1633099078804,32.71490338141207,-117.1471031046482,-8.007762392352122,40,94,15,11
1633099078999,32.714923916494364,-117.14711362084954,-8.101024949017692,40,94,15,11
1633099079111,32.71492904376719,-117.14711616934409,-8.12534392955007,40,95,15,11
1633099079225,32.71493417936127,-117.14711869561539,-8.148741454141483,40,95,15,11
1633099079338,32.714939302744426,-117.14712120519798,-8.17008217798212,40,95,15,11
1633099079697,32.71495986914645,-117.14713103495525,-8.234488592594868,37,91,15,11
1633099079809,32.71496504865275,-117.14713348895573,-8.25985779949017,37,91,15,11
1633099079965,32.714970227603075,-117.14713588931005,-8.286228668275024,37,92,15,11
1633099080077,32.71497542345941,-117.14713827938844,-8.305000734734811,37,91,15,11
1633099080222,32.714980657878094,-117.14714065319693,-8.322015255435277,37,90,15,11
1633099080340,32.71498593223844,-117.1471430286094,-8.344415546019388,37,90,15,11
1633099080485,32.715002123784124,-117.1471502172905,-8.417543789466194,37,91,15,11
1633099080625,32.71500772388454,-117.14715262560605,-8.44014632156253,37,91,15,11
1633099080774,32.71501339883368,-117.1471550281323,-8.468643471942928,38,91,15,11
1633099080892,32.71501919623281,-117.14715746809559,-8.499304842129796,38,92,15,11
1633099081010,32.715025077669694,-117.1471599195001,-8.527184818596563,38,93,15,11
1633099081121,32.7150311074424,-117.14716243779907,-8.554275551342451,39,93,15,11
1633099081390,32.71505656801107,-117.14717287138359,-8.653300877545032,39,91,14,11
1633099081490,32.71506332986712,-117.14717556425171,-8.677826295715125,39,91,14,11
1633099081696,32.71507027120674,-117.14717830489492,-8.703108214822548,39,91,14,11
1633099081807,32.71507736443939,-117.14718109666484,-8.732691499687345,40,91,14,11
1633099081927,32.715084632686484,-117.14718392500787,-8.764469617139214,40,91,14,11
1633099082039,32.71509207381587,-117.14718678482778,-8.795251263084532,41,91,14,11
1633099082289,32.71512346460872,-117.14719857868455,-8.923853385185737,43,93,14,11
1633099082402,32.715131739310856,-117.14720160018501,-8.962295320221907,44,93,14,11
1633099082539,32.715140193250114,-117.14720462000649,-9.004754494984855,46,94,13,11
1633099082666,32.715148792053846,-117.14720764141512,-9.049051436000507,46,95,13,11
1633099082815,32.715157580451994,-117.14721068014929,-9.092493146634146,47,95,15,11
1633099082928,32.7151665415991,-117.14721372621975,-9.138241925144039,49,96,15,11
1633099083038,32.71517565649026,-117.14721678508609,-9.173819812501499,49,97,15,11
1633099083151,32.71518495944714,-117.14721984517428,-9.215808806948266,50,97,15,11
1633099083263,32.715194399334486,-117.14722289133907,-9.244654614064649,49,96,15,11
1633099083382,32.71522379099436,-117.14723193071468,-9.365737513721783,50,96,15,11
1633099083549,32.71523388896142,-117.14723489887216,-9.405094873062914,49,95,14,11
