1483237181248,32.8812164166135,-117.22921944793447,69.13745848655736,90,136,11,11
1483237181384,32.881219616140314,-117.22922459144664,69.15596542053584,90,137,10,11
1483237181503,32.88122278595874,-117.22923005408242,69.18820871551404,88,137,10,11
1483237181617,32.88122591099499,-117.22923574578904,69.21182333130783,88,137,10,11
1483237181729,32.881228936081314,-117.22924168996344,69.2272744762744,89,139,10,11
1483237181834,32.8812317895942,-117.22924809540775,69.31434534470114,81,133,9,11
1483237182060,32.88123959119816,-117.22926878007681,69.50858101659269,65,121,9,11
1483237182174,32.881241863491546,-117.22927616187673,69.54615979488216,63,120,9,11
1483237182306,32.881243974368765,-117.22928371415384,69.56608923324526,64,120,8,11
1483237182410,32.88124588839694,-117.22929147468479,69.57691978884134,65,121,8,11
1483237182556,32.88124746452716,-117.2292995122843,69.59564663651445,66,121,8,11
1483237182670,32.88124877812526,-117.22930776646487,69.60854955112646,66,122,8,11
1483237182791,32.88124992818821,-117.22931621172243,69.61449915328504,67,122,8,11
1483237183001,32.88125146080019,-117.22935169623155,69.63600171293565,69,123,8,11
1483237183086,32.88125111869283,-117.22936041550227,69.62421887318293,72,125,8,11
1483237183281,32.88125041792874,-117.22936986313168,69.61836273574673,74,127,8,11
1483237183438,32.88124934319333,-117.22937954993345,69.6170544695879,75,127,13,11
1483237183549,32.881247998285644,-117.22938899148663,69.61030453841099,76,128,13,11
1483237183661,32.881246346877646,-117.22939850970772,69.60437465780865,77,129,12,11
1483237183772,32.881244392781745,-117.22940808873904,69.59887393767885,78,129,12,11
1483237184079,32.88123431465719,-117.22944584312975,69.56576651411622,86,135,12,11
1483237184254,32.88123085915041,-117.22945663278972,69.58241060129471,86,135,12,11
1483237184374,32.881227504926436,-117.22946652920757,69.60366792177888,88,133,12,11
1483237184509,32.881224016402285,-117.22947649853157,69.62172986738359,91,132,12,11
1483237184622,32.881220445698496,-117.22948654520978,69.63269016934004,93,132,13,11
1483237184832,32.88120557037538,-117.22952702049636,69.61446379564471,105,139,12,11
1483237184956,32.88120150005092,-117.22953771898699,69.61191193431534,108,141,11,11
1483237185082,32.88119733716451,-117.22954850709134,69.60799474353045,112,143,11,11
1483237185255,32.881193072025134,-117.22955937900387,69.60406193176618,115,145,11,11
1483237185368,32.881189149753084,-117.22956922566559,69.60098671576239,119,147,11,11
1483237185475,32.881184721952486,-117.22958023501027,69.5992003931211,122,149,11,11
1483237185620,32.88118024149875,-117.22959132553325,69.5979943578489,126,151,12,11
1483237185834,32.88116237435251,-117.22963511124966,69.59713861844469,140,158,12,11
1483237185961,32.8811573252512,-117.22964729972678,69.60553939990079,143,158,12,11
1483237186200,32.88115265706222,-117.22965850885777,69.60788820081355,146,159,12,11
1483237186313,32.881147915443506,-117.22966976303064,69.60227082168731,148,160,12,11
1483237186513,32.881129046659105,-117.22971476966802,69.61924279208309,158,164,12,11
1483237186626,32.88112428404245,-117.22972608036847,69.62269933544103,161,165,13,11
1483237186750,32.8811194897929,-117.22973741783882,69.63047892677523,163,166,13,11
1483237186919,32.8811146625117,-117.22974878671698,69.64481266094998,165,167,12,11
1483237187010,32.88110981386633,-117.22976017337375,69.65666193178399,167,168,11,11
1483237187218,32.88110493757621,-117.22977158082205,69.6672894463618,168,169,11,11
1483237187416,32.881085325293434,-117.22981741538894,69.67288995421337,182,176,10,11
1483237187527,32.88108031815096,-117.22982897103812,69.67448449472812,184,177,11,11
1483237187646,32.88107527129798,-117.22984056677447,69.67631051167403,185,178,12,11
1483237187768,32.881070150609965,-117.22985224342837,69.67920192615577,184,179,12,11
1483237187903,32.881065018309265,-117.22986392779238,69.68235299438884,184,181,12,11
1483237188115,32.88104796457345,-117.2298994680437,69.69352299524849,167,182,12,11
1483237188226,32.881042059783375,-117.22991126318895,69.70466393977796,158,181,12,11
1483237188370,32.88103658708134,-117.22992299935657,69.70753249884203,153,181,12,11
1483237188478,32.881031326880354,-117.22993480185954,69.70571618378149,150,181,11,11
1483237188589,32.881025907201035,-117.22994657570574,69.7022943669563,147,182,11,11
1483237188703,32.88102052116054,-117.22995826742375,69.70786324180992,144,182,11,11
1483237188822,32.88101504158463,-117.22997006023421,69.71281096135425,140,182,11,11
1483237189113,32.88099299658926,-117.23001693723208,69.7666825587648,126,180,9,11
1483237189223,32.88098757081702,-117.23002872292044,69.78483548723922,123,179,9,11
1483237189361,32.88098217253391,-117.23004048398518,69.8039837936835,120,178,9,11
1483237189471,32.8809767413854,-117.23005223398518,69.81717665847572,118,178,9,11
1483237189582,32.880971378997664,-117.23006401697684,69.82803336844412,116,177,9,11
1483237189698,32.880965929106395,-117.23007578726777,69.84070325134998,115,177,9,11
1483237189846,32.88096053178895,-117.23008753194942,69.8498472832999,114,178,10,11
1483237189981,32.88095509550686,-117.23009928464569,69.86044652935621,113,178,10,11
1483237190120,32.880938896908056,-117.23013459937559,69.89427251939475,110,178,13,11
1483237190238,32.88093348087545,-117.23014636994289,69.90126713343338,108,177,13,11
1483237190343,32.88092807520907,-117.23015815319714,69.90976021940223,107,177,13,11
1483237190487,32.8809227086297,-117.23016993178348,69.91982960747224,106,177,13,11
1483237190598,32.880917261328776,-117.23018169146731,69.93178106838356,105,176,13,11
1483237190710,32.88091184636748,-117.23019352991568,69.94258696131276,104,176,13,11
1483237190835,32.88090644257279,-117.23020533326695,69.95446752069641,103,176,13,11
1483237191133,32.88088487181782,-117.23025254382273,69.99165535336341,100,175,13,11
1483237191244,32.880879467258225,-117.23026443156897,70.0117567506183,99,175,13,11
1483237191382,32.88087410646174,-117.23027632759536,70.01719855419037,99,175,13,11
