1632259591423,32.880113880880785,-117.23541630849991,77.61615884801941,35,67,11,11
1632259591523,32.88011389033693,-117.23541630921045,77.61513606288153,35,68,11,11
1632259591671,32.88011389478695,-117.23541629535063,77.61270803588619,35,68,11,11
1632259591785,32.880113890128875,-117.2354162947403,77.61273402725656,36,69,11,11
1632259592008,32.88011389839963,-117.23541628097557,77.60750494660829,37,70,11,11
1632259592154,32.880113884999,-117.23541627166833,77.60598765387643,37,70,11,11
1632259592269,32.88011388381054,-117.23541627164069,77.60418443889387,37,71,11,11
1632259592348,32.88011389032058,-117.23541627439549,77.60229295272767,37,71,11,11
1632259592486,32.88011388486315,-117.23541626228133,77.60048774604283,37,71,11,11
1632259592637,32.880113865948694,-117.23541626808318,77.5990012830718,37,71,11,11
1632259592759,32.88011387915877,-117.23541627036516,77.59663338254084,37,71,11,11
1632259592882,32.88011386892539,-117.23541628133141,77.59580549812726,37,71,11,11
1632259593123,32.88011386621884,-117.23541626667043,77.5905173555476,38,73,11,11
1632259593294,32.88011386224295,-117.23541625596137,77.58973744646417,39,74,11,11
1632259593375,32.88011386172813,-117.23541625327321,77.58888028861082,39,74,11,11
1632259593513,32.88011385985346,-117.23541624386802,77.5860522425616,40,75,11,11
1632259593659,32.88011384229241,-117.23541625575957,77.58506021715202,40,76,11,11
1632259593771,32.88011384782077,-117.2354162376423,77.5815754247629,40,76,11,11
1632259593989,32.88011385085468,-117.23541623219744,77.57148727011963,40,77,11,11
1632259594136,32.88011385273063,-117.23541624280647,77.56991563996606,40,77,11,11
1632259594252,32.880113839324636,-117.2354162424577,77.56546927512096,40,76,11,11
1632259594367,32.88011384970408,-117.23541624775369,77.56164556993647,39,76,11,11
1632259594473,32.88011382985907,-117.2354162498457,77.55893910012995,39,75,11,11
1632259594617,32.88011384331408,-117.2354162695415,77.55516384572685,38,74,11,11
1632259594733,32.880113849187246,-117.23541625824781,77.55400876833559,38,74,11,11
1632259594820,32.88011384664869,-117.23541627444226,77.55091133968739,38,74,11,11
1632259595155,32.88011382987735,-117.23541630221045,77.54208788824403,37,72,11,11
1632259595322,32.880113830449574,-117.23541629918626,77.54040434615226,37,72,11,11
1632259595404,32.88011381818968,-117.23541631518205,77.53836947579535,37,72,11,11
1632259595545,32.88011382169635,-117.23541632420516,77.53459147153154,36,71,11,11
1632259595696,32.880113822508406,-117.23541633900115,77.53345996707834,36,71,11,11
1632259595812,32.8801138143101,-117.2354163473334,77.53140645107815,36,70,11,11
1632259596012,32.88011380849686,-117.23541638969031,77.5233863605365,35,69,11,11
1632259596214,32.88011380811287,-117.23541639051331,77.5215388962535,35,69,11,11
1632259596328,32.88011379730996,-117.23541640592359,77.52042597534806,35,69,11,11
1632259596444,32.88011380230883,-117.23541641668038,77.51833826792905,35,68,11,11
1632259596544,32.880113806826394,-117.23541641296434,77.5154663965655,35,68,11,11
1632259596690,32.88011380476652,-117.23541642953981,77.51393154356325,35,68,11,11
1632259596815,32.88011378852949,-117.23541643885474,77.5130295958128,35,68,11,11
1632259596987,32.88011379448719,-117.2354164734618,77.50652884363453,35,68,11,11
1632259597134,32.880113781952154,-117.2354164778928,77.50626129917657,35,68,11,11
1632259597309,32.880113780141855,-117.23541649016875,77.50484317815277,35,68,11,11
1632259597427,32.88011377606614,-117.23541648987741,77.50241800630431,35,68,11,11
1632259597598,32.88011377751322,-117.23541648216889,77.50113355137701,35,68,11,11
1632259597712,32.88011376594573,-117.23541648529628,77.50036325833175,35,68,11,11
1632259597868,32.88011377153985,-117.23541651508684,77.4963094622844,36,69,11,11
1632259598028,32.88011378078151,-117.23541651602432,77.49478451192847,36,69,11,11
1632259598281,32.88011376665614,-117.2354165069533,77.49463268427786,36,69,11,11
1632259598403,32.8801137648017,-117.23541652539384,77.49287518176035,36,70,11,11
1632259598599,32.88011374885771,-117.23541653868999,77.48723939779161,37,70,11,11
1632259598686,32.88011376005085,-117.23541656166,77.48641181469074,37,70,11,11
1632259598830,32.880113755966555,-117.23541656376297,77.48493294706452,37,70,11,11
1632259598964,32.88011375850406,-117.23541656732506,77.4838181225256,37,70,11,11
1632259599093,32.8801137596459,-117.23541658534684,77.48206232346264,37,70,11,11
1632259599250,32.88011374655519,-117.23541658561194,77.47976180254928,37,70,11,11
1632259599418,32.88011374292375,-117.23541660891055,77.47806744971992,37,70,11,11
1632259599533,32.88011374328101,-117.23541661862613,77.47717574873931,37,71,11,11
1632259599647,32.88011375911079,-117.23541663770135,77.47581626687455,37,71,11,11
1632259599760,32.88011373649934,-117.23541664289834,77.47445913322628,37,71,11,11
1632259599906,32.88011374692513,-117.2354166373835,77.47388754040448,37,71,11,11
1632259600040,32.88011373690851,-117.23541665584229,77.47251828833294,37,71,11,11
1632259600201,32.88011373461561,-117.23541670202121,77.46763426971955,38,72,11,11
1632259600315,32.88011372511815,-117.23541667907688,77.46621502009492,38,72,11,11
1632259600455,32.880113736735645,-117.23541670399558,77.46503163346927,38,73,11,11
1632259600569,32.88011373581369,-117.23541670350008,77.46450102379366,39,73,11,11
1632259600681,32.8801137255926,-117.23541670298233,77.464153173419,39,73,11,11
1632259600787,32.880113710722505,-117.23541671467845,77.46252450434922,39,74,11,11
1632259600930,32.880113727295544,-117.23541672958541,77.46006511217489,39,74,11,11
1632259601064,32.880113720607916,-117.23541675082828,77.45824307671033,39,74,11,11
1632259601202,32.880113723170005,-117.23541675613676,77.45502779729104,40,75,11,11
1632259601316,32.88011372123692,-117.23541676010288,77.45423518884749,40,76,11,11
1632259601452,32.880113722307705,-117.23541677189012,77.45337464352437,40,76,11,11
1632259601565,32.880113739594584,-117.23541677870922,77.45187400257664,40,76,11,11
