1483235156144,32.656975010142354,-116.9938755470245,112.24278916086146,40,47,13,11
1483235156276,32.656975007675,-116.9938755551989,112.24292473920401,40,47,13,11
1483235156388,32.65697501372829,-116.99387554923332,112.24239203266,40,47,13,11
1483235156502,32.65697502042568,-116.99387555590735,112.24207152753505,40,47,13,11
1483235156614,32.65697502813651,-116.9938755569203,112.24117584642819,40,47,13,11
1483235156837,32.65697502307057,-116.99387556973149,112.23974661669321,40,47,13,11
1483235156949,32.656975023285064,-116.9938755762997,112.23942453611603,40,47,13,11
1483235157115,32.65697501794731,-116.99387557740566,112.23923727608503,40,47,13,11
1483235157250,32.65697502137403,-116.99387557079777,112.238672081242,40,46,13,11
1483235157363,32.65697502366917,-116.99387556496883,112.23836412000703,39,46,13,11
1483235157475,32.65697500827081,-116.99387556819295,112.23775402975694,39,46,13,11
1483235157589,32.656975018274686,-116.9938755735773,112.23789891055418,39,46,13,11
1483235157860,32.65697501159807,-116.99387555967284,112.23580476281029,38,45,13,11
1483235157966,32.65697503349458,-116.9938755648023,112.23694095491709,38,44,13,11
1483235158132,32.65697501669402,-116.99387556829511,112.23565675765944,38,44,13,11
1483235158269,32.65697501369172,-116.99387555051804,112.23476453871307,37,44,13,11
1483235158354,32.656975011262055,-116.99387555474719,112.23555867612741,37,44,13,11
1483235158509,32.65697503265748,-116.99387556567714,112.23347198794914,37,43,13,11
1483235158621,32.65697503793543,-116.99387555108306,112.23390305852126,37,43,13,11
1483235158851,32.65697503861812,-116.99387554458742,112.23285301441857,36,43,13,11
1483235158928,32.65697503637592,-116.99387554681876,112.23246851325075,36,43,13,11
1483235159130,32.656975044928465,-116.99387554460574,112.2327082007374,37,43,13,11
1483235159264,32.65697505174964,-116.99387554378173,112.23169906024509,37,43,13,11
1483235159343,32.65697505821859,-116.99387554415854,112.23221152231828,37,43,13,11
1483235159489,32.65697505911895,-116.99387553432945,112.23170756186845,37,43,13,11
1483235159613,32.656975071007835,-116.99387553823713,112.2319495297357,37,43,13,11
1483235159925,32.6569750751317,-116.99387553103895,112.23110573095468,37,44,13,11
1483235160087,32.65697507213796,-116.99387552964419,112.23123789733788,37,43,13,11
1483235160204,32.656975066013146,-116.99387552506005,112.23173599081477,38,44,13,11
1483235160336,32.65697508411903,-116.99387553258401,112.23195565797924,38,44,13,11
1483235160532,32.656975074014184,-116.9938755210426,112.23142426860952,37,43,13,11
1483235160665,32.656975071003814,-116.99387551483197,112.23146873762707,37,43,13,11
1483235160827,32.65697508302926,-116.99387551382527,112.23174575078144,37,43,13,11
1483235160969,32.65697507714709,-116.99387551325553,112.23091537489256,37,43,13,11
1483235161130,32.656975094236174,-116.99387550920885,112.23187224303977,37,43,13,11
1483235161326,32.656975081633576,-116.99387552880724,112.23374085754106,36,42,13,11
1483235161439,32.65697508890347,-116.99387552624835,112.23291659841858,36,42,13,11
1483235161519,32.65697508893566,-116.99387552703666,112.23313854426611,36,42,13,11
1483235161687,32.656975089894786,-116.99387553481272,112.23278951220247,36,42,13,11
1483235161853,32.65697510074023,-116.99387553777115,112.23261847467397,36,42,13,11
1483235162128,32.656975098864024,-116.99387553785857,112.23294509241387,35,41,13,11
1483235162217,32.65697510594802,-116.99387553218054,112.23241743700615,35,41,13,11
1483235162363,32.656975112104476,-116.99387554155183,112.23237339357401,35,41,13,11
1483235162475,32.65697511632239,-116.99387554394079,112.23205760431334,35,41,13,11
1483235162572,32.65697512723854,-116.99387554131451,112.23131666690378,36,41,13,11
1483235162728,32.65697513013656,-116.99387554175065,112.23079443380111,36,41,13,11
1483235162859,32.656975142376524,-116.99387554059578,112.23108581713373,36,41,13,11
1483235163134,32.65697515245236,-116.99387554956206,112.23170235380807,36,42,13,11
1483235163216,32.6569751563745,-116.99387554704747,112.23218203798199,36,42,13,11
1483235163359,32.65697517152639,-116.99387554570812,112.23268921019614,36,42,13,11
1483235163472,32.65697515974761,-116.99387553441835,112.23270481354558,36,42,13,11
1483235163605,32.65697515879653,-116.99387552264965,112.23213082734472,36,42,13,11
1483235163750,32.65697515277166,-116.99387552982856,112.23143225067506,36,42,13,11
1483235163883,32.65697518040826,-116.99387551192272,112.23174437091697,36,42,13,11
1483235163999,32.656975332891314,-116.99387541666655,112.23126547444615,37,42,13,11
1483235164216,32.656975446147456,-116.99387535189481,112.23143946875155,37,42,13,11
1483235164307,32.656975580208666,-116.9938752718473,112.23067395737827,37,42,13,11
1483235164459,32.65697574141524,-116.99387517060597,112.23132658226211,37,42,13,11
1483235164572,32.65697593353657,-116.99387505582314,112.23183988413113,36,42,13,11
1483235164684,32.65697614600353,-116.99387493674972,112.23302097385664,36,41,13,11
1483235164929,32.6569771225603,-116.99387443550582,112.23305230584022,34,40,13,11
1483235165099,32.65697740219995,-116.99387430012216,112.23281218826816,34,40,13,11
1483235165232,32.656977686792565,-116.99387417540616,112.23425766986871,34,39,13,11
1483235165317,32.65697797600082,-116.99387404126686,112.23397681067786,34,39,13,11
1483235165464,32.65697827686731,-116.99387390342989,112.2336048697822,33,39,13,11
1483235165642,32.65697859419704,-116.99387376724803,112.23469935251484,33,39,13,11
1483235165937,32.6569800084103,-116.99387323132336,112.23771055593065,32,38,13,11
1483235166045,32.65698046330154,-116.99387305462986,112.2381807576886,32,37,13,11
1483235166215,32.65698102123304,-116.99387286118028,112.23935298235165,32,37,13,11
1483235166346,32.65698163549272,-116.9938726717418,112.2426549187255,32,37,13,11
