1616974710100,32.83431983783132,-117.17625615985159,80.57647628878105,21,35,11,11
1616974710292,32.834319766760345,-117.17624852091495,80.58186135958584,21,35,11,11
1616974710414,32.834319704816885,-117.17624091858728,80.58373792459443,21,35,11,11
1616974710518,32.83431964691385,-117.17623336442084,80.58696660444193,21,35,11,11
1616974710689,32.83431958670947,-117.17622582822096,80.59170721672406,20,34,11,11
1616974710891,32.83431937606736,-117.17619610939475,80.60917042208509,20,34,11,11
1616974711002,32.834319318987404,-117.17618884597582,80.61539275197042,20,34,11,11
1616974711093,32.834319263585506,-117.17618165662088,80.61927895006244,20,34,11,11
1616974711263,32.834319258618905,-117.17617457805834,80.62324909633551,21,35,11,11
1616974711465,32.834319213235936,-117.17616758710336,80.62848478241291,22,35,11,11
1616974711696,32.83431901207159,-117.17614063963687,80.65170186259999,22,36,12,11
1616974711818,32.8343189647444,-117.1761342638437,80.65773092099265,22,36,12,11
1616974711954,32.83431892386043,-117.1761280711728,80.66321989453589,22,36,12,11
1616974712073,32.83431888843767,-117.17612204748214,80.6691728120427,22,36,12,11
1616974712163,32.834318864919126,-117.17611620569419,80.67129915857079,23,36,12,11
1616974712353,32.83431884162459,-117.17611052768565,80.67370127471804,23,36,12,11
1616974712589,32.83431873919478,-117.17608933854231,80.68519203074618,23,36,12,11
1616974712699,32.83431873139774,-117.17608439753143,80.68932155028097,23,36,12,11
1616974712812,32.83431871178115,-117.17607959259625,80.69327375915309,23,36,12,11
1616974712950,32.83431869036628,-117.1760749155359,80.69398548990672,23,36,12,11
1616974713066,32.834318671258586,-117.17607035902851,80.69679176269022,23,36,12,11
1616974713156,32.83431865259177,-117.17606591616297,80.70079290011257,24,36,12,11
1616974713346,32.83431864257068,-117.17606158791625,80.70339151849234,24,36,12,11
1616974713606,32.83431857608486,-117.1760453809561,80.7138092146823,24,36,12,11
1616974713721,32.83431856206834,-117.17604159518064,80.71701705560729,24,36,12,11
1616974713833,32.834318554219486,-117.17603793081864,80.72019592986902,24,36,12,11
1616974713972,32.83431854607891,-117.17603438517973,80.72219705476901,24,37,12,11
1616974714082,32.83431853324522,-117.17603096487746,80.72181681672639,24,37,12,11
1616974714174,32.83431851870347,-117.1760276516441,80.72431355554377,24,37,12,11
1616974714288,32.83431850671669,-117.17602446270398,80.72609153062356,25,37,12,11
1616974714594,32.83431846920048,-117.17601278354451,80.73101396440562,24,37,11,11
1616974714716,32.83431845283673,-117.17601013975435,80.73134164578836,23,36,11,11
1616974714831,32.83431844959189,-117.17600761164084,80.73292269396104,22,35,11,11
1616974714976,32.83431843400311,-117.1760051944463,80.73493028642217,21,34,11,11
1616974715089,32.834318422710204,-117.17600291907907,80.73520004231158,21,34,11,11
1616974715178,32.83431840573398,-117.17600074457144,80.73712752330916,20,33,11,11
1616974715360,32.834318400887454,-117.17599494215935,80.73750154958958,20,33,11,11
1616974715523,32.83431840849687,-117.1759932045426,80.7381665401567,20,33,11,11
1616974715669,32.83431839098126,-117.17599155685936,80.73764452115113,21,33,11,11
1616974715780,32.83431838910824,-117.17598997396124,80.73628580383686,21,33,11,11
1616974715907,32.8343183892763,-117.1759884378202,80.73503714685198,22,34,11,11
1616974716044,32.83431837790817,-117.17598694862177,80.73448852402419,22,34,11,11
1616974716157,32.83431835843064,-117.1759855014392,80.73395836383379,22,35,11,11
1616974716246,32.834318352494186,-117.17598412495946,80.73207438580735,23,35,11,11
1616974716355,32.834318338454885,-117.17598016397746,80.73535172464447,23,36,12,11
1616974716518,32.834318337735034,-117.17597888425472,80.73567920606321,22,36,11,11
1616974716662,32.83431831906536,-117.17597762722394,80.73555496528658,22,36,11,11
1616974716775,32.83431830832739,-117.17597637518648,80.73604901655325,22,36,11,11
1616974716902,32.83431830410599,-117.17597511799728,80.73725541238676,22,35,11,11
1616974717035,32.83431830002892,-117.17597386951003,80.73838621115846,21,35,11,11
1616974717149,32.83431829214198,-117.17597262195207,80.73885433021906,21,35,11,11
1616974717295,32.83431826445943,-117.17596902960341,80.74070734784493,21,35,12,11
1616974717399,32.83431826136669,-117.17596787767859,80.74172489713136,22,36,12,11
1616974717563,32.834318253310215,-117.17596677730455,80.741834338355,22,36,12,11
1616974717785,32.83431824574845,-117.1759657408229,80.74266833477769,23,37,12,11
1616974717896,32.83431823635431,-117.17596478260269,80.74320157328019,23,37,12,11
1616974718064,32.83431821263134,-117.1759616819215,80.74433280501475,24,38,11,11
1616974718254,32.83431820908751,-117.17596108321068,80.74574080364104,24,38,11,11
1616974718413,32.834318194705254,-117.17596055908149,80.74595987391324,24,39,11,11
1616974718517,32.834318195715085,-117.17596009573502,80.74546236406043,24,39,11,11
1616974718685,32.83431818049087,-117.1759597172855,80.74586441998363,24,39,11,11
1616974718894,32.83431815449969,-117.17595855064774,80.74598855090453,24,40,11,11
1616974719007,32.83431815090179,-117.17595832146391,80.74675002141936,24,40,11,11
1616974719127,32.83431813375483,-117.17595811952006,80.74667598411246,24,40,11,11
1616974719296,32.83431813219007,-117.17595795146536,80.74735480016557,24,40,11,11
1616974719594,32.834318109017694,-117.17595750659001,80.74645795191806,25,41,11,11
1616974719707,32.83431810413778,-117.1759574697851,80.74657031380886,25,41,11,11
1616974719820,32.83431810345636,-117.17595744001183,80.74654632705351,26,42,11,11
1616974719961,32.83431810054645,-117.17595745513493,80.7455392351115,26,42,11,11
1616974720071,32.83431809250921,-117.17595745154132,80.74547793357388,26,43,11,11
1616974720165,32.83431810142592,-117.17595743184948,80.74674934958021,26,43,11,11
1616974720354,32.83431808632145,-117.17595744398577,80.7457962780813,27,44,11,11
