1611883842571,32.87931932653524,-117.22906887313431,64.25951955842285,86,126,15,11
1611883842682,32.879336270448604,-117.22906572659619,64.34858609746523,86,126,15,11
1611883842769,32.87935315100336,-117.2290625650964,64.4373680530764,86,126,15,11
1611883842859,32.879369936241865,-117.22905937592317,64.51828959219718,86,126,15,11
1611883843012,32.87938666513652,-117.22905620912378,64.5957204313863,86,126,15,11
1611883843093,32.8794033199646,-117.2290530356123,64.67095372216309,86,126,15,11
1611883843253,32.87941988259635,-117.22904987691311,64.73859791386646,85,126,15,11
1611883843332,32.87943637773747,-117.22904672354983,64.80978890625464,85,125,15,11
1611883843415,32.87945282042227,-117.22904359776572,64.88550645770029,85,125,15,11
1611883843496,32.87946920518642,-117.22904048158298,64.96153263919787,85,125,15,11
1611883843642,32.87948549860576,-117.22903737619787,65.02734208860373,85,125,15,11
1611883843772,32.8795499139802,-117.22902515440107,65.29931746430701,84,125,15,11
1611883843875,32.87956584894144,-117.22902219338567,65.37399162379766,84,125,15,11
1611883843983,32.87958171668528,-117.22901930529264,65.44659146523871,84,125,15,11
1611883844119,32.879597511430156,-117.22901648106821,65.51825300953053,84,125,15,11
1611883844201,32.87961322592693,-117.22901371854832,65.5874718803616,84,125,15,11
1611883844292,32.87962886991992,-117.2290110185439,65.65954945679815,83,125,15,11
1611883844427,32.87964445574087,-117.22900836790258,65.73672404515784,83,125,15,11
1611883844544,32.879659968157746,-117.22900576218375,65.80868773545961,83,125,15,11
1611883844628,32.87967538820761,-117.22900321656192,65.87130563370806,83,125,15,11
1611883844714,32.87969072594912,-117.22900072595483,65.93350147986982,83,125,15,11
1611883844783,32.87970600246483,-117.22899828439274,66.00022005234354,83,125,15,11
1611883844929,32.879721203525676,-117.22899589670506,66.07092611229987,83,125,15,11
1611883845031,32.879736315612746,-117.22899355223032,66.13813594194305,83,125,15,11
1611883845174,32.87975137633661,-117.22899126090303,66.2084257779427,83,125,15,11
1611883845245,32.87976637568768,-117.22898902190882,66.28082908266681,83,125,15,11
1611883845340,32.879781277955445,-117.22898683798005,66.3393862053078,83,125,15,11
1611883845474,32.879796099868315,-117.2289846919579,66.39136471370519,83,125,15,11
1611883845595,32.879810843463495,-117.22898260185937,66.44678284284619,83,125,15,11
1611883845676,32.87982553838372,-117.22898055173724,66.50836835410564,83,125,15,11
1611883845754,32.8798401760986,-117.2289785535307,66.56962181529744,82,125,15,11
1611883845911,32.87985472328331,-117.22897663022923,66.6222035212637,82,125,15,11
1611883845989,32.87986919511548,-117.22897472881714,66.67105773550563,82,125,15,11
1611883846082,32.879883597696775,-117.22897289173926,66.72152778312488,82,125,15,11
1611883846177,32.87989792985286,-117.22897108017312,66.77376139311129,82,124,15,11
1611883846262,32.879912185412245,-117.22896929585688,66.82613855351765,82,124,15,11
1611883846343,32.879926347605206,-117.22896754332703,66.87526964206698,82,124,15,11
1611883846489,32.879940419975654,-117.22896583662927,66.92472886525967,82,124,15,11
1611883846589,32.87995437678531,-117.22896416182043,66.96950683421892,82,124,15,11
1611883846682,32.879968198264635,-117.22896251359587,67.00482772496007,82,124,15,11
1611883846762,32.87998191685976,-117.22896089227405,67.04392601018547,82,124,15,11
1611883846902,32.87999552141517,-117.22895929558453,67.08573892220105,82,124,15,11
1611883846983,32.880008996833624,-117.22895772733419,67.12396587796788,82,124,15,11
1611883847074,32.88002234728967,-117.22895617936578,67.16056074877393,82,124,15,11
1611883847222,32.88003557544621,-117.22895464347374,67.19546831708756,82,124,15,11
1611883847309,32.88004869317395,-117.22895313079658,67.23256759155424,83,124,15,11
1611883847385,32.88006171217354,-117.22895164546394,67.27155828144403,82,124,15,11
1611883847544,32.88007461305909,-117.22895016876036,67.30485194791129,82,124,15,11
1611883847646,32.88008739872495,-117.22894873569359,67.33259122372687,83,124,15,11
1611883847739,32.88010008969787,-117.22894733695261,67.36160628031521,83,124,15,11
1611883847877,32.880112693514526,-117.2289459702369,67.39409604504834,83,124,15,11
1611883847965,32.88012522148955,-117.22894463772572,67.42440148745526,83,124,15,11
1611883848046,32.88013767857072,-117.22894330351528,67.45601418930318,83,124,15,11
1611883848157,32.880150076696495,-117.22894198456046,67.48691868401832,83,124,15,11
1611883848253,32.880162389914375,-117.2289406277892,67.51184361684778,83,124,15,11
1611883848326,32.88017464347419,-117.2289392883533,67.53292233226048,83,124,15,11
1611883848418,32.88018683887313,-117.22893793810444,67.55588200462992,83,124,15,11
1611883848542,32.8801989758223,-117.22893658450626,67.5762555870019,84,124,15,11
1611883848655,32.88021106732935,-117.2289352230725,67.60020199320192,83,124,15,11
1611883848746,32.88022312107195,-117.22893388135103,67.62881874244763,84,124,15,11
1611883848852,32.880235126719285,-117.22893253429847,67.65604167968978,84,124,15,11
1611883848933,32.880247092975345,-117.22893121964309,67.68194028455865,84,124,14,11
1611883849003,32.880259019537,-117.22892996278749,67.70635982464908,84,124,14,11
1611883849160,32.880270913604754,-117.22892868699988,67.72676673819173,84,124,14,11
1611883849308,32.88028276734283,-117.22892742032795,67.74374671794723,84,124,14,11
1611883849383,32.880294580864664,-117.22892615215335,67.75827581510895,84,124,14,11
1611883849475,32.88030637860723,-117.22892491806176,67.77566165506553,84,124,14,11
1611883849596,32.880318148026355,-117.22892370904016,67.79455601081486,84,124,14,11
1611883849712,32.88032989215347,-117.2289225704969,67.81560296744375,84,124,15,11
1611883849802,32.88034163645107,-117.22892149017665,67.84455922867943,83,124,15,11
1611883849897,32.880353371762666,-117.2289204458748,67.87615868341923,83,124,15,11
1611883849976,32.88036506806718,-117.22891940305772,67.90366573101426,83,124,15,11
1611883850057,32.88037675909313,-117.22891841801511,67.92879260381194,83,124,15,11
1611883850205,32.880388431198476,-117.22891746174871,67.95221367222518,83,124,15,11
1611883850297,32.88040007692291,-117.22891657461066,67.97087746121757,83,124,15,11
1611883850388,32.880411676136,-117.22891569539392,67.98522986851256,83,124,15,11
1611883850469,32.88042326470768,-117.22891487813943,68.00378696387055,83,124,15,11
1611883850597,32.88043481798064,-117.22891414612978,68.0285999356337,83,124,15,11
1611883850708,32.88044631908549,-117.22891343453365,68.05489753090073,83,124,15,11
1611883850801,32.88045776319672,-117.22891284480365,68.07779108454606,83,124,15,11
1611883850881,32.88046916339938,-117.22891232726649,68.10510655265408,83,124,15,11
1611883850974,32.88048050076045,-117.22891188740252,68.12918796040039,83,124,15,11
1611883851044,32.88049176492316,-117.22891150977654,68.14962538544034,82,123,15,11
1611883851270,32.88050293454405,-117.2289112426784,68.16565858077152,82,123,15,11
1611883851355,32.88051406076986,-117.22891103112883,68.18945727673031,82,123,15,11
1611883851437,32.880525121747624,-117.22891088360008,68.2187021705596,82,123,15,11
1611883851507,32.88053610159719,-117.22891085255107,68.24150764287158,82,124,15,11
1611883851649,32.88054699194883,-117.22891089474433,68.25834179897593,82,124,15,11
1611883851752,32.880557803055716,-117.22891103892664,68.27431827734847,82,123,15,11
1611883851868,32.880600399730724,-117.2289126129915,68.38422561606534,82,123,15,11
1611883851961,32.880610885837456,-117.22891333227854,68.40182434843433,82,123,15,11
1611883852070,32.880621324874824,-117.22891420585536,68.41726110538859,82,123,15,11
1611883852169,32.88063167219656,-117.22891527035264,68.42796706532785,82,123,15,11
1611883852279,32.88064197192275,-117.22891650833768,68.4397121021276,82,123,15,11
1611883852413,32.88065222901349,-117.2289179191552,68.45757882089848,82,123,15,11
1611883852526,32.880662423192895,-117.22891951410841,68.47429354245445,82,123,15,11
1611883852609,32.880672569807786,-117.22892131326903,68.49096089614054,83,123,15,11
1611883852692,32.880682651066074,-117.22892334868932,68.50789071178053,82,123,15,11
