1633098491974,32.746973280330344,-117.02326845163006,112.80706706922473,83,165,15,11
1633098492202,32.74698458543344,-117.02339958217726,112.66933093323337,79,161,15,11
1633098492358,32.74698744855891,-117.0234326321367,112.6340992595472,78,160,15,11
1633098492470,32.74699035461243,-117.02346575323406,112.5927803364197,77,159,15,11
1633098492643,32.7469932335097,-117.02349901293714,112.54835935125351,76,158,15,11
1633098492893,32.74700485060491,-117.02363303669074,112.34337413386942,71,152,15,11
1633098492985,32.747007747104746,-117.0236668389631,112.28413724532189,71,151,15,11
1633098493130,32.74701067130799,-117.02370076205878,112.22422203013116,70,149,15,11
1633098493244,32.74701360581234,-117.02373483526445,112.16929997825021,70,148,15,11
1633098493436,32.74701656320629,-117.02376904467604,112.11176233371049,70,147,15,11
1633098493559,32.747025534102136,-117.02387240632002,111.89748975085251,67,140,15,11
1633098493690,32.74702852259514,-117.02390719386364,111.84087975422439,66,139,15,11
1633098493829,32.74703150352997,-117.02394215622672,111.78532841941424,66,138,15,11
1633098493953,32.747034466646156,-117.02397722906312,111.71583013444543,65,136,15,11
1633098494048,32.747037416763014,-117.02401241687929,111.65016941902782,66,135,15,11
1633098494194,32.74704038611668,-117.0240476735426,111.5792518752938,65,134,15,11
1633098494310,32.74704332863738,-117.02408296091185,111.50599748741715,65,134,15,11
1633098494443,32.747046281963094,-117.02411828807041,111.43925650578448,66,133,15,11
1633098494693,32.74705775873362,-117.02425944650203,111.12992741608578,62,129,15,11
1633098494831,32.74706058704588,-117.02429465682727,111.0464368156845,59,126,15,11
1633098494941,32.747063317252255,-117.02432982971732,110.96768458775404,59,126,15,11
1633098495031,32.74706604681997,-117.02436487246055,110.87104333022654,58,124,15,11
1633098495181,32.74706873957433,-117.02439982702138,110.78075518753357,57,123,15,11
1633098495298,32.747071391050206,-117.02443471343551,110.70167182970698,57,123,15,11
1633098495494,32.74707923194386,-117.02453868598728,110.43275194910197,54,118,15,11
1633098495672,32.74708185251627,-117.02457317152722,110.35274682109197,54,119,15,11
1633098495789,32.74708445048009,-117.02460757115024,110.27363607358079,54,119,15,11
1633098495923,32.74708708193149,-117.02464192203823,110.18615311690964,54,119,15,11
1633098496035,32.747089688644024,-117.02467622652999,110.09918256143227,53,119,15,11
1633098496125,32.74709231482532,-117.0247105271852,110.01757280706342,53,119,15,11
1633098496399,32.74710290063148,-117.02484809529327,109.67978713672406,53,118,15,11
1633098496511,32.74710563366364,-117.02488256500443,109.60944739912652,53,118,15,11
1633098496694,32.74710836510887,-117.02491708288802,109.55041482206889,52,118,15,11
1633098496814,32.74711108788798,-117.02495161285475,109.49264840901773,52,118,15,11
1633098496950,32.74711380196829,-117.02498614181572,109.43594772546666,52,117,15,11
1633098497062,32.747116473674275,-117.02502061945837,109.38645793238084,51,117,15,11
1633098497160,32.747119159200125,-117.02505512974527,109.35232476496124,51,117,14,11
1633098497360,32.74712712208409,-117.02515859456253,109.2358674253928,49,115,14,11
1633098497471,32.747129805758085,-117.02519300555197,109.21482592539776,49,115,14,11
1633098497592,32.747132487443956,-117.02522741983346,109.17736619487538,48,113,15,11
1633098497763,32.74713512330072,-117.02526176744097,109.15322868311996,47,112,15,11
1633098497880,32.74713777552836,-117.02529609108902,109.13737508646862,47,112,15,11
1633098498015,32.747140414829005,-117.0253303361624,109.12584606415899,47,111,15,11
1633098498194,32.74715087229293,-117.0254669112945,109.09362130181086,43,105,15,11
1633098498392,32.74715343794638,-117.0255009498731,109.10767601228798,43,104,15,11
1633098498504,32.74715598763115,-117.02553495122802,109.12386414309927,43,104,15,11
1633098498624,32.74715852678545,-117.02556888201757,109.14444112008457,43,105,15,11
1633098498907,32.74716863601864,-117.02570445745745,109.2608060216191,43,106,15,11
1633098499023,32.74717117161323,-117.02573830575302,109.29476646353486,43,106,15,11
1633098499114,32.74717376001768,-117.02577213065987,109.32775154828278,43,106,15,11
1633098499259,32.747176315642825,-117.02580593039188,109.36729912064702,43,106,15,11
1633098499591,32.747186533985406,-117.02594100305807,109.50490267471021,42,104,15,11
1633098499738,32.74718901752717,-117.02597469336966,109.53584058902798,42,104,15,11
1633098499873,32.7471914470851,-117.02600836169526,109.56218050339415,42,103,15,11
1633098499985,32.7471937757351,-117.02604199916989,109.58955963666705,42,103,15,11
1633098500106,32.74719604819222,-117.02607561164002,109.62021978760254,42,103,15,11
1633098500199,32.747198228096124,-117.02610917711289,109.6457339761924,42,103,15,11
1633098500493,32.747206080477376,-117.0262433079935,109.7299160469572,43,103,15,11
1633098500655,32.74720785854788,-117.02627692448957,109.7424431426444,43,103,14,11
1633098500768,32.74720954846267,-117.02631053980222,109.75054029076584,43,103,11,11
1633098500905,32.747211200933926,-117.02634421964902,109.75616378426369,43,103,12,11
1633098501034,32.74721272748252,-117.0263779625863,109.77416358516992,44,103,10,11
1633098501150,32.747214186859615,-117.02641178770264,109.7823623771739,44,103,8,11
1633098501353,32.74721876697112,-117.02654794460248,109.83308714883657,50,107,0,13
1633098501546,32.74721964737864,-117.02658218309502,109.84802267388572,51,109,0,13
1633098501641,32.74722045825293,-117.02661650094342,109.86373723943412,53,110,0,13
1633098501791,32.747221200719935,-117.02665088320907,109.8777852177859,55,112,0,13
1633098501933,32.74722187723683,-117.0266853432457,109.89749831219828,57,113,0,13
1633098502019,32.7472224966464,-117.02671990314036,109.92371289223122,59,115,0,13
