1610060668013,32.75534411234509,-117.23568966524765,-28.069855595641386,78,121,15,11
1610060668195,32.75534415931727,-117.23568964769794,-28.06464428432255,78,121,15,11
1610060668280,32.755344169428,-117.23568964399158,-28.06356578519108,78,121,15,11
1610060668420,32.75534418091803,-117.2356896329757,-28.062631892721203,78,121,15,11
1610060668521,32.7553441881365,-117.2356896276965,-28.06171481003148,78,121,15,11
1610060668611,32.75534419853581,-117.23568961575812,-28.060863735902856,78,121,15,11
1610060668715,32.755344205403816,-117.23568960740374,-28.059686075810795,78,121,15,11
1610060668800,32.75534420621488,-117.23568960065911,-28.058823893323233,78,121,15,11
1610060668907,32.75534422690938,-117.23568959379428,-28.058224028165213,78,121,15,11
1610060669049,32.75534423284784,-117.23568959149166,-28.05713511525112,78,121,15,11
1610060669119,32.75534423414873,-117.23568958624257,-28.056250568718937,77,121,15,11
1610060669236,32.75534423579184,-117.23568958635626,-28.055144571944354,77,121,15,11
1610060669309,32.7553442410605,-117.23568957454877,-28.054292902583168,77,121,15,11
1610060669456,32.755344246460304,-117.23568957339934,-28.053323720523416,78,121,15,11
1610060669560,32.75534425291938,-117.23568956628154,-28.05244504801605,78,121,15,11
1610060669643,32.75534425854354,-117.23568956523194,-28.051700429800466,78,121,15,11
1610060669837,32.75534426166098,-117.23568956350702,-28.050404676584137,77,121,15,11
1610060669921,32.75534425974349,-117.2356895546254,-28.050130847952833,77,121,15,11
1610060669993,32.755344267338316,-117.23568955658772,-28.04934478755811,77,121,15,11
1610060670149,32.75534427438072,-117.23568955504156,-28.048950776672974,77,121,15,11
1610060670291,32.75534428001897,-117.23568955020613,-28.0486365556745,77,121,15,11
1610060670393,32.755344282646654,-117.23568955404872,-28.04737121677343,77,121,15,11
1610060670463,32.75534428171853,-117.23568954464446,-28.04687021859982,77,121,15,11
1610060670620,32.755344290564565,-117.23568954467,-28.046149344913992,77,121,15,11
1610060670737,32.75534428477397,-117.23568954135777,-28.04555100537849,77,121,15,11
1610060670899,32.75534428778627,-117.23568952988887,-28.042878678077322,77,121,15,11
1610060670988,32.75534429175344,-117.23568952692838,-28.0428936245134,77,121,15,11
1610060671098,32.755344291446114,-117.23568952217661,-28.04195188729723,77,121,15,11
1610060671206,32.755344292024276,-117.23568952359031,-28.04139867025336,77,121,15,11
1610060671288,32.75534429270939,-117.23568951726682,-28.040900064254572,77,121,15,11
1610060671450,32.755344283433494,-117.23568951144891,-28.039923927640217,77,121,15,11
1610060671540,32.75534428203461,-117.23568950045352,-28.03947937456594,77,121,15,11
1610060671620,32.755344292027914,-117.23568950367456,-28.03871847808492,77,121,15,11
1610060671728,32.755344284646384,-117.23568949381507,-28.038385966950745,77,121,15,11
1610060671809,32.75534428672467,-117.2356894928758,-28.03734365830776,77,121,15,11
1610060671964,32.7553442819129,-117.235689490602,-28.036797855846185,77,121,15,11
1610060672045,32.75534428042487,-117.23568947981144,-28.036515664681918,77,121,15,11
1610060672183,32.755344277763456,-117.23568948208276,-28.03541007607826,77,121,15,11
1610060672306,32.755344275336775,-117.23568948157708,-28.034864088945938,77,121,15,11
1610060672381,32.75534427450141,-117.23568947517289,-28.034827898136932,77,121,15,11
1610060672518,32.755344278501056,-117.23568947203603,-28.034474511116578,77,121,15,11
1610060672616,32.755344270375495,-117.23568947264577,-28.033925352085422,77,121,15,11
1610060672709,32.75534426194861,-117.23568947176474,-28.033381252558392,77,121,15,11
1610060672814,32.75534426608274,-117.23568947007078,-28.033094835556547,77,121,15,11
1610060672895,32.75534426334617,-117.2356894749473,-28.0328471240459,77,121,15,11
1610060672976,32.75534426027438,-117.23568947353915,-28.032423620464655,77,121,15,11
1610060673120,32.755344255379974,-117.23568947280317,-28.031975849078897,77,121,15,11
1610060673202,32.755344252653856,-117.23568947344489,-28.031608480184133,77,121,15,11
1610060673306,32.75534425397414,-117.23568946867103,-28.03134022610898,77,121,15,11
1610060673376,32.75534424433008,-117.23568947218241,-28.030657458804676,77,121,15,11
1610060673514,32.75534424406044,-117.23568947069376,-28.030430185119208,77,121,15,11
1610060673608,32.755344242330565,-117.23568947163001,-28.030253507828945,77,121,15,11
1610060673698,32.75534424075986,-117.23568947251586,-28.029931744529193,77,121,15,11
1610060673807,32.75534423401335,-117.2356894742758,-28.029274812093835,77,121,15,11
1610060673892,32.75534423369403,-117.23568947359453,-28.029113767950626,77,121,15,11
1610060673982,32.755344233145316,-117.23568947401859,-28.02881413079407,77,121,15,11
1610060674063,32.75534422901876,-117.23568947704433,-28.02852204073626,77,121,15,11
1610060674266,32.75534422384756,-117.23568948136946,-28.028254291010587,77,121,15,11
1610060674381,32.755344218014976,-117.23568947435277,-28.027672685949252,77,121,15,11
1610060674454,32.75534421200732,-117.23568947898768,-28.02747849965091,77,121,15,11
1610060674592,32.75534421077142,-117.23568948579498,-28.027361030293346,77,121,15,11
1610060674695,32.755344202978684,-117.23568948721035,-28.026861058919295,77,121,15,11
1610060674774,32.755344203194014,-117.23568948216088,-28.027325766577743,77,121,15,11
1610060674878,32.75534419309446,-117.23568948664821,-28.027015058032227,77,121,15,11
1610060674962,32.75534418251037,-117.23568948716873,-28.026863908156354,77,121,15,11
1610060675043,32.75534417968312,-117.23568948732203,-28.027365573694595,77,121,15,11
1610060675122,32.75534417034994,-117.2356894871388,-28.027430408886392,77,121,15,11
1610060675277,32.755344165056236,-117.23568948273044,-28.027394832268964,77,121,15,11
1610060675379,32.75534415997398,-117.23568949289889,-28.027639265812873,77,121,15,11
1610060675450,32.755344151158255,-117.2356894977595,-28.027631463399135,77,121,15,11
1610060675588,32.755344144081306,-117.23568949450426,-28.02791349970699,77,121,15,11
1610060675702,32.75534414265779,-117.23568949530146,-28.028175358063205,77,121,15,11
1610060675783,32.75534413144771,-117.23568949848514,-28.02844091030609,77,121,15,11
1610060675922,32.7553441277923,-117.23568949342683,-28.02874354700423,77,121,15,11
1610060676001,32.755344126425584,-117.23568949426475,-28.02912380131289,77,121,15,11
1610060676084,32.755344117142215,-117.23568950164308,-28.029273235092266,77,121,15,11
1610060676196,32.75534409701768,-117.23568949926575,-28.029404575637546,77,121,15,11
1610060676275,32.75534409084576,-117.23568950174966,-28.02948927117948,77,121,15,11
1610060676425,32.755344089230924,-117.23568950461002,-28.030071460829504,77,121,15,11
1610060676506,32.75534408301188,-117.23568950170676,-28.030040885294184,77,121,15,11
1610060676602,32.75534407338611,-117.23568950028417,-28.030041136239642,77,121,15,11
1610060676703,32.75534407383512,-117.2356894993345,-28.030785219639007,77,121,15,11
1610060676794,32.755344067289634,-117.23568950202686,-28.031006149158863,77,121,15,11
1610060676885,32.755344059376306,-117.2356894975721,-28.03093124458807,77,121,15,11
1610060677029,32.75534405259307,-117.23568949921382,-28.031533297190926,77,121,15,11
1610060677106,32.75534405396241,-117.23568950141052,-28.032016248990868,77,121,15,11
1610060677208,32.75534404698375,-117.23568949713557,-28.032271260074147,77,121,15,11
1610060677292,32.755344044151045,-117.23568949975068,-28.032424901212934,77,121,15,11
1610060677429,32.755344036526196,-117.23568950631841,-28.03230461905701,77,121,15,11
1610060677629,32.75534403422246,-117.23568950760445,-28.03276348726589,77,121,15,11
1610060677714,32.75534403348351,-117.23568950800632,-28.0330792909364,77,121,15,11
1610060677830,32.75534403065523,-117.23568950632925,-28.033399128578893,77,121,15,11
1610060677914,32.75534402581481,-117.2356895067827,-28.03359971512633,77,121,15,11
1610060677998,32.75534402451122,-117.23568951446111,-28.033731287249555,77,121,15,11
1610060678141,32.7553440183151,-117.23568951341129,-28.034418160383417,77,121,15,11
1610060678281,32.75534402016992,-117.23568951529883,-28.034819498979793,77,121,15,11
