3600048787966,32.59230602745588,-117.08853992565558,-26.335499359388848,82,132,15,11
3600048788047,32.59228055793416,-117.08853604893866,-26.33599673139545,82,132,15,11
3600048788152,32.592255100536285,-117.08853215762151,-26.336119529145094,81,131,15,11
3600048788250,32.59222964803471,-117.08852826339654,-26.33332194514471,81,131,15,11
3600048788454,32.59220419447546,-117.08852436312597,-26.330780224576575,81,131,15,11
3600048788533,32.59217876014042,-117.08852047056604,-26.33026713805247,81,131,15,11
3600048788627,32.59215332891173,-117.08851656347112,-26.329519758132264,81,131,15,11
3600048788731,32.59212790007826,-117.08851264607524,-26.32400882545572,81,131,15,11
3600048788816,32.592102483851534,-117.088508743536,-26.320948194369894,81,130,15,11
3600048788891,32.59207706574125,-117.08850483899288,-26.321323784476192,81,130,15,11
3600048788982,32.59205166307935,-117.08850093796234,-26.324582766828144,81,130,15,11
3600048789063,32.59202625987844,-117.08849704422002,-26.327364179879673,81,130,15,11
3600048789224,32.59200087060169,-117.08849317221852,-26.332979393149824,81,130,15,11
3600048789387,32.59197547998549,-117.08848932942702,-26.33706004288593,81,130,15,11
3600048789527,32.59195007550737,-117.08848548556155,-26.33764398825188,81,129,15,11
3600048789618,32.59192470186486,-117.08848165528346,-26.335848106487592,81,129,15,11
3600048789744,32.59182321197071,-117.08846629240266,-26.302770134451134,81,129,15,11
3600048789840,32.591797846789746,-117.08846245125888,-26.293766173503364,80,129,15,11
3600048789931,32.59177247882806,-117.08845861428264,-26.285862219775513,81,128,15,11
3600048790035,32.59174709678543,-117.08845476555781,-26.276980222743273,81,128,15,11
3600048790141,32.591721717604536,-117.08845094030265,-26.269557799075653,81,128,15,11
3600048790324,32.59169633620423,-117.08844711238656,-26.261699251582765,81,128,15,11
3600048790416,32.59167093605554,-117.08844327709585,-26.248104542411493,81,128,15,11
3600048790511,32.59164553961026,-117.08843946103747,-26.23772031361827,80,128,15,11
3600048790614,32.59162013795697,-117.0884356506655,-26.228107659737116,80,128,15,11
3600048790696,32.59159473520648,-117.08843185587037,-26.22128429802794,80,128,15,11
3600048790776,32.59156932615317,-117.08842804234548,-26.215244637714328,80,128,15,11
3600048790882,32.591543914161434,-117.0884242134916,-26.21201095769107,80,128,15,11
3600048790982,32.591518496988535,-117.08842040516986,-26.207731717040524,80,128,15,11
3600048791064,32.59149306755596,-117.08841658261662,-26.20422799558664,80,127,15,11
3600048791157,32.59146764218145,-117.08841276894131,-26.200577212889808,80,127,15,11
3600048791285,32.59144220566799,-117.08840893587565,-26.195184309800844,80,127,15,11
3600048791435,32.59141676331058,-117.08840509188718,-26.187173299281852,80,127,15,11
3600048791540,32.5913913093371,-117.08840126494843,-26.176355103741535,80,127,15,11
3600048791634,32.59136586169064,-117.08839743364068,-26.16797509157114,80,127,15,11
3600048791772,32.59134039710381,-117.08839361147217,-26.15951413475687,80,127,15,11
3600048791843,32.591314922933094,-117.08838979103216,-26.15522200379536,80,127,15,11
3600048791938,32.591289419071536,-117.08838597787586,-26.153246938435938,80,127,15,11
3600048792041,32.59126391048956,-117.08838214042814,-26.159601238201454,80,127,15,11
3600048792123,32.591238428633474,-117.08837825679184,-26.16930190332711,80,127,15,11
3600048792286,32.591212876399005,-117.08837437744991,-26.15457017511797,80,127,15,11
3600048792419,32.59118731946335,-117.08837049488206,-26.150492938264975,80,127,15,11
3600048792509,32.59116176443893,-117.08836664667457,-26.15492641068771,80,127,15,11
3600048792616,32.591136186441716,-117.08836278952569,-26.15157593392345,80,127,15,11
3600048792717,32.591110612203394,-117.08835884172261,-26.144686272845163,80,127,15,11
3600048792809,32.59108502940366,-117.08835488065017,-26.139343807064648,80,127,15,11
3600048792885,32.59105943951837,-117.08835095894075,-26.132834599812366,80,127,15,11
3600048792976,32.59103382594446,-117.08834702703626,-26.12307540321536,80,126,15,11
3600048793078,32.59100826233392,-117.08834305067316,-26.136465080184287,80,126,15,11
3600048793159,32.59098275423323,-117.08833908232964,-26.15246144771276,80,126,15,11
3600048793242,32.590957208220864,-117.08833517747945,-26.140677655521934,80,126,15,11
3600048793445,32.590931651797334,-117.08833130816629,-26.123964230714872,80,126,15,11
3600048793535,32.59090612737373,-117.08832738975326,-26.114487121586208,80,126,15,11
3600048793616,32.59088063983662,-117.08832345241045,-26.11483130866393,80,126,15,11
3600048793722,32.59085515159803,-117.08831951960181,-26.10988405093993,80,126,15,11
3600048793810,32.59082966387198,-117.08831556899632,-26.10469767873036,80,126,15,11
3600048793948,32.59080419659884,-117.08831159135212,-26.103417540664783,80,126,15,11
3600048794039,32.59077874559123,-117.08830762847904,-26.105504131360732,80,126,15,11
3600048794143,32.59075331699049,-117.08830368915524,-26.1057665336864,80,126,15,11
3600048794222,32.590727883439925,-117.08829975716608,-26.09981799674703,79,126,15,11
3600048794314,32.590702473586305,-117.08829583840382,-26.09518776428793,79,126,15,11
3600048794513,32.59067706681836,-117.08829195512577,-26.087703315770053,79,126,15,11
3600048794609,32.59065167834389,-117.08828808324442,-26.08438422509192,80,126,15,11
3600048794700,32.59062631221032,-117.08828418097481,-26.079838066482328,80,126,15,11
3600048794790,32.5906009623065,-117.08828026989323,-26.07314073171592,80,126,15,11
3600048794875,32.59057564951659,-117.08827637453878,-26.074669189137875,79,126,15,11
3600048794950,32.59055037656656,-117.08827253060838,-26.078501051857607,79,126,15,11
3600048795049,32.590525115203924,-117.08826873723582,-26.072864274293277,79,126,15,11
3600048795154,32.59049985438377,-117.0882649366489,-26.05963767721725,79,126,15,11
3600048795232,32.59047469327354,-117.0882611412968,-26.06813942520981,79,126,14,11
3600048795313,32.59044959671119,-117.08825730849652,-26.073460265049793,80,126,14,11
3600048795511,32.590424486279765,-117.0882534708424,-26.055635843626604,79,126,14,11
3600048795604,32.590399469757934,-117.08824964773726,-26.048995197721183,79,126,14,11
3600048795709,32.59037450242321,-117.08824583489908,-26.023652875956817,79,126,15,11
3600048795788,32.590349535801565,-117.08824202881614,-25.98487864759096,80,126,15,11
3600048795872,32.590324640509124,-117.08823822484412,-25.957756974327324,80,126,15,11
3600048796001,32.59029980358597,-117.08823441621648,-25.937057645906172,80,126,15,11
3600048796101,32.590275006207534,-117.08823061093065,-25.916948406331862,79,126,15,11
3600048796207,32.59025025169881,-117.08822683996767,-25.894528429107066,79,126,15,11
3600048796339,32.590151658537096,-117.08821194300113,-25.81511351785271,80,126,15,11
3600048796466,32.59012711539895,-117.08820824979217,-25.796312876798336,79,125,15,11
3600048796553,32.59010261962449,-117.08820459063065,-25.777945923316828,79,125,15,11
3600048796634,32.590078170158996,-117.08820092545183,-25.761457259293444,79,125,15,11
3600048796744,32.59005376399664,-117.08819727062283,-25.744629113877554,79,125,15,11
3600048796840,32.590029387225044,-117.08819361951817,-25.726393217697826,79,125,15,11
3600048796968,32.590005051979574,-117.0881899640274,-25.709329041310138,79,126,15,11
3600048797047,32.58998075482847,-117.08818630699403,-25.695229606657087,79,125,15,11
3600048797148,32.589956496580136,-117.0881826616607,-25.684752855545682,79,125,15,11
3600048797315,32.58993226489194,-117.08817901227376,-25.674869225399114,79,125,15,11
3600048797466,32.589908064034674,-117.0881753538908,-25.663702504504062,79,125,15,11
3600048797601,32.5898838807048,-117.08817168676643,-25.65441152637228,79,125,15,11
3600048797693,32.5898597161327,-117.08816802810045,-25.645622128178513,79,125,15,11
3600048797832,32.58983554769252,-117.08816436052192,-25.636846753145246,79,125,15,11
3600048797912,32.58981139998463,-117.08816071263963,-25.634146802119243,79,125,15,11
3600048797994,32.5897872699316,-117.08815708418832,-25.639449419820533,79,125,15,11
