1616972610509,32.87240949645686,-117.23411493465011,51.40156291673025,163,236,9,11
1616972610628,32.87240772461643,-117.23411409425374,51.37040854831671,163,235,8,11
1616972610790,32.872406053841864,-117.23411319423427,51.34773174636259,161,234,8,11
1616972610972,32.87240045367851,-117.2341102032371,51.27054144472327,158,229,7,11
1616972611147,32.87239926346367,-117.23410950184072,51.256888536418316,156,227,7,11
1616972611305,32.87239814985899,-117.23410886945454,51.24743984505581,155,225,7,11
1616972611449,32.8723972088263,-117.23410838933434,51.23129799155069,156,226,8,11
1616972611530,32.87239635785981,-117.23410792602714,51.2141525451171,158,226,8,11
1616972611796,32.87239362714585,-117.23410628753851,51.161934762524986,161,226,10,11
1616972611909,32.87239311268908,-117.23410594674615,51.15385171331776,162,226,10,11
1616972612020,32.87239267539277,-117.23410563222525,51.144952903181036,163,226,9,11
1616972612140,32.87239233290924,-117.23410538620283,51.13414893642825,165,227,9,11
1616972612295,32.872392048292376,-117.23410516529258,51.12378641637475,167,228,9,11
1616972612432,32.87239180882517,-117.23410496260536,51.11373793871045,169,229,9,11
1616972612510,32.87239162272063,-117.23410479151394,51.10341714517159,171,230,9,11
1616972612795,32.87239133984007,-117.23410420350235,51.06911374071595,180,234,10,11
1616972612914,32.8723909474914,-117.23410390533319,51.07213075079807,175,234,10,11
1616972613029,32.872390846248585,-117.23410373033184,51.07004252364956,172,234,10,11
1616972613246,32.872390686853215,-117.23410359488958,51.0672999343472,169,235,10,11
1616972613358,32.87239056018341,-117.23410345281583,51.0685761185709,166,235,10,11
1616972613578,32.8723902350753,-117.23410269306844,51.067082157654454,155,235,10,11
1616972613711,32.872390098693955,-117.23410263291572,51.07106999646409,155,236,12,11
1616972613886,32.87239004242777,-117.2341026121914,51.068531824622454,155,237,12,11
1616972614224,32.872389712890744,-117.23410241475534,51.07665006312372,151,240,12,11
1616972614627,32.872389509283074,-117.23410214670682,51.08466909120341,148,244,12,11
1616972614776,32.87238948872946,-117.23410206028342,51.087835797390845,147,244,12,11
1616972615131,32.87238943180823,-117.23410187876493,51.10354190276994,145,247,12,11
1616972615286,32.872389520303855,-117.23410177714565,51.10425908960599,144,246,11,11
1616972615471,32.87238959342569,-117.23410148666179,51.12466055130487,140,245,11,11
1616972615657,32.87238968294203,-117.23410139933003,51.128232271938046,140,245,11,11
1616972615820,32.872389680140586,-117.23410130785736,51.13543132212623,139,244,11,11
1616972616163,32.87238987712587,-117.23410092319016,51.17885550809821,131,239,11,11
1616972616507,32.87239011212811,-117.23410051969792,51.213526448103835,125,234,11,11
1616972616682,32.87239014647688,-117.23410044839954,51.22415333355067,123,233,11,11
1616972616865,32.87239026492456,-117.23410030453347,51.24239759330211,120,230,11,11
1616972617039,32.87239029429534,-117.23410024563418,51.245564892887984,120,230,12,11
1616972617355,32.872390390051095,-117.23410014249004,51.25085793907186,118,230,11,11
1616972617503,32.872390436521194,-117.23410012361576,51.25365241993023,118,230,11,11
1616972617719,32.87239049545438,-117.23410004016527,51.25559123839746,117,230,11,11
1616972617895,32.87239055354887,-117.23410003534389,51.256202817687736,116,230,11,11
1616972618045,32.87239057451391,-117.23410000477186,51.25613807198802,116,230,11,11
1616972618229,32.87239072091941,-117.23409992435276,51.264956280219515,114,229,11,11
1616972618461,32.87239086250648,-117.23409979500818,51.280452342240174,111,225,11,11
1616972618631,32.87239095529648,-117.2340997647424,51.2814059080033,110,224,11,11
1616972618757,32.87239100752849,-117.23409972188666,51.28685092879285,109,223,11,11
1616972619133,32.87239118709268,-117.2340995796468,51.29603517277409,106,218,11,11
1616972619329,32.87239123154332,-117.23409954149176,51.30236690224085,105,217,11,11
1616972619582,32.87239140661156,-117.23409943207184,51.307463049278134,102,213,10,11
1616972619686,32.872391458210664,-117.23409938404465,51.309677957993564,101,212,10,11
1616972619822,32.87239149761576,-117.23409937357361,51.31054354984848,100,211,10,11
1616972619978,32.872391559457846,-117.23409932503235,51.314742475843,99,210,10,11
1616972620090,32.87239162062006,-117.23409927140102,51.32092555359749,98,209,10,11
1616972620216,32.872391657745624,-117.23409929001303,51.32367277733537,97,207,10,11
1616972620498,32.87239181274866,-117.23409916556226,51.32687878894918,95,203,11,11
1616972620629,32.872391847818164,-117.23409915279518,51.3295487528001,94,202,11,11
