3600048096218,32.74453893535326,-117.18716457377847,-11.736435466102266,77,124,15,11
3600048096347,32.74452488516302,-117.18713442801682,-11.677567670926187,77,124,15,11
3600048096439,32.74451083984955,-117.18710426710757,-11.617874401912962,77,124,15,11
3600048096530,32.74449675872923,-117.18707403409606,-11.560940482158115,76,124,15,11
3600048096622,32.74448269074349,-117.18704386271803,-11.504107076686111,76,124,15,11
3600048096706,32.74446861673144,-117.18701367327544,-11.447989357994105,76,124,15,11
3600048096778,32.74445452974702,-117.18698348158027,-11.396777480283049,76,124,15,11
3600048096869,32.74444044268025,-117.18695327122398,-11.34804427745971,76,124,15,11
3600048096960,32.74442635630366,-117.18692304147727,-11.302666323604287,76,124,15,11
3600048097059,32.744412232858934,-117.1868927523934,-11.25980625923823,76,124,15,11
3600048097226,32.744398154319946,-117.18686250980606,-11.217977250352337,76,124,15,11
3600048097356,32.74438406686808,-117.18683225898229,-11.169209833484686,76,124,15,11
3600048097447,32.74436996971264,-117.18680200208107,-11.12122770777729,76,124,15,11
3600048097540,32.744355873468216,-117.18677170177538,-11.068708505045972,76,124,15,11
3600048097634,32.74434178097868,-117.18674140799726,-11.022944176284202,76,124,15,11
3600048097776,32.74432766266042,-117.18671103671328,-10.977823407411325,76,124,15,11
3600048097857,32.74431356483083,-117.18668071261685,-10.935472160751814,76,124,15,11
3600048097940,32.744299445236216,-117.18665037290705,-10.893884682331143,76,124,15,11
3600048098036,32.744285322887684,-117.1866200286839,-10.857457956012512,76,124,15,11
3600048098127,32.744271176849175,-117.18658966980036,-10.82069436425932,76,124,14,11
3600048098223,32.74425703314565,-117.18655929143267,-10.784943511617799,76,124,14,11
3600048098349,32.744242889072595,-117.18652883634618,-10.750830507788466,76,124,14,11
3600048098513,32.74422874095665,-117.18649840781099,-10.713641198237482,76,124,14,11
3600048098620,32.74421457936683,-117.18646797314003,-10.682764982608731,76,124,14,11
3600048098703,32.74420046022081,-117.18643752706829,-10.667054963850967,76,124,14,11
3600048098783,32.74418636502502,-117.18640712067392,-10.649646481592189,76,124,14,11
3600048098852,32.74417218382733,-117.18637669846662,-10.59647725378143,76,124,14,11
3600048098951,32.74415795841102,-117.18634616475295,-10.530771643307963,76,124,14,11
3600048099056,32.744143804264326,-117.18631566245664,-10.474755132183118,76,124,14,11
3600048099227,32.744129658314755,-117.18628508748951,-10.420974566671806,76,124,14,11
3600048099309,32.74411551384421,-117.18625455470503,-10.402214717856786,76,124,14,11
3600048099449,32.744101385714195,-117.18622403704109,-10.394576602751972,76,124,14,11
3600048099543,32.74408722814958,-117.18619349403502,-10.37179282404548,76,124,15,11
3600048099634,32.74407301657087,-117.18616287336513,-10.333871262941512,76,124,15,11
3600048099795,32.74405881632633,-117.18613225752861,-10.29441852588845,76,124,15,11
3600048099931,32.744044655342606,-117.18610163427687,-10.262180770713174,76,124,15,11
3600048100012,32.7440304810968,-117.18607098680253,-10.231564513387234,76,124,15,11
3600048100094,32.74401629652685,-117.18604035608091,-10.213041879309273,76,124,15,11
3600048100187,32.74400210654236,-117.18600971967219,-10.195927064780125,76,124,15,11
3600048100278,32.74398788810818,-117.18597903037544,-10.181426897240529,76,124,15,11
3600048100433,32.74393113033022,-117.18585640723452,-10.094844861963429,76,124,15,11
3600048100543,32.74391694230622,-117.18582572499125,-10.062823979197347,76,124,15,11
3600048100650,32.743902740422435,-117.1857950315796,-10.037712438959694,76,124,15,11
3600048100742,32.74388854682521,-117.18576436183797,-10.01099093910572,76,124,15,11
3600048100843,32.74387435438182,-117.18573372434335,-9.988376738745353,76,124,15,11
3600048100966,32.743860124351464,-117.18570308056508,-9.964172461843818,76,124,15,11
3600048101063,32.74384588395682,-117.18567245919105,-9.945816773834533,76,124,15,11
3600048101151,32.74383162133776,-117.18564186735622,-9.93566538649502,76,124,15,11
3600048101296,32.743817339739444,-117.18561124579132,-9.923141711115068,76,124,15,11
3600048101384,32.74380304932833,-117.18558068069976,-9.914296873728722,76,124,15,11
3600048101553,32.74378876247143,-117.18555012615599,-9.902743564327269,76,124,15,11
3600048101645,32.74377447466823,-117.18551957346625,-9.891582394258053,76,124,15,11
3600048101787,32.74376018235773,-117.18548902992147,-9.878395762349925,76,124,15,11
3600048101866,32.74374589033074,-117.18545851464745,-9.866861798049648,76,124,15,11
3600048101951,32.74373157716574,-117.18542796245063,-9.847467261349166,76,123,15,11
3600048102055,32.74371728207737,-117.18539744280777,-9.825074862683683,76,123,15,11
3600048102135,32.74370299187139,-117.18536690604198,-9.802816999415999,76,123,15,11
3600048102288,32.74368871203104,-117.18533639632143,-9.785684302204503,76,123,15,11
3600048102444,32.7436744346543,-117.18530587264108,-9.767265558843503,76,123,15,11
3600048102522,32.7436601647123,-117.18527536985373,-9.751389233736509,76,124,15,11
3600048102615,32.743645872330696,-117.18524482852736,-9.7337905840802,76,123,15,11
3600048102734,32.74363159010906,-117.18521431996156,-9.719210059176561,76,123,15,11
3600048102820,32.74361731508797,-117.18518380808658,-9.703583672435913,76,123,15,11
3600048102889,32.74360305743619,-117.18515330395697,-9.69137787982185,76,123,15,11
3600048102981,32.74358881851778,-117.18512276199415,-9.675664640337082,76,123,15,11
3600048103085,32.74357459566109,-117.18509223162316,-9.662684747578425,76,123,15,11
3600048103167,32.74356036204966,-117.18506166563841,-9.646814127899473,76,123,15,11
3600048103248,32.74354615109438,-117.18503110817701,-9.627964842633096,76,123,15,11
3600048103401,32.74353196182723,-117.18500053594859,-9.608686342163484,76,123,15,11
3600048103555,32.743517784256056,-117.18496997510437,-9.591131067635233,76,123,15,11
3600048103645,32.74350361628672,-117.18493938743087,-9.571797734529811,76,123,15,11
3600048103740,32.74348945276178,-117.18490881199158,-9.555231245590962,76,123,15,11
3600048103881,32.743475289108375,-117.18487821643332,-9.540594092225609,76,123,15,11
3600048103971,32.74346113420879,-117.18484764781756,-9.525688059950095,76,123,15,11
3600048104060,32.74344697669872,-117.18481707918167,-9.509520462802538,76,123,15,11
3600048104212,32.7434328232909,-117.18478653756144,-9.49058092214323,76,123,15,11
3600048104344,32.74337615536488,-117.18466450092717,-9.413943762233709,76,123,15,11
3600048104450,32.743361983265196,-117.18463405082579,-9.3941259557715,76,123,15,11
3600048104552,32.7433478056556,-117.18460359975755,-9.367528624192596,76,123,15,11
3600048104640,32.74333364415768,-117.18457317827921,-9.342963545364912,76,123,15,11
3600048104736,32.74331947759122,-117.18454276192573,-9.313976549169345,76,123,15,11
3600048104852,32.74330530877059,-117.18451236469691,-9.288872288051865,76,123,15,11
3600048104981,32.743291135166395,-117.18448199028018,-9.263330777204077,76,123,15,11
3600048105060,32.74327696258425,-117.1844516448007,-9.243712671279662,76,123,15,11
3600048105218,32.74326278879907,-117.18442129942424,-9.22110971723377,76,123,15,11
3600048105373,32.743248634512156,-117.18439097401425,-9.204985280510037,76,123,15,11
3600048105456,32.74323448988018,-117.18436066413382,-9.186980065814055,76,123,15,11
3600048105546,32.743220345799436,-117.1843303555258,-9.167761008986677,76,123,15,11
3600048105647,32.74320619816964,-117.1843000721213,-9.14827041839283,76,123,15,11
3600048105786,32.74319205806291,-117.1842698169934,-9.133113912574236,76,123,15,11
3600048105875,32.74317793610388,-117.18423955395933,-9.112056757386139,76,123,15,11
3600048105955,32.74316382069494,-117.18420932134912,-9.09369333362808,76,123,15,11
3600048106063,32.7431497268509,-117.18417909346489,-9.071830171169784,76,123,15,11
3600048106142,32.74313561099305,-117.18414889704904,-9.052713034438264,76,123,15,11
3600048106223,32.74312151002076,-117.18411870997572,-9.033033787330348,76,123,15,11
3600048106371,32.743107417746764,-117.18408855881854,-9.017996704181762,76,123,15,11
