1611351098752,32.99872569904935,-117.2568824749819,9.275864253169175,76,121,13,11
1611351098897,32.99874782202849,-117.2568859344254,9.291756820356156,76,121,13,11
1611351098978,32.99876991603673,-117.2568893652675,9.309098054354127,76,121,13,11
1611351099066,32.99879210083349,-117.25689280813671,9.320351655329874,76,121,13,11
1611351099157,32.99881410300987,-117.25689622815648,9.337542611773298,76,121,13,11
1611351099318,32.998836070200966,-117.25689962555637,9.355886274437475,76,121,13,11
1611351099410,32.99885800710593,-117.25690301380872,9.374261429788264,76,121,13,11
1611351099492,32.99887990784396,-117.25690639997148,9.39082809715805,76,121,12,11
1611351099573,32.99890177736952,-117.2569097741349,9.408702687187464,76,121,12,11
1611351099671,32.9989237865902,-117.2569131690887,9.428369553445654,76,121,12,11
1611351099762,32.99894564101173,-117.25691652226385,9.44680589736232,76,121,12,11
1611351099840,32.99896749311554,-117.25691986255988,9.461761931379675,76,121,12,11
1611351099923,32.998989377636015,-117.25692320657795,9.478786455431903,76,121,12,11
1611351100004,32.999011270810165,-117.25692655940847,9.494198903943097,76,121,12,11
1611351100111,32.99903320576417,-117.25692991429258,9.511969401424903,76,121,12,11
1611351100262,32.99905535372706,-117.2569332876946,9.53120913045468,76,121,12,11
1611351100347,32.999077386171884,-117.25693663913246,9.548520129918417,76,121,12,11
1611351100558,32.999099475906554,-117.25693999185887,9.567070257987165,76,121,12,11
1611351100651,32.999121612871384,-117.25694335933757,9.58155790019137,76,121,12,11
1611351100743,32.999143816256456,-117.25694673513419,9.596446916740417,76,121,12,11
1611351100851,32.99916608770115,-117.25695012133767,9.615749725990165,76,121,12,11
1611351100930,32.99918859244653,-117.25695352911353,9.630311547641005,76,121,12,11
1611351101013,32.99921097216231,-117.25695692056978,9.641665127351695,76,121,12,11
1611351101094,32.99923341318202,-117.25696033165568,9.655304548983006,76,121,12,11
1611351101188,32.9992559210042,-117.25696375653555,9.6678905304127,76,121,12,11
1611351101333,32.99927849874323,-117.25696719092895,9.68151263213444,76,121,12,11
1611351101413,32.99930112088617,-117.25697061428491,9.691337709029648,76,121,12,11
1611351101560,32.99932399087781,-117.25697406531073,9.70668287429599,76,121,12,11
1611351101648,32.99934673550511,-117.2569775016275,9.719459511374929,76,121,12,11
1611351101739,32.99936953442788,-117.25698094907806,9.7333678587358,76,121,12,11
1611351101830,32.99939238881209,-117.25698440994415,9.749084952772924,76,121,12,11
1611351101975,32.999415292960876,-117.25698786668248,9.764900780795125,76,121,12,11
1611351102058,32.999438242169454,-117.25699134588949,9.78191223734347,76,121,12,11
1611351102177,32.99953053002061,-117.25700549109736,9.839883216537368,76,121,12,11
1611351102349,32.99955364521646,-117.25700908844806,9.854322915722118,76,121,12,11
1611351102433,32.99957678797201,-117.25701269215692,9.865875416279426,76,121,12,11
1611351102525,32.99960016196097,-117.25701634545777,9.875004270382082,76,121,12,11
1611351102616,32.999623380544804,-117.25701998601966,9.881585115623494,76,121,12,11
1611351102697,32.9996466253077,-117.25702363326428,9.885158161095669,76,121,12,11
1611351102799,32.99966992522935,-117.25702727892877,9.891885607536084,76,121,12,11
1611351102994,32.99969324315147,-117.25703092366969,9.896601434097176,76,121,12,11
1611351103085,32.99971660180084,-117.25703458362874,9.901669336041756,76,121,12,11
1611351103229,32.99974018762362,-117.2570382703787,9.911089892677161,76,121,12,11
1611351103314,32.999763576543224,-117.25704194303361,9.919939605098065,76,121,12,11
1611351103406,32.99978699057249,-117.25704562575925,9.930670881752253,76,121,12,11
1611351103485,32.999810408039195,-117.25704932425913,9.940774738306876,76,121,12,11
1611351103579,32.999833836508024,-117.25705304188733,9.95595487406722,77,121,12,11
1611351103683,32.99985727836883,-117.2570567632056,9.967670526827213,76,121,12,11
1611351103815,32.99988092672925,-117.2570605186977,9.98348704427561,76,121,12,11
1611351103905,32.99990439062633,-117.25706425706531,10.00063177866639,76,121,12,11
1611351103989,32.99992784744542,-117.25706799445234,10.018553611451512,77,121,13,11
1611351104079,32.999951345349295,-117.25707175497628,10.04276652427373,77,121,13,11
1611351104216,32.99997483567103,-117.25707552700258,10.060382843847531,77,121,13,11
1611351104306,32.99999834166881,-117.25707929098054,10.07742235704025,76,121,13,11
1611351104466,33.000022078416016,-117.25708309605511,10.091477355724663,76,121,13,11
1611351104548,33.000045613688854,-117.2570868616371,10.10433978866451,76,121,13,11
1611351104647,33.000069154922514,-117.25709065484988,10.11930392865405,77,121,13,11
1611351104735,33.00009270490776,-117.25709446441228,10.13228957456077,77,121,13,11
1611351104807,33.000116286723234,-117.25709827517504,10.152713685253614,77,121,13,11
1611351104953,33.0001398890527,-117.25710207297747,10.174434916769878,76,121,13,11
1611351105039,33.000163736040214,-117.25710594063942,10.199037677979154,76,121,13,11
1611351105141,33.000187386826006,-117.25710976788055,10.221524312340321,76,121,13,11
1611351105273,33.00021107428105,-117.2571135845174,10.242195885480983,76,121,13,11
1611351105365,33.00023481061487,-117.25711741769473,10.26150023998122,77,121,13,11
1611351105457,33.00025857199153,-117.25712124560174,10.280201307690236,77,121,13,11
1611351105550,33.00028239675702,-117.25712506415603,10.301959397073006,76,121,13,11
1611351105641,33.000306482955146,-117.25712891104348,10.326607420345557,76,121,13,11
1611351105737,33.000330370477144,-117.2571327415455,10.349546641606107,76,121,13,11
1611351105821,33.00035430786259,-117.2571365815627,10.373277572242802,76,121,13,11
1611351105957,33.000378300041994,-117.25714041332753,10.396247961598387,77,121,13,11
1611351106038,33.000402338705186,-117.25714423821397,10.419339578248435,77,121,13,11
1611351106141,33.00042642837738,-117.2571480753487,10.438695435002266,76,121,13,11
1611351106264,33.00045059903792,-117.25715190380656,10.459514631601582,76,121,13,11
1611351106360,33.00047483613481,-117.25715572893597,10.48048983051538,76,121,13,11
1611351106452,33.00049914813644,-117.25715957181852,10.499953690477346,77,121,13,11
1611351106619,33.00052353866333,-117.25716343732864,10.517104385569542,77,121,13,11
1611351106721,33.00054802629758,-117.25716732634675,10.53377662091817,77,121,13,11
1611351106802,33.00057260724607,-117.25717125085644,10.54865208972823,76,121,13,11
1611351106936,33.00059729234315,-117.2571751982099,10.55811968309139,76,121,13,11
1611351107017,33.000622074414444,-117.25717916397362,10.56873389949118,76,121,13,11
1611351107098,33.00064694592372,-117.25718317380274,10.572176425258233,77,121,13,11
1611351107210,33.00067191325375,-117.2571872208075,10.577531618931717,77,121,13,11
1611351107337,33.00069698301606,-117.25719129524082,10.580767959456388,77,121,13,11
1611351107425,33.00072213607905,-117.2571953646963,10.581661250587995,76,121,13,11
1611351107516,33.00074740431194,-117.25719945424606,10.585086928097377,76,121,13,11
1611351107616,33.00077275126126,-117.2572035563489,10.588380654235914,76,121,13,11
1611351107716,33.0007982144708,-117.2572076915685,10.597455951647772,76,121,13,11
1611351107797,33.00082376056878,-117.2572118430861,10.60268667143498,76,121,13,11
1611351107931,33.00084939667007,-117.25721599185034,10.606894556969108,76,121,13,11
1611351108181,33.00097869440796,-117.25723683117977,10.583988961137706,76,121,13,11
1611351108361,33.00100478863352,-117.25724099487256,10.57523895847928,76,121,13,11
1611351108455,33.00103095489215,-117.25724517753902,10.564948103228351,76,121,13,11
1611351108557,33.00105719410695,-117.25724932081947,10.551131713993081,76,121,13,11
1611351108643,33.001083523264285,-117.2572534737248,10.537487876358433,76,121,13,11
1611351108724,33.00110991105361,-117.25725763327907,10.519234169967369,76,121,13,11
1611351108806,33.00113638449194,-117.25726180002816,10.505110561500453,76,121,13,11
1611351108894,33.00116292711552,-117.25726595997224,10.488934846483753,76,121,12,11
