1619906286595,32.779874287247246,-117.17277127178777,71.58671139841907,55,92,11,11
1619906286744,32.77989214847259,-117.1727694945209,71.63402052090834,55,92,11,11
1619906286940,32.77991007854791,-117.17276766410006,71.697579484096,55,92,11,11
1619906287212,32.779981659462244,-117.1727607037719,71.91548735318418,55,94,11,11
1619906287343,32.77999956838693,-117.17275901167595,71.96790081923461,54,94,11,11
1619906287459,32.78001748649573,-117.17275731046367,72.02022330691801,53,93,11,11
1619906287573,32.78003539591957,-117.17275563660094,72.0723132621025,52,93,11,11
1619906287687,32.78005329002247,-117.17275398424113,72.12371487161677,52,93,11,11
1619906287779,32.780071165752744,-117.17275230922522,72.1700479669366,52,93,11,11
1619906288005,32.780124681617906,-117.17274739266178,72.33142426994173,52,94,10,11
1619906288122,32.78014259999779,-117.17274566909258,72.37973610117938,51,93,10,11
1619906288235,32.78016049547186,-117.17274393465485,72.42591742527715,51,93,10,11
1619906288369,32.780178322879834,-117.17274219547168,72.46600076788143,50,93,10,11
1619906288492,32.78019610832769,-117.17274050146241,72.51053113179371,50,92,10,11
1619906288607,32.780213938642554,-117.17273878391167,72.56696087708782,49,91,10,11
1619906288720,32.780231855702404,-117.17273703375932,72.62801698104501,48,90,10,11
1619906288796,32.78026746648387,-117.17273349891477,72.73437434633782,47,89,11,11
1619906288932,32.78028524358872,-117.17273168196074,72.78526214145617,47,88,11,11
1619906289045,32.78030299731743,-117.17272991937269,72.84093643945572,46,88,10,11
1619906289161,32.780320767339504,-117.17272809562682,72.89673621395218,46,88,10,11
1619906289279,32.78033864922517,-117.1727263370008,72.9541348482602,45,85,10,11
1619906289414,32.780356420818535,-117.17272446606812,73.00489921533796,45,85,10,11
1619906289526,32.78037415935364,-117.17272261167574,73.05989233182365,45,85,10,11
1619906289648,32.78039190136999,-117.1727207916405,73.11829783636257,44,84,10,11
1619906289784,32.78044528794241,-117.17271521237204,73.2958190002019,43,81,11,11
1619906289905,32.78046299455394,-117.17271333980587,73.34661717011319,43,81,11,11
1619906290037,32.78048071059299,-117.17271140417725,73.40721127908124,44,82,11,11
1619906290119,32.780498447664876,-117.17270950059279,73.4666949423074,44,81,11,11
1619906290266,32.78051617585736,-117.17270759088903,73.522402660913,44,81,11,11
1619906290402,32.780533898986576,-117.1727057213271,73.57219236416853,43,80,11,11
1619906290514,32.78055161962495,-117.17270385756903,73.62560270858523,43,79,11,11
1619906290631,32.78056934044932,-117.17270197684792,73.67624714001397,42,78,11,11
1619906290814,32.78062250521249,-117.17269634641445,73.84349596155307,42,77,11,11
1619906290960,32.78064020753283,-117.17269443667819,73.89959012077507,42,77,11,11
1619906291072,32.78065794679185,-117.17269247666886,73.96385086471906,42,77,11,11
1619906291167,32.78067569210448,-117.172690552015,74.02625290643913,42,76,11,11
1619906291317,32.780693442636036,-117.17268862122775,74.08301314885846,41,75,11,11
1619906291458,32.78071119666608,-117.17268668613099,74.13015148020084,40,73,11,11
1619906291568,32.78072894217002,-117.17268469090067,74.17768947208873,40,72,11,11
1619906291685,32.78074670915102,-117.1726826433159,74.21490059687028,39,71,11,11
1619906291821,32.78079999510699,-117.17267637649367,74.3128763833977,38,69,11,11
1619906291937,32.78081772848846,-117.1726742067111,74.33756275865271,38,69,11,11
1619906292049,32.780835422139276,-117.17267193243005,74.35942919772937,38,69,11,11
1619906292162,32.780853207674305,-117.17266951017828,74.42013460642322,38,69,11,11
1619906292276,32.78087099985662,-117.17266689491946,74.47707538611829,39,69,11,11
1619906292411,32.78088875894914,-117.17266422627971,74.51011585278214,39,69,11,11
1619906292526,32.78090644496512,-117.1726616199537,74.53742327985321,39,69,11,11
1619906292641,32.780924152917905,-117.17265895718973,74.57962503391319,39,69,11,11
1619906292813,32.78097747125367,-117.17264996193114,74.82160844033913,40,69,11,11
1619906292959,32.780995207910166,-117.17264683744084,74.87916569140235,40,69,11,11
1619906293090,32.781012953535,-117.17264363493676,74.93704908973032,40,69,11,11
1619906293220,32.78103073611303,-117.17264030456096,75.00157001934014,40,69,11,11
1619906293332,32.781048494456336,-117.17263689877507,75.05966064961456,40,68,11,11
1619906293469,32.78106633684756,-117.17263338894242,75.11841950331568,39,67,11,11
1619906293582,32.781084096562665,-117.17262976767354,75.17789675094991,39,67,11,11
1619906293698,32.78110183730087,-117.17262610552166,75.22862814081489,38,66,11,11
1619906293945,32.78117288332131,-117.17261039098061,75.45945234363471,38,65,11,11
1619906294079,32.78119055406933,-117.17260628655761,75.51119172954837,38,65,11,11
1619906294195,32.78120824384296,-117.1726021194446,75.55849384697608,38,65,11,11
1619906294315,32.78122588919909,-117.17259790216441,75.5957005900953,38,65,12,11
1619906294449,32.78124347963898,-117.1725936418006,75.62210289895643,38,65,12,11
1619906294561,32.78126104308409,-117.17258929246333,75.65310519462389,38,65,12,11
1619906294682,32.78131350371845,-117.17257598056284,75.74634561383657,38,64,12,11
1619906294912,32.781330806040316,-117.17257146090495,75.7626071035888,38,64,12,11
1619906295069,32.78134801421641,-117.17256686069248,75.77569871112503,38,64,12,11
1619906295185,32.78136516059445,-117.17256219530468,75.79589580709158,37,63,12,11
1619906295299,32.781382257045784,-117.1725575374566,75.82188848754893,38,64,11,11
1619906295410,32.781399246714216,-117.17255285832123,75.83989217323796,38,64,11,11
1619906295610,32.78146650899826,-117.17253364018536,75.89066587426075,38,64,11,11
1619906295705,32.781483172010375,-117.17252873982649,75.89914743939819,38,64,11,11
1619906295902,32.7814996997405,-117.17252378799316,75.89397197833495,38,64,11,11
1619906296109,32.78151616228852,-117.17251879783392,75.89403512142145,39,64,11,11
1619906296226,32.781532564700456,-117.1725137336099,75.89845633161995,39,65,11,11
1619906296414,32.781597329229285,-117.17249317604387,75.88514216711324,39,64,12,11
1619906296527,32.78161327592636,-117.17248793505168,75.88453360761908,39,64,12,11
1619906296640,32.781629134310734,-117.17248261238474,75.88759052438884,38,64,12,11
1619906296786,32.78164489301288,-117.17247726734487,75.89097549072125,38,64,12,11
