1633099624785,32.82144417339376,-117.22835438134122,-9.976111220314182,34,75,15,11
1633099624904,32.8214660925138,-117.22837699396685,-9.94499716605246,34,75,15,11
1633099625017,32.821488027132595,-117.2283996190892,-9.907606610781112,34,75,15,11
1633099625145,32.821509965340994,-117.2284221840361,-9.865713879009494,35,76,15,11
1633099625243,32.8215319109668,-117.22844481837312,-9.824842286363872,35,77,15,11
1633099625459,32.821553836642934,-117.22846745502046,-9.789900044919465,36,77,15,11
1633099625572,32.82161950748261,-117.22853545844383,-9.672549909118398,37,78,15,11
1633099625687,32.82164139780348,-117.2285581121254,-9.632055108248903,37,79,15,11
1633099625834,32.82166328600238,-117.22858079184198,-9.592154902126987,37,79,15,11
1633099626026,32.8216851718662,-117.22860349632424,-9.553621508611533,37,79,15,11
1633099626142,32.82170705162927,-117.22862617634107,-9.513417730762226,37,79,15,11
1633099626390,32.82179472445654,-117.22871695855247,-9.330565816603883,38,80,15,11
1633099626509,32.82181665449926,-117.22873966101942,-9.283934903577048,38,80,15,11
1633099626643,32.82183861380145,-117.22876234674975,-9.235999836153264,37,80,15,11
1633099626792,32.821860535811105,-117.22878506872071,-9.193661737124172,37,79,15,11
1633099626944,32.82188248217999,-117.22880779483715,-9.151163211658952,37,79,15,11
1633099627057,32.82190444979533,-117.22883048833697,-9.10589107893898,36,78,15,11
1633099627173,32.82192644462261,-117.22885315560235,-9.061860802400847,36,78,15,11
1633099627396,32.82201445186394,-117.22894392925228,-8.867450143592311,36,78,15,11
1633099627584,32.822036470341715,-117.22896661532486,-8.81971853810238,37,78,15,11
1633099627717,32.8220584927749,-117.22898924052235,-8.779253073851377,37,79,15,11
1633099627887,32.8221245275602,-117.22905750394115,-8.654029926279085,36,77,15,11
1633099628006,32.82214653834424,-117.22908026076576,-8.612304873336882,36,77,15,11
1633099628123,32.82216855787321,-117.22910300647426,-8.56966528423276,36,77,15,11
1633099628234,32.82219060382,-117.22912576870502,-8.520447028931658,36,77,15,11
1633099628440,32.82221264240255,-117.2291485276037,-8.473545956076093,36,77,15,11
1633099628694,32.8223008304922,-117.22923964306409,-8.292272802870182,38,78,15,11
1633099628808,32.822322904070155,-117.22926244238653,-8.24329328536235,38,78,15,11
1633099628889,32.8223449807417,-117.22928524906153,-8.199556986607568,38,78,15,11
1633099629037,32.82236708608772,-117.22930805377611,-8.162810595283757,38,77,15,11
1633099629154,32.822389195610775,-117.22933084590011,-8.134617764450281,38,78,15,11
1633099629254,32.822411293799306,-117.22935363714979,-8.110262438506998,38,78,15,11
1633099629463,32.822433414972295,-117.22937645727235,-8.071776582541682,38,77,15,11
1633099629702,32.82252203949338,-117.22946781389979,-7.939458552562628,36,75,14,11
1633099629851,32.82254423834543,-117.22949063268294,-7.913104666688216,36,75,14,11
1633099629930,32.82256644818606,-117.2295134998347,-7.880771097404166,36,75,14,11
1633099630083,32.82258867497419,-117.22953637197743,-7.847111418388235,36,75,15,11
1633099630195,32.82261091656347,-117.22955925405286,-7.818612962443401,36,75,15,11
1633099630300,32.82263319326295,-117.22958215724874,-7.790757846582388,36,75,15,11
1633099630413,32.82265545110967,-117.22960510418645,-7.752094098336412,37,75,15,11
1633099630685,32.822744612776084,-117.22969700208681,-7.593248892993089,38,76,15,11
1633099630811,32.82276695608778,-117.22972004756173,-7.554123687768549,38,76,15,11
1633099630938,32.82278930533169,-117.2297430680868,-7.5058660716356504,37,76,15,11
1633099631074,32.82281164130906,-117.22976609313646,-7.457356530795377,37,75,15,11
1633099631195,32.82283395289561,-117.22978913358278,-7.412344159370828,37,75,15,11
1633099631297,32.82285626554446,-117.2298121753305,-7.364242146271272,37,74,15,11
1633099631501,32.82292319821286,-117.22988123264821,-7.238097830692236,36,73,15,11
1633099631667,32.82294544544473,-117.22990423104307,-7.2007554350669984,36,73,15,11
1633099631768,32.8229676791486,-117.22992719465252,-7.167262814912018,35,73,15,11
1633099631909,32.82298988163636,-117.2299500756838,-7.13500883458836,35,73,15,11
1633099632135,32.82301201123243,-117.22997290468182,-7.1052228805833035,36,73,15,11
1633099632256,32.82303412603127,-117.2299957096514,-7.0775197780326495,36,73,15,11
1633099632389,32.82312181558975,-117.23008596711408,-6.9905230888820515,34,71,15,11
1633099632568,32.8231436295054,-117.23010845918414,-6.979016565411014,33,71,15,11
1633099632712,32.82316547419125,-117.23013104535237,-6.960275201179584,34,72,15,11
1633099632844,32.823187293115396,-117.230153544217,-6.938491355782698,35,73,15,11
1633099633013,32.8232091154097,-117.23017605364598,-6.922509609212753,35,73,15,11
1633099633197,32.82329673050217,-117.23026588251443,-6.890370950268256,36,75,15,11
1633099633354,32.82331870632587,-117.23028831832843,-6.877249752113738,36,75,15,11
1633099633435,32.823340682110874,-117.23031077665874,-6.863071508368861,36,75,15,11
1633099633664,32.82340686286364,-117.23037820588095,-6.839693650220403,35,74,15,11
1633099633809,32.8234291027601,-117.23040077502802,-6.830924934900484,34,74,15,11
1633099633902,32.8234512933802,-117.23042323689263,-6.817308290512452,34,73,15,11
1633099634048,32.823473591278635,-117.23044568442599,-6.800442445910105,34,73,15,11
1633099634169,32.82349592059031,-117.23046809449232,-6.78961094035383,34,73,15,11
1633099634303,32.82351834998877,-117.23049046698883,-6.776493766927933,33,73,15,11
1633099634413,32.823540869229724,-117.23051280274699,-6.760089080773606,33,72,15,11
1633099634691,32.82363190172358,-117.23060145518473,-6.732451161856163,31,69,15,11
1633099634806,32.82365486254389,-117.23062334633605,-6.727703612886301,31,68,15,11
1633099634896,32.823677911191304,-117.23064515676083,-6.721962747437903,31,68,15,11
