1616367445093,32.851285218825495,-117.2149860373662,72.36812461096666,27,54,12,11
1616367445205,32.85128520293993,-117.21498602247009,72.36556864162715,27,54,12,11
1616367445328,32.85128518779999,-117.21498601144931,72.36247236516517,27,53,12,11
1616367445442,32.851285181246816,-117.21498599516569,72.35996421486752,27,54,12,11
1616367445577,32.851285171411895,-117.21498598800257,72.35730920519309,27,54,12,11
1616367445689,32.851285153918354,-117.21498596898631,72.35467745973881,27,53,12,11
1616367445820,32.85128513868419,-117.21498595546748,72.35328183506972,27,53,12,11
1616367446003,32.85128510310193,-117.2149859210179,72.34807507945055,26,53,12,11
1616367446083,32.851285096714804,-117.21498590901278,72.34670391276742,26,53,12,11
1616367446284,32.85128508663871,-117.21498589753607,72.34500964065232,26,52,12,11
1616367446404,32.8512850710547,-117.21498588159766,72.34420424867538,26,52,12,11
1616367446533,32.85128505876015,-117.21498588236953,72.34183173693869,26,53,12,11
1616367446646,32.85128503418547,-117.21498586068752,72.33581297982704,27,53,12,11
1616367446781,32.8512850221989,-117.2149858539018,72.33497639619672,27,53,12,11
1616367446915,32.85128501533819,-117.2149858499233,72.33349622353735,27,53,12,11
1616367447026,32.85128500371184,-117.21498585184447,72.33192912158684,27,53,12,11
1616367447144,32.85128499732106,-117.21498584571565,72.3308935918915,27,54,12,11
1616367447256,32.85128499224954,-117.21498584197954,72.32954419507503,27,54,12,11
1616367447348,32.85128498947154,-117.2149858286922,72.32881780359838,27,54,12,11
1616367447521,32.85128497525125,-117.21498582648724,72.32752758637918,27,54,12,11
1616367447639,32.851284968984984,-117.21498583059656,72.32742360317808,27,54,12,11
1616367447782,32.85128494686073,-117.21498580970103,72.32599153645506,27,54,12,11
1616367447915,32.85128494107902,-117.21498580197,72.32592875540152,28,54,12,11
1616367448030,32.85128493653664,-117.21498579424143,72.3252139070593,28,55,12,11
1616367448147,32.85128493760138,-117.21498578837252,72.32476295394427,28,55,12,11
1616367448284,32.851284929550744,-117.21498578647288,72.3243119883086,28,55,12,11
1616367448411,32.85128491898018,-117.2149857871936,72.32404682491054,28,54,12,11
1616367448693,32.851284891995036,-117.21498577886858,72.32829477242142,27,54,12,11
1616367448838,32.851284888949664,-117.21498577070346,72.3288199218688,27,53,12,11
1616367448979,32.85128488282375,-117.21498576705969,72.32989385687848,26,53,12,11
1616367449091,32.85128487391988,-117.21498576413613,72.33012034148992,26,52,12,11
1616367449208,32.85128487015461,-117.21498576521955,72.33214346578265,26,52,12,11
1616367449325,32.851284868200004,-117.21498576152283,72.33395384133622,25,51,12,11
1616367449447,32.85128485930377,-117.21498575525919,72.33566625305924,25,51,12,11
1616367449583,32.85128485889116,-117.21498575314756,72.33646880528427,25,50,12,11
1616367449787,32.8512848398337,-117.21498574026589,72.33543132473199,25,51,12,11
1616367449923,32.85128483933961,-117.21498573534845,72.33506465572555,26,51,12,11
1616367450037,32.8512848399384,-117.21498573628755,72.33469215111816,26,51,12,11
1616367450157,32.85128483563456,-117.21498574474424,72.33448855947789,26,51,12,11
1616367450331,32.85128482770245,-117.21498573729043,72.33446431940804,26,52,12,11
1616367450418,32.85128482144785,-117.21498573959235,72.3346116797766,26,52,12,11
1616367450591,32.85128483188145,-117.21498573619748,72.33589374514844,27,52,12,11
1616367450814,32.85128483624614,-117.21498569851428,72.33270561543289,27,53,12,11
1616367450954,32.85128483993269,-117.21498569980444,72.33448563427498,27,53,12,11
1616367451139,32.85128482319594,-117.2149857188203,72.33647717671187,27,53,12,11
1616367451252,32.851284828361564,-117.21498570574127,72.33795953939102,27,53,12,11
1616367451363,32.851284836026245,-117.2149857021831,72.33940404728966,27,52,12,11
1616367451455,32.851284831898475,-117.21498570809116,72.34031836348392,26,52,12,11
1616367451689,32.851284842023986,-117.21498569996885,72.34582800357185,26,51,12,11
1616367451846,32.85128484513953,-117.21498570111304,72.34754878595703,26,51,12,11
1616367452026,32.85128483753924,-117.2149857028019,72.3494614456115,26,51,12,11
1616367452139,32.85128483393664,-117.21498569805128,72.35069589265088,25,50,12,11
1616367452405,32.851284843529704,-117.21498571279625,72.3548215438754,25,49,12,11
1616367452519,32.85128484647998,-117.21498571807561,72.35594897575155,24,49,12,11
1616367452631,32.85128484792814,-117.21498571999133,72.35715508366191,24,49,12,11
1616367452767,32.851284842406436,-117.21498572606558,72.35780576089756,24,49,12,11
1616367452880,32.85128485123937,-117.21498572381415,72.35757745360155,24,49,12,11
1616367453093,32.85128485396467,-117.21498573311936,72.35776524591456,24,49,12,11
1616367453280,32.85128485477326,-117.2149857665779,72.356620920357,25,49,12,11
1616367453414,32.85128485678691,-117.21498577035152,72.35562084791461,25,49,12,11
1616367453528,32.85128485780206,-117.21498576415961,72.35618073968062,25,49,12,11
1616367453686,32.85128485718792,-117.21498578434563,72.35591999403592,25,49,12,11
1616367453818,32.851284864390905,-117.21498578126563,72.35486608494661,25,49,12,11
1616367453969,32.85128486556071,-117.21498578673315,72.35406810593346,25,49,12,11
1616367454103,32.85128487292581,-117.21498578255333,72.35378600424396,26,50,12,11
1616367454153,32.851284872984394,-117.21498578919541,72.35270411158986,26,51,12,11
1616367454278,32.851284878276445,-117.21498578904064,72.35185116416046,26,51,12,11
1616367454412,32.851284877339026,-117.21498578306763,72.35159922666317,26,51,12,11
1616367454528,32.85128487371954,-117.21498577796098,72.35197811601806,26,51,12,11
1616367454641,32.85128488314957,-117.2149857739717,72.35201747249053,27,51,12,11
1616367454824,32.85128488263189,-117.21498577933035,72.3519208264165,27,51,12,11
1616367454969,32.85128487597874,-117.2149857715711,72.35146013132552,27,51,12,11
1616367455103,32.85128487937315,-117.21498576379884,72.35220531386886,26,51,12,11
1616367455246,32.85128488201775,-117.21498575275237,72.3533162978084,27,51,12,11
