1610059414942,32.86896059391283,-117.2297543083858,51.90684535553082,90,132,15,11
1610059415070,32.868937612137046,-117.22975482475555,51.95474440181427,90,131,15,11
1610059415222,32.86891455324045,-117.22975530379138,52.008274675450636,90,131,15,11
1610059415305,32.868891447714326,-117.22975576355046,52.06162335301625,90,131,15,11
1610059415387,32.868868278509844,-117.2297561793893,52.11850183170535,90,131,15,11
1610059415469,32.86884509625417,-117.22975657124667,52.163872071477655,90,131,15,11
1610059415608,32.868821864280285,-117.22975696954279,52.21712234977808,90,131,15,11
1610059415688,32.86879858770409,-117.2297573981821,52.27536286167054,90,131,15,11
1610059415769,32.868775270802594,-117.22975787904895,52.3324750804039,90,131,15,11
1610059415858,32.86875191983537,-117.2297584357319,52.387394252287194,89,130,15,11
1610059415942,32.868728526426025,-117.22975910955103,52.44492274528982,89,130,15,11
1610059416053,32.868705083030775,-117.22975992195893,52.5046460242728,89,130,15,11
1610059416189,32.86868159661447,-117.22976088216498,52.56339182405727,89,130,15,11
1610059416351,32.868658067612245,-117.22976194934871,52.61731724534896,89,130,15,11
1610059416431,32.86863447189601,-117.22976314182061,52.67381002375083,89,130,15,11
1610059416509,32.86861081553515,-117.22976443837753,52.72556794231579,89,130,14,11
1610059416653,32.86858708535088,-117.22976580280174,52.77414172806519,89,130,14,11
1610059416739,32.86856329539605,-117.2297672127566,52.81727225544559,89,130,14,11
1610059416820,32.8685394263118,-117.22976865651792,52.865508830587416,89,130,14,11
1610059416904,32.868515477980715,-117.22977015271509,52.918006271211645,89,130,14,11
1610059416985,32.86849144980563,-117.22977169342268,52.97271101148126,89,130,14,11
1610059417086,32.868467365133995,-117.22977328069683,53.02303213859847,89,129,14,11
1610059417247,32.86844322154927,-117.22977490454477,53.07512149191217,89,129,14,11
1610059417332,32.86841902180606,-117.22977657258446,53.1343118317854,88,129,13,11
1610059417426,32.868394769400176,-117.22977824179289,53.191637840285146,88,129,12,11
1610059417530,32.86829710584568,-117.2297846883161,53.40634422235334,90,131,0,13
1610059417638,32.86827255372491,-117.22978600669074,53.45464586949283,93,133,0,13
1610059417724,32.86824793923886,-117.22978723401596,53.509401466855856,96,134,0,13
1610059417836,32.86822328875451,-117.22978836708839,53.559697495840574,99,136,0,13
1610059418057,32.86819858770932,-117.2297894034436,53.610209240426414,101,138,0,13
1610059418163,32.86817383242207,-117.22979033813041,53.66233736292515,104,140,0,13
1610059418239,32.868149015690555,-117.22979118826214,53.7158699213614,107,141,0,13
1610059418340,32.86812415057752,-117.22979196454115,53.76568483439628,111,143,0,13
1610059418428,32.86809922551459,-117.22979267108511,53.818506166859365,114,145,0,13
1610059418526,32.86807423932663,-117.22979332038433,53.87300440889876,117,147,0,13
1610059418626,32.86804919921809,-117.22979392716748,53.92668592239089,120,149,0,13
1610059418719,32.868024096464346,-117.22979449353065,53.982853553542824,123,151,0,13
1610059418795,32.867998941013724,-117.2297950301631,54.03621888459113,127,153,0,13
1610059418893,32.8679737589007,-117.22979554915955,54.08426098022274,131,155,0,13
1610059419064,32.86794855763135,-117.22979605993741,54.1345741048368,134,157,0,13
1610059419145,32.8679233195552,-117.22979658823111,54.19566917063657,138,159,0,13
1610059419234,32.8678980971892,-117.22979713506696,54.24860479493839,141,161,0,13
1610059419319,32.86787287787366,-117.22979772164717,54.30191924535212,145,163,0,13
1610059419399,32.8678476719584,-117.2297983754266,54.354066478716206,149,165,0,13
1610059419527,32.86782247717797,-117.22979913316013,54.40840232921515,153,167,0,13
1610059419608,32.8677972919683,-117.22979999898885,54.46421781627467,157,170,0,13
1610059419691,32.867772134533936,-117.22980097399982,54.51761430487518,161,172,0,13
1610059419782,32.867746978096314,-117.22980204286242,54.57887459820899,165,174,0,13
1610059419929,32.86772183760273,-117.22980318053713,54.640360704066985,169,176,0,13
1610059420089,32.867696714590075,-117.22980440985307,54.69713725411482,174,178,0,13
1610059420179,32.86767163244961,-117.22980572671469,54.743916833095895,178,180,0,13
1610059420254,32.86764658710233,-117.22980712747048,54.788793298394175,182,183,0,13
1610059420384,32.86762150511468,-117.22980893304062,54.834850020116825,184,185,15,11
1610059420494,32.86759655626871,-117.22981049553624,54.89217596138772,189,187,0,13
1610059420631,32.867571615633274,-117.22981250482385,54.94702329088573,190,188,15,11
1610059420714,32.86754675405955,-117.2298148554804,54.99769498738598,189,190,15,11
1610059420802,32.86752198103764,-117.22981740783878,55.04691913303663,186,190,15,11
1610059420882,32.86749730825702,-117.22982005781746,55.09876447708596,182,191,15,11
1610059420991,32.867472724900765,-117.22982270160715,55.146949765880365,177,191,15,11
1610059421152,32.86744825163577,-117.22982534782722,55.18647158082883,172,191,15,11
1610059421234,32.86742383764154,-117.22982795881242,55.228316350916295,167,191,15,11
1610059421318,32.86739949324855,-117.22983053605684,55.2657046510359,162,191,15,11
1610059421402,32.86737520755621,-117.22983310026532,55.30355044995414,157,190,15,11
1610059421545,32.86735099995474,-117.22983567602532,55.33818471879428,152,190,15,11
1610059421655,32.86732684768323,-117.22983823530423,55.37626285530427,148,189,15,11
1610059421734,32.86730272425748,-117.22984079127657,55.42156853178505,144,188,15,11
1610059421814,32.867278655498616,-117.22984333573828,55.46044516044754,140,187,15,11
1610059421899,32.86725464186772,-117.22984587485242,55.49590978485233,136,186,15,11
1610059422067,32.867230664320324,-117.22984841535138,55.52323148720807,132,185,15,11
1610059422224,32.86720671689951,-117.22985092914377,55.5518667158885,129,183,15,11
1610059422305,32.867182805713,-117.22985347839032,55.58599021446872,126,182,15,11
1610059422385,32.86715892245474,-117.22985604155329,55.62700414863542,123,181,15,11
1610059422468,32.867135036432934,-117.2298585891967,55.67426763904315,121,180,15,11
1610059422609,32.86711116314965,-117.22986113472646,55.718721177521424,118,178,15,11
1610059422719,32.86708728923688,-117.22986366415888,55.75663304870096,116,177,15,11
1610059422800,32.86706341452521,-117.22986619264934,55.787407335228195,114,176,15,11
1610059422882,32.86703954183102,-117.22986869794308,55.81692229949725,112,174,15,11
1610059422963,32.86701566906664,-117.22987120188063,55.847135094742086,110,173,15,11
1610059423065,32.86699179655189,-117.22987370873821,55.880313561846926,108,172,15,11
1610059423225,32.86696791160388,-117.22987621567934,55.91916105326259,106,170,15,11
1610059423308,32.86694401317822,-117.22987873584782,55.955632276843026,105,169,15,11
1610059423392,32.866920111953846,-117.22988127752348,55.99156651274844,103,168,15,11
1610059423473,32.86689619061739,-117.22988382903583,56.032842951226264,102,167,15,11
1610059423616,32.8668722684323,-117.22988637946371,56.07044768575964,101,166,15,11
1610059423728,32.86684833499705,-117.22988892545709,56.108679237160565,99,164,15,11
1610059423811,32.86682439929453,-117.22989148960325,56.14555848570501,98,163,15,11
1610059423894,32.866800448633754,-117.22989408280884,56.18264005001765,97,162,15,11
1610059423989,32.866728518934536,-117.22990192163192,56.29958673953144,95,159,15,11
1610059424077,32.86670452119861,-117.22990452877355,56.33951911663706,94,158,15,11
1610059424179,32.8666805113338,-117.22990714738602,56.37869349445688,93,157,15,11
1610059424268,32.86665649050826,-117.22990975456973,56.41737351831384,92,156,15,11
1610059424418,32.86663245749424,-117.22991235080548,56.45732775915772,92,155,15,11
1610059424524,32.866608405760914,-117.22991492624391,56.49880990300952,91,154,15,11
1610059424605,32.86658434601687,-117.22991749189372,56.54062423551243,91,153,15,11
1610059424687,32.86656026038972,-117.22992006463843,56.58625574867589,90,152,15,11
1610059424776,32.86653617258772,-117.22992263999923,56.623330470424584,90,151,15,11
1610059424884,32.866512091654215,-117.22992522896176,56.66231614139407,89,150,15,11
1610059425055,32.86648798815302,-117.22992786537667,56.70621550093892,89,150,15,11
