1616368557736,32.84565655822619,-117.2241901986754,70.29357907742472,29,55,12,11
1616368557909,32.845644211272464,-117.22419962347587,70.28391117089767,29,55,12,11
1616368558023,32.845631879431174,-117.22420905411013,70.27655918459924,30,55,12,11
1616368558137,32.84561951695407,-117.22421847621644,70.26628975309362,30,55,12,11
1616368558255,32.84560712441529,-117.2242278997634,70.26097857879783,30,56,12,11
1616368558372,32.84559472683081,-117.22423729754193,70.25239757756319,30,56,11,11
1616368558563,32.84558230313943,-117.22424663389124,70.23874075461599,30,56,11,11
1616368558769,32.84553264923875,-117.2242837131135,70.21072284227667,30,57,11,11
1616368558934,32.84552027613421,-117.2242928800379,70.19995765697803,30,57,11,11
1616368559048,32.84550798090034,-117.22430201316365,70.18362627352302,30,57,11,11
1616368559164,32.84549572357022,-117.22431113818422,70.17545296805012,30,56,11,11
1616368559281,32.8454835073187,-117.22432020821387,70.17165104219774,30,57,11,11
1616368559395,32.84547134011262,-117.22432924158728,70.166349452859,30,57,11,11
1616368559530,32.845459227706264,-117.22433821901029,70.16117441027497,30,56,11,11
1616368559726,32.84541153246746,-117.22437381742492,70.12228316614386,29,56,11,11
1616368559891,32.845399774263356,-117.22438256850874,70.10655438550701,29,56,11,11
1616368560016,32.84538809558007,-117.22439130023513,70.08785688128107,29,56,11,11
1616368560139,32.8453764797385,-117.22439999742026,70.07927107706303,29,56,11,11
1616368560252,32.845364932368234,-117.22440867214549,70.06405999365957,28,55,11,11
1616368560365,32.84535342697539,-117.22441734639833,70.05270544069039,28,55,11,11
1616368560562,32.84534190969062,-117.2244260027491,70.04587895902975,28,55,11,11
1616368560658,32.84530751382055,-117.22445193223216,70.01195636833744,30,57,12,11
1616368560748,32.84529605247731,-117.22446055735301,69.9996284955346,29,56,12,11
1616368560916,32.84528457497596,-117.22446919355512,69.99014321007056,29,56,12,11
1616368561094,32.84527307962434,-117.22447780426037,69.98012542428827,29,56,12,11
1616368561207,32.845261597430984,-117.22448643830958,69.97216706728605,30,57,11,11
1616368561320,32.84525005670332,-117.22449507079139,69.96209839613154,29,56,11,11
1616368561436,32.84523849801961,-117.22450369582947,69.95115285157732,29,56,11,11
1616368561649,32.845191768653315,-117.22453826422169,69.90765392163924,27,53,11,11
1616368561778,32.84517993503143,-117.22454692414858,69.89924978292454,27,53,11,11
1616368561943,32.84516807499054,-117.22455560840012,69.88455110882008,27,53,11,11
1616368562062,32.845156136940126,-117.22456434381562,69.8714832581844,26,52,11,11
1616368562175,32.845144142713046,-117.22457309443807,69.8626162182541,27,52,11,11
1616368562285,32.845132104850464,-117.22458185833455,69.8533678067135,27,52,11,11
1616368562401,32.84512001313617,-117.22459065994438,69.84167193208312,26,52,11,11
1616368562654,32.84507106826381,-117.22462597129014,69.79579638527103,27,53,11,11
1616368562775,32.845058695210824,-117.22463485453666,69.7918886745242,28,53,11,11
1616368562949,32.845046313240125,-117.22464375925898,69.78810705075709,28,54,12,11
1616368563069,32.84503391827465,-117.22465269985847,69.78030320466729,29,55,12,11
1616368563179,32.84502154117308,-117.22466169619705,69.77645392070728,30,55,12,11
1616368563293,32.84500908606624,-117.22467078764724,69.77409141367376,30,56,12,11
1616368563407,32.84499672043938,-117.22467986447253,69.77102101940629,31,57,12,11
1616368563547,32.84498435273053,-117.22468896855786,69.76562345291455,32,57,12,11
1616368563736,32.84493475673495,-117.22472563744363,69.73735077349788,34,60,10,11
1616368563874,32.84492239525988,-117.22473485288536,69.7287765389481,34,61,10,11
1616368564025,32.84491006426697,-117.22474409897376,69.71450489010816,34,61,10,11
1616368564149,32.84489770629877,-117.2247532881638,69.69847662904034,35,62,10,11
1616368564261,32.844885405362035,-117.22476255147234,69.68303476072772,35,62,9,11
1616368564381,32.84487306647231,-117.22477179439778,69.67631226549756,35,62,9,11
1616368564541,32.844860625015194,-117.22478109222027,69.67586604795866,35,62,9,11
1616368564729,32.8448113784249,-117.22481799528205,69.63232483434103,34,62,9,11
1616368564943,32.8447990931646,-117.22482722163079,69.62344120322538,34,62,9,11
1616368565063,32.8447867689266,-117.22483650594796,69.61532581432043,33,61,9,11
1616368565183,32.8447745438709,-117.2248456929228,69.60842500115876,32,61,10,11
1616368565294,32.84476235740881,-117.22485488201917,69.60370116151667,32,61,10,11
1616368565408,32.84475018963943,-117.22486406446026,69.59979833036991,31,60,10,11
1616368565547,32.844738084289965,-117.22487323756107,69.59765696694164,31,60,10,11
1616368565639,32.84470223846309,-117.22490067599573,69.57452622226005,30,59,10,11
1616368565766,32.84469047290526,-117.2249097373985,69.56822946101161,29,58,10,11
1616368565932,32.844678744668386,-117.22491882732798,69.55917595527781,28,57,10,11
1616368566046,32.844667029475055,-117.22492792090023,69.55384727868031,28,56,10,11
1616368566165,32.844655341801236,-117.22493704720839,69.54189569148431,28,55,10,11
1616368566277,32.84464357210345,-117.22494627371225,69.52568702294366,27,55,11,11
1616368566387,32.84463193088135,-117.22495543741323,69.51580554177715,27,54,11,11
1616368566554,32.84462027890395,-117.22496461178547,69.50758693392139,27,54,11,11
1616368566785,32.84457361139405,-117.22500135466947,69.49228346215278,27,53,11,11
1616368566952,32.84456191510785,-117.22501055987833,69.48749308107826,27,54,11,11
1616368567090,32.84455022361067,-117.22501973620969,69.47471427958334,28,54,11,11
1616368567201,32.84453852926443,-117.22502892251316,69.46198875840152,28,55,11,11
1616368567313,32.84452681273623,-117.22503816000507,69.45870845419607,29,55,11,11
1616368567425,32.84451507941186,-117.22504739057045,69.44981209959009,29,56,12,11
1616368567530,32.84450336797288,-117.22505660861795,69.43007689031987,30,56,12,11
1616368567779,32.84445646873547,-117.22509361861665,69.37700826860272,31,57,12,11
1616368567944,32.844444751788316,-117.22510292195922,69.36172070084255,31,58,12,11
