1611882800003,32.83734187487847,-117.23363670006704,11.62289015981692,167,163,0,13
1611882800086,32.83735688624623,-117.23362602025959,11.685697445780583,171,165,0,13
1611882800181,32.83737176913705,-117.23361502115006,11.747103146543994,177,167,0,13
1611882800272,32.8373865073829,-117.23360371714634,11.799508873301024,182,169,0,13
1611882800362,32.83740111093494,-117.23359211094025,11.85724191031564,187,172,0,13
1611882800483,32.837415603689664,-117.23358026799801,11.917473095864144,192,174,0,13
1611882800578,32.83742998216986,-117.2335681685999,11.983536087950013,198,176,0,13
1611882800662,32.83744421001666,-117.23355579243957,12.050700700443588,203,179,0,13
1611882800810,32.8374583013504,-117.23354307996118,12.13161252921937,208,181,0,13
1611882800894,32.83747227795143,-117.2335301089251,12.208547283750775,214,183,0,13
1611882801080,32.83748613275893,-117.23351691848289,12.270396291885753,220,186,0,13
1611882801171,32.83749982347157,-117.23350347838345,12.316381769554635,226,188,0,13
1611882801259,32.83751334352145,-117.23348975820758,12.360860863655024,232,191,0,13
1611882801366,32.83752670733984,-117.23347570209407,12.42078913880294,237,193,0,13
1611882801479,32.837539903768466,-117.23346141185634,12.474130570080536,244,196,0,13
1611882801620,32.837552914254054,-117.23344687016996,12.520313385610162,250,198,0,13
1611882801721,32.83756577029764,-117.23343205678215,12.576794413651909,256,201,0,13
1611882801815,32.83757845149927,-117.23341702119212,12.628457818814791,263,204,0,13
1611882801906,32.83759095549146,-117.23340175606972,12.676409955884603,269,206,0,13
1611882802049,32.83760324817264,-117.23338623936266,12.723710965976462,275,209,0,13
1611882802161,32.83761531690754,-117.23337043139766,12.782334282819258,282,211,0,13
1611882802252,32.83762720954398,-117.23335435202677,12.85041407962126,289,214,0,13
1611882802341,32.837638921863835,-117.23333808307126,12.899233117840911,296,217,0,13
1611882802447,32.83765013419418,-117.23332201305416,12.927675986591561,303,219,15,11
1611882802585,32.83766070211117,-117.23330489327132,12.934440822880507,293,221,15,11
1611882802697,32.837670407624586,-117.23328786988942,12.932269286873058,275,221,15,11
1611882802778,32.83767993009536,-117.23327056918784,12.922195956488938,257,220,15,11
1611882802955,32.83771736880612,-117.23319898908714,12.850301846818205,197,216,15,11
1611882803057,32.837726501038155,-117.23318055311206,12.81390975429353,186,214,15,11
1611882803171,32.837735459053775,-117.23316200680519,12.784155742739289,176,213,15,11
1611882803271,32.837744245719534,-117.23314327486129,12.755535791792568,168,211,15,11
1611882803405,32.83775287857335,-117.23312434402864,12.72211669587461,160,209,15,11
1611882803533,32.83776136328576,-117.23310521106,12.693638369468786,154,206,15,11
1611882803614,32.83776968577486,-117.23308592984404,12.664093583499513,148,204,15,11
1611882803698,32.83777786936022,-117.23306643359578,12.637517083903925,142,202,15,11
1611882803841,32.8377859088199,-117.23304679386945,12.611208052339167,138,200,15,11
1611882803920,32.83779380756674,-117.23302702289409,12.577287419052404,133,198,15,11
1611882804029,32.837801620270334,-117.23300711475207,12.552195062885762,130,195,15,11
1611882804111,32.83780934846957,-117.2329870612875,12.523530653063206,126,193,15,11
1611882804201,32.83781705285931,-117.23296693468765,12.485889456809897,123,191,15,11
1611882804292,32.837824725729725,-117.2329466715768,12.452620104963888,120,189,15,11
1611882804424,32.8378323764612,-117.23292634509629,12.41199433508341,117,187,15,11
1611882804538,32.83784001618302,-117.23290588404667,12.373115626692242,115,185,15,11
1611882804617,32.83784762825373,-117.23288531747541,12.327030222559555,113,183,15,11
1611882804747,32.837855223921565,-117.23286468070569,12.266223399936065,111,181,15,11
1611882804844,32.83786283972108,-117.2328439266353,12.208156855698252,109,179,15,11
1611882804982,32.83787050948006,-117.2328230868557,12.150970177832003,107,177,15,11
1611882805082,32.837878178453835,-117.2328021081967,12.089278945357101,105,176,15,11
1611882805169,32.83788589699767,-117.23278104625335,12.023839673420028,104,174,15,11
1611882805258,32.83789367305344,-117.23275984341262,11.963727157238084,102,172,15,11
1611882805352,32.837901484488626,-117.2327385751223,11.890915707137765,101,171,15,11
1611882805482,32.83790935835742,-117.23271719661614,11.818178779760668,99,169,15,11
1611882805596,32.83791734665364,-117.23269564788782,11.749828746130214,98,167,15,11
1611882805675,32.83792538556426,-117.23267405760427,11.659607406346245,97,166,15,11
1611882805763,32.83793347189402,-117.23265241417108,11.551719309054675,96,165,15,11
1611882805876,32.83794159159643,-117.23263064733086,11.446489868231987,95,163,15,11
1611882805990,32.83794978252571,-117.23260877901424,11.3487403587321,94,162,15,11
1611882806090,32.83795805527983,-117.23258678529324,11.262370111559786,94,161,15,11
1611882806181,32.8379663852401,-117.23256465303609,11.17964540593634,93,159,15,11
1611882806263,32.83797474554592,-117.23254241262731,11.095751723956136,92,158,15,11
1611882806355,32.83798315251986,-117.23252005729907,11.00245122081644,91,157,15,11
1611882806487,32.837991576694215,-117.23249765728481,10.894516281579296,91,156,15,11
1611882806599,32.83800005856086,-117.23247514696186,10.797647504759498,90,155,15,11
1611882806683,32.8380086062779,-117.23245250497754,10.713400778767797,90,154,15,11
1611882806768,32.838017176144184,-117.2324296951677,10.634496661164677,89,152,15,11
1611882806851,32.83802575717716,-117.23240681104558,10.55610673562545,89,152,15,11
1611882807052,32.8380343666221,-117.23238380674367,10.474212049251829,88,151,15,11
1611882807156,32.83804301706738,-117.23236069883184,10.389157337112472,88,150,15,11
1611882807238,32.838051724925876,-117.23233752999292,10.295904389568364,88,149,15,11
1611882807325,32.83806050895555,-117.23231425192827,10.211251629083007,88,148,15,11
1611882807431,32.838069366127,-117.23229082097315,10.132596274762388,87,147,15,11
1611882807572,32.838078227015885,-117.2322672846805,10.057491554917368,87,146,15,11
1611882807672,32.83808713938453,-117.2322436328955,9.980576958948676,87,145,15,11
1611882807755,32.83809610250005,-117.23221989051633,9.89541637747563,87,145,15,11
1611882807824,32.83810507864125,-117.23219601056554,9.80682341262379,87,144,15,11
1611882807977,32.838114085947815,-117.23217198661084,9.720825616580633,87,143,15,11
1611882808060,32.838123125820864,-117.23214785998206,9.6299468638393,86,143,15,11
1611882808162,32.83813215682021,-117.23212361346799,9.528508456714816,87,142,15,11
1611882808244,32.838141179184525,-117.23209922546883,9.42695926517121,87,141,15,11
1611882808324,32.8381501916454,-117.23207468823416,9.329523253833564,87,141,15,11
1611882808418,32.838159167077094,-117.23205003724667,9.228913510209917,87,140,15,11
1611882808548,32.838168091498545,-117.23202528908074,9.126258667973023,87,140,15,11
1611882808665,32.8381769630579,-117.23200044126665,9.027203288099173,87,139,15,11
1611882808753,32.838185768312826,-117.23197547992396,8.93073451473747,87,139,15,11
1611882808825,32.83819448846371,-117.23195045287858,8.822269279797712,87,138,15,11
1611882808978,32.83820311622235,-117.23192535398438,8.70719062419279,87,138,15,11
1611882809119,32.83821169742367,-117.23190018761979,8.595246114740839,88,137,15,11
1611882809219,32.83822025721176,-117.23187494687424,8.492629282950888,88,137,15,11
1611882809301,32.83822876151184,-117.23184962773847,8.39283157905762,88,136,15,11
1611882809384,32.83823720002369,-117.23182421950361,8.290480819946351,88,136,15,11
1611882809476,32.83824556625276,-117.23179875807249,8.17796154608868,88,135,15,11
1611882809608,32.83825386821103,-117.23177319935635,8.06964953315413,88,135,15,11
1611882809730,32.838262090092684,-117.23174755902676,7.961733522878284,88,135,15,11
1611882809811,32.83827021244531,-117.23172182474984,7.855519238354885,88,134,15,11
1611882809890,32.83827825028369,-117.23169597927672,7.75464353820309,88,134,15,11
1611882809967,32.83828620959617,-117.23167005912147,7.650856164207884,88,134,15,11
1611882810117,32.8382941172775,-117.23164404387919,7.549373198525141,88,133,15,11
