1483232670414,32.88008426418633,-117.2336388857028,72.67290937288354,43,66,9,11
1483232670528,32.880084720368664,-117.23362809736895,72.65366519717202,44,66,9,11
1483232670733,32.88008532998799,-117.23361744335962,72.63302953683876,44,67,9,11
1483232670884,32.88008602878215,-117.2336068623834,72.60997982170433,45,67,9,11
1483232671114,32.880089570277086,-117.2335652278416,72.53981531019126,45,68,9,11
1483232671227,32.88009071765389,-117.2335549826077,72.53518006915405,46,69,9,11
1483232671346,32.880091989625754,-117.23354489805988,72.52266683247149,46,69,10,11
1483232671460,32.88009324798405,-117.23353485745051,72.51305714655425,47,70,10,11
1483232671614,32.880094671865145,-117.2335249095772,72.50426238433667,48,71,10,11
1483232671787,32.88009626456307,-117.23351506347974,72.50547723613069,49,71,9,11
1483232672007,32.880103449087215,-117.23347680080829,72.45199078956007,51,71,10,11
1483232672152,32.88010548968012,-117.23346750249073,72.43609257330405,52,71,10,11
1483232672236,32.88010763386923,-117.23345829921935,72.42444927031262,53,72,10,11
1483232672382,32.88010984527139,-117.23344920051441,72.41372173584375,55,73,10,11
1483232672503,32.88011212932076,-117.23344021255693,72.40271977079252,56,74,10,11
1483232672629,32.88011452609094,-117.23343135576523,72.39112022881096,58,75,10,11
1483232672764,32.880117004769545,-117.23342262006436,72.3799519645241,60,76,10,11
1483232672926,32.880124702424396,-117.23339709331982,72.34648081160044,58,75,10,11
1483232673040,32.8801274125004,-117.23338884886883,72.33606712958256,57,74,10,11
1483232673177,32.88013020086734,-117.23338074540061,72.3291966887757,57,73,10,11
1483232673290,32.88013304164026,-117.23337277874704,72.32084954034265,56,73,10,11
1483232673417,32.88013593977533,-117.23336496666968,72.31099910515714,56,72,10,11
1483232673532,32.88013890436197,-117.2333573105083,72.30394527583762,56,72,10,11
1483232673790,32.8801512389258,-117.23332823160081,72.28199346112991,58,73,10,11
1483232673991,32.88015442516371,-117.23332134217858,72.27536760316549,59,74,10,11
1483232674112,32.88015763352352,-117.23331458607433,72.26834186004717,60,74,10,11
1483232674250,32.88016083812869,-117.23330794324109,72.25663814310414,60,74,10,11
1483232674371,32.880164072017706,-117.23330144366477,72.2446302600552,61,74,10,11
1483232674487,32.88016731668576,-117.23329504049089,72.2371814371786,61,75,10,11
1483232674600,32.88017057820304,-117.23328880233045,72.23102530552515,62,75,10,11
1483232674689,32.88018030255505,-117.23327046221638,72.20057911740527,61,75,10,11
1483232674822,32.88018350662534,-117.23326444936156,72.18664785859377,59,74,10,11
1483232674938,32.880186691017464,-117.23325852031842,72.17130165363285,58,74,10,11
1483232675052,32.88018989393966,-117.2332526510086,72.15188867174986,56,72,10,11
1483232675198,32.880193132539645,-117.23324696235383,72.13274828445051,54,72,10,11
1483232675313,32.880196381138155,-117.23324136089627,72.11611761245106,53,71,10,11
1483232675427,32.880199637279034,-117.2332354929914,72.09045130288845,50,69,10,11
1483232675553,32.88020278408447,-117.23323015013962,72.06219675905346,50,69,10,11
1483232675823,32.88021547132246,-117.23320915139637,71.96444913281071,44,64,11,11
1483232676018,32.88021854014892,-117.23320422381273,71.95367756851323,45,64,11,11
1483232676166,32.88022162327084,-117.23319964237407,71.93786523247427,45,64,11,11
1483232676315,32.88022461034276,-117.23319505302366,71.92372144231226,44,64,11,11
1483232676429,32.880227576314034,-117.23319043491969,71.91354725260803,44,64,11,11
1483232676614,32.88023867777045,-117.23317395738027,71.85604524783527,46,64,9,11
1483232676739,32.88024127072727,-117.23316984907372,71.8279607781397,44,63,9,11
1483232676887,32.880243785107055,-117.23316627830481,71.81205578493918,46,64,9,11
1483232677008,32.88024624721596,-117.23316288769608,71.80041692455532,47,65,9,11
1483232677122,32.88024860790633,-117.2331596534212,71.78540377265733,48,66,9,11
1483232677256,32.88025083916055,-117.23315653831605,71.77716004312242,49,66,9,11
1483232677368,32.88025300201269,-117.2331536327582,71.77770080325786,51,67,9,11
1483232677611,32.880260878737396,-117.23314171349328,71.72482508879801,50,65,8,11
1483232677741,32.880262602919345,-117.23313903304086,71.71171730036134,50,65,8,11
1483232677896,32.88026424479938,-117.23313651702428,71.70249868781299,50,64,8,11
1483232678077,32.8802657974344,-117.23313420546364,71.69453764619573,50,64,10,11
1483232678181,32.880270068378664,-117.23312761355376,71.67490663168044,49,62,10,11
1483232678339,32.88027129708901,-117.23312589840535,71.67518182126403,50,63,10,11
1483232678458,32.88027244085177,-117.23312419646706,71.67010999802055,50,63,10,11
1483232678597,32.88027352067341,-117.23312242525584,71.66332964313595,50,62,10,11
1483232678705,32.880274522424145,-117.23312086396672,71.6601357376627,50,62,10,11
1483232678887,32.88027545260967,-117.23311938881895,71.65512586875776,50,62,10,11
1483232679115,32.880278727468216,-117.23311385212796,71.6277902195285,48,60,11,11
1483232679227,32.88027952570054,-117.23311239524885,71.62052395945595,48,60,11,11
1483232679347,32.88028032129085,-117.2331109692108,71.61407315350623,47,59,11,11
1483232679461,32.880281111568266,-117.23310942360074,71.60946159541518,47,59,11,11
1483232679628,32.880281947154714,-117.23310786223828,71.60333108851282,46,59,11,11
1483232679765,32.88028279547187,-117.23310630636006,71.59979150833058,46,59,11,11
1483232680018,32.880286271635335,-117.23310000266257,71.58536182210268,47,60,11,11
1483232680166,32.88028740684955,-117.23309779490108,71.57967833850357,47,60,10,11
1483232680284,32.88028867174524,-117.23309520234407,71.57389708228139,46,59,10,11
1483232680398,32.880289958119086,-117.2330925165276,71.56738139215771,46,59,10,11
1483232680510,32.88029121606407,-117.23308974951014,71.56039620043158,46,59,10,11
