1613863594719,32.84433826879019,-117.17633442778478,61.068750354263074,27,42,14,11
1613863594830,32.84431510632755,-117.17632025783675,61.11535045586078,27,42,14,11
1613863594942,32.844292038933744,-117.17630611752159,61.161274309173656,27,42,14,11
1613863595031,32.84426894685636,-117.17629197489129,61.20645428138488,27,42,14,11
1613863595143,32.84424584314159,-117.1762778097666,61.25167462133273,27,42,14,11
1613863595294,32.84417632414116,-117.17623510551361,61.4209711798443,26,42,14,11
1613863595385,32.84415317557053,-117.17622085241446,61.477624184344535,26,42,14,11
1613863595535,32.84413000345517,-117.17620657163336,61.53554966344057,26,42,14,11
1613863595671,32.84410681603283,-117.17619224797932,61.595152019797595,26,42,14,11
1613863595796,32.84408360809809,-117.1761778851181,61.65725054108789,27,42,14,11
1613863595908,32.84406038607841,-117.17616351229589,61.72286748208176,27,42,14,11
1613863595991,32.84403703734667,-117.17614904515403,61.789555607831836,26,41,14,11
1613863596140,32.844013772939604,-117.17613459558127,61.85385484047601,26,42,14,11
1613863596349,32.84394388082329,-117.17609107945403,62.05173232711492,26,41,14,11
1613863596467,32.84392052458888,-117.17607650173896,62.118891223852046,25,41,14,11
1613863596594,32.84389705183068,-117.17606182708445,62.18193183812484,26,41,14,11
1613863596731,32.843873674502795,-117.17604718792313,62.25286163629467,26,41,14,11
1613863596844,32.84385027984434,-117.17603252597543,62.3302218201311,26,41,14,11
1613863596971,32.84382685972983,-117.17601780963005,62.41535248606891,26,41,14,11
1613863597197,32.84373286727984,-117.1759587229893,62.72374107049545,25,40,14,11
1613863597361,32.8437093510959,-117.17594391631987,62.80155544361516,25,40,14,11
1613863597474,32.84368579150218,-117.17592912868916,62.87521338109214,24,39,14,11
1613863597567,32.8436622044696,-117.17591433702319,62.943929190623486,24,38,14,11
1613863597734,32.843638610478706,-117.17589949528384,63.01434695581631,23,38,14,11
1613863597858,32.84361488743882,-117.17588453495028,63.08597011107065,23,38,14,11
1613863597977,32.843591250033285,-117.1758696302683,63.15978164627914,23,38,14,11
1613863598197,32.84349652672564,-117.17580972194934,63.436140232580954,24,39,14,11
1613863598422,32.843472667754625,-117.17579457562167,63.51034914530862,24,39,14,11
1613863598535,32.84344891558623,-117.17577949112781,63.59492174093117,25,39,14,11
1613863598625,32.84342514891185,-117.17576437431443,63.68376355543831,25,40,14,11
1613863598796,32.84340135511896,-117.17574926184716,63.773181612003434,26,41,14,11
1613863598908,32.84337751501439,-117.1757341392858,63.85960478578031,26,41,14,11
1613863599151,32.843281776300046,-117.17567349879347,64.19074161482605,28,43,14,11
1613863599293,32.84325780195102,-117.175658348059,64.26978454037699,28,43,14,11
1613863599438,32.84323380548042,-117.17564319147414,64.34498631023075,28,43,14,11
1613863599554,32.843209757987864,-117.17562804485307,64.41778330884863,27,43,14,11
1613863599677,32.843185554512274,-117.17561280268072,64.49366904977933,27,43,14,11
1613863599814,32.84316146950734,-117.17559765622515,64.55367581685532,27,42,14,11
1613863599926,32.84313735597232,-117.17558246163868,64.62927362420197,27,42,14,11
1613863600123,32.8430405481049,-117.17552129903571,64.92309373415856,27,43,14,11
1613863600315,32.84301634741395,-117.17550595091328,64.99296239689966,27,43,14,11
1613863600485,32.842992117603224,-117.17549057566664,65.06345882016753,27,43,14,11
1613863600692,32.84289490043196,-117.17542870067156,65.3627736747091,27,44,14,11
1613863600810,32.842870592502074,-117.17541318657842,65.43492825641313,27,43,14,11
1613863600889,32.84284627029455,-117.17539764438929,65.51274811941536,27,43,14,11
1613863601002,32.8428219208522,-117.17538209829254,65.5891172709052,27,43,14,11
1613863601248,32.84279755124891,-117.175366539948,65.6602663474068,27,43,14,11
1613863601383,32.84277313321005,-117.17535097306991,65.74087181305998,27,43,14,11
1613863601500,32.842748521158,-117.17533531386914,65.81007764715258,27,43,14,11
1613863601690,32.842650535673414,-117.17527317453474,66.07133269358289,25,42,14,11
1613863601808,32.84262595792864,-117.17525765109998,66.1405182515853,25,42,14,11
1613863601889,32.84260118051297,-117.17524202825685,66.21267842515309,25,41,14,11
1613863602032,32.84257653553122,-117.17522651013304,66.28278514845363,25,41,14,11
1613863602199,32.84255185860902,-117.17521100934667,66.35398968529142,25,41,14,11
1613863602391,32.842477608260296,-117.17516453264896,66.56723794775102,25,42,13,11
1613863602483,32.84245261653923,-117.17514895080623,66.64436327224936,26,42,13,11
1613863602653,32.84242777922417,-117.17513344812143,66.72195544296397,26,42,13,11
1613863602765,32.84240292574208,-117.17511794085306,66.78945475984567,26,42,13,11
1613863602881,32.84237805663522,-117.17510244154492,66.8482862666089,25,42,13,11
1613863602962,32.84235315756475,-117.17508694023039,66.90705455103667,25,41,13,11
1613863603108,32.84232821936286,-117.17507141097877,66.96930072821904,25,41,13,11
1613863603296,32.842253194559,-117.17502460302047,67.16132783147634,24,41,13,11
1613863603408,32.842228210849655,-117.17500898420697,67.23127225049144,25,41,13,11
1613863603546,32.84220320803484,-117.17499336245162,67.30440549863161,25,41,13,11
1613863603675,32.8421782009504,-117.17497772822138,67.37260085703903,25,41,13,11
1613863603793,32.842153001028166,-117.17496197664292,67.43907093589773,25,41,13,11
1613863603968,32.84212795894451,-117.17494638168358,67.50847628197961,25,41,13,11
1613863604048,32.8421029095004,-117.17493078838856,67.57746273085971,25,41,13,11
1613863604190,32.84202762325015,-117.17488409966849,67.79715977436754,24,40,13,11
1613863604412,32.842002319632606,-117.17486840994053,67.86787004555644,24,40,13,11
1613863604529,32.84197718713031,-117.17485284488882,67.93741305166495,24,40,13,11
1613863604619,32.841952047626,-117.17483727261835,68.00663640469755,24,40,13,11
1613863604796,32.84192693051448,-117.17482169370017,68.07943217593791,24,40,13,11
