1620503554947,32.878550019116865,-117.22928032196837,60.793371550090455,60,112,11,11
1620503555084,32.87853527990068,-117.22928402260146,60.744030086624406,60,113,11,11
1620503555261,32.87852060736017,-117.22928778451032,60.71183976028921,60,113,11,11
1620503555348,32.87850583004279,-117.22929168503762,60.68895769751873,60,113,11,11
1620503555502,32.878491012741755,-117.2292956825397,60.651234989500274,60,113,11,11
1620503555616,32.87847630064035,-117.22929965840714,60.63842274936687,59,112,11,11
1620503555838,32.87841704647244,-117.22931521156853,60.575035195660675,61,114,10,11
1620503555950,32.8784020985241,-117.22931922839736,60.574230130133415,61,114,10,11
1620503556087,32.8783871744152,-117.22932311755913,60.56142156213859,61,114,10,11
1620503556264,32.87837232681401,-117.22932705094391,60.54511095057216,62,115,10,11
1620503556354,32.87835746159789,-117.2293310290598,60.53884594460377,63,115,9,11
1620503556500,32.878342522824354,-117.22933498344058,60.53890498510468,63,116,8,11
1620503556635,32.8782974966645,-117.22934695332127,60.53753743324062,67,119,8,11
1620503556759,32.87828249863779,-117.22935083997272,60.52097794076028,67,120,8,11
1620503556903,32.878267544509555,-117.22935474754541,60.485062512463266,68,121,8,11
1620503557017,32.878252639488274,-117.2293587438037,60.4459359753017,69,122,8,11
1620503557140,32.878237773958766,-117.22936263762543,60.390969415617846,70,123,8,11
1620503557337,32.87822309414586,-117.22936657045709,60.344077390132284,70,123,8,11
1620503557541,32.878163682959524,-117.22938255640967,60.535617838481045,69,122,10,11
1620503557656,32.87814885459031,-117.22938648317582,60.53386151097902,69,123,10,11
1620503557815,32.87813403747044,-117.22939048415499,60.530902214255114,70,124,10,11
1620503557927,32.87811917704894,-117.22939430341418,60.53044163200966,70,125,10,11
1620503558043,32.87810446762862,-117.22939840944109,60.54701917425267,70,125,9,11
1620503558325,32.87804576942738,-117.2294143040876,60.659954158643956,69,123,10,11
1620503558442,32.87803112945072,-117.22941831263313,60.70255839837627,68,123,10,11
1620503558579,32.878016500123834,-117.2294222756036,60.7503120185775,67,122,9,11
1620503558721,32.87800189272115,-117.22942623605736,60.794653973680575,66,121,11,11
1620503558911,32.8779873351375,-117.22943012754092,60.8225968229075,65,119,11,11
1620503559137,32.877929153558554,-117.22944581330175,60.95070475995957,61,114,11,11
1620503559232,32.87791458340619,-117.22944975085962,60.974617048845815,61,114,11,11
1620503559383,32.87790004407176,-117.22945371628741,60.9973451363646,61,114,11,11
1620503559499,32.8778855320859,-117.22945764602865,61.01920867663538,60,113,11,11
1620503559653,32.877871029008396,-117.22946157473106,61.03693406231335,60,112,11,11
1620503559788,32.87785654676169,-117.22946549453252,61.05754503920969,60,111,11,11
1620503560029,32.877798696075125,-117.22948113077115,61.145752023267455,60,108,10,11
1620503560145,32.87778424723198,-117.22948502720928,61.16394314326671,60,108,10,11
1620503560233,32.877769791153874,-117.22948892371839,61.183926069994065,60,108,10,11
1620503560376,32.877755359700906,-117.22949274837015,61.21516586200429,59,106,10,11
1620503560487,32.87774089258108,-117.22949657367383,61.2453577990727,59,106,10,11
1620503560629,32.87772643516932,-117.22950041612773,61.27472315585851,58,105,10,11
1620503560809,32.87771192868492,-117.22950431723645,61.296185052711074,58,104,11,11
1620503561040,32.87765400291759,-117.22951999654241,61.357662217518325,61,106,11,11
1620503561203,32.87763951824982,-117.2295239292961,61.37793665424034,61,106,10,11
1620503561313,32.877625031222244,-117.22952794807811,61.39697548520048,62,106,11,11
1620503561402,32.87761054274294,-117.22953186694886,61.42057435362059,62,107,11,11
1620503561558,32.87759607566468,-117.22953572590615,61.4427854364997,63,107,11,11
1620503561696,32.87758165658993,-117.22953972671641,61.45913562658034,63,107,11,11
1620503561816,32.877567259054295,-117.22954367567064,61.47937020779776,63,107,11,11
1620503562033,32.877509789007654,-117.22955903496772,61.5791569515878,60,104,11,11
1620503562197,32.87749553623794,-117.22956298364622,61.59941384020197,61,105,11,11
1620503562312,32.87748133787799,-117.22956687032065,61.62246539742796,60,104,11,11
1620503562399,32.87746720092044,-117.22957075121396,61.64292328793608,61,103,11,11
1620503562554,32.877453041589185,-117.22957462840486,61.67030638269106,60,102,11,11
1620503562689,32.877439039746655,-117.22957851659976,61.696512077482204,59,101,11,11
1620503562825,32.87739749499479,-117.22958996523035,61.75339859406938,56,96,10,11
1620503562938,32.8773837877307,-117.22959383095862,61.772117792931134,56,95,10,11
1620503563094,32.877370052052314,-117.22959781950846,61.79604079677289,57,96,10,11
1620503563265,32.8773565103142,-117.22960183624224,61.81970913126814,58,97,10,11
1620503563377,32.87734308416392,-117.22960590061786,61.83899543432635,59,97,10,11
1620503563466,32.87732975983562,-117.22961002122219,61.85744299329592,60,98,10,11
1620503563613,32.877316493799405,-117.22961419512276,61.88133630099022,60,98,10,11
1620503563746,32.877303349931175,-117.22961835728779,61.90474084781156,59,97,10,11
1620503563861,32.877290377119046,-117.22962257943102,61.912890169375814,59,96,10,11
1620503563978,32.87727749800312,-117.22962687747304,61.93244658483843,58,95,10,11
1620503564070,32.87723946369206,-117.2296401562957,62.01096356720184,59,95,10,11
1620503564194,32.87722698070685,-117.22964467277573,62.04009851392672,60,95,11,11
1620503564307,32.877214611500484,-117.22964921112519,62.06693987730602,59,95,11,11
1620503564393,32.877202355590065,-117.22965381147426,62.09123736094331,59,94,11,11
1620503564560,32.87719019666939,-117.22965844511866,62.12384479707487,59,94,11,11
1620503564695,32.87717816179226,-117.22966313819897,62.15706220659374,59,94,11,11
1620503564834,32.87714268457154,-117.22967761529337,62.266174033660434,62,96,11,11
1620503564994,32.87713115546048,-117.2296825410653,62.27471992073404,63,97,11,11
1620503565136,32.8771196221381,-117.22968756515569,62.3008321264615,63,96,11,11
