1612140533348,32.88236878945986,-117.19305495403532,82.50480075613764,85,123,15,11
1612140533450,32.88236777722338,-117.19307943571961,82.48685444654463,85,123,15,11
1612140533533,32.88236658794322,-117.19310393772875,82.464449902637,85,123,15,11
1612140533678,32.88236521664642,-117.19312842812793,82.43187679864216,85,123,15,11
1612140533759,32.88236369122722,-117.1931529361866,82.4015382687433,85,123,15,11
1612140533845,32.882362022069266,-117.19317744642039,82.3673862538101,85,123,15,11
1612140533943,32.88236024249831,-117.19320191513145,82.31889296443539,85,123,15,11
1612140534045,32.8823583101606,-117.19322636516382,82.270812379862,85,123,15,11
1612140534136,32.88235622021524,-117.19325077407369,82.22228733692269,85,123,15,11
1612140534217,32.882353949749756,-117.1932751446434,82.179604021168,84,123,15,11
1612140534357,32.88235154549226,-117.19329954526201,82.15969885113951,85,123,15,11
1612140534457,32.88234910341806,-117.19332388490643,82.12623489042609,85,123,15,11
1612140534547,32.88234660323195,-117.19334819507344,82.0891742654793,85,123,15,11
1612140534656,32.88234401065731,-117.19337249293957,82.05634383679816,85,123,15,11
1612140534811,32.882341363257154,-117.19339672364202,82.01766322509977,85,123,15,11
1612140534890,32.8823386813845,-117.19342093494967,81.99022273728853,84,123,15,11
1612140534998,32.88233599605423,-117.19344519696061,81.98848401445095,84,123,15,11
1612140535079,32.88233330952316,-117.19346939353167,81.96725889526297,84,123,15,11
1612140535171,32.882330651865296,-117.19349353365314,81.93349175437807,84,123,15,11
1612140535250,32.882328023448125,-117.19351766657299,81.90841675273833,84,123,15,11
1612140535472,32.88231760001411,-117.19361429652493,81.89569036951266,84,123,15,11
1612140535563,32.882315021061785,-117.19363844868123,81.8788885063236,84,123,15,11
1612140535669,32.88231244808524,-117.19366261344938,81.86354597875882,84,123,15,11
1612140535795,32.88230990198402,-117.19368678810561,81.84801235497615,83,123,15,11
1612140535876,32.88230737655898,-117.19371096837554,81.83618652959383,83,123,15,11
1612140535966,32.882304839900875,-117.19373516755748,81.82807891909415,83,123,15,11
1612140536071,32.88230228400288,-117.19375935566234,81.8181032826861,82,123,15,11
1612140536204,32.88229973122547,-117.19378356368702,81.80933850330193,82,123,15,11
1612140536306,32.88229719374313,-117.19380780337043,81.80219670722062,82,123,15,11
1612140536390,32.882294651792115,-117.19383203005383,81.78948149264866,82,123,15,11
1612140536468,32.88229209123521,-117.1938562551877,81.77239814556496,81,122,15,11
1612140536603,32.882289524213505,-117.19388047129941,81.75476783842343,81,122,15,11
1612140536702,32.88228701242922,-117.19390471464169,81.74723547611045,81,122,15,11
1612140536804,32.88228452590366,-117.19392897148636,81.74419356810479,81,122,15,11
1612140536888,32.88228197872152,-117.19395323027757,81.74184991317695,81,122,15,11
1612140536978,32.88227939592079,-117.19397750767293,81.73660923438104,81,122,15,11
1612140537062,32.88227683064414,-117.19400176908299,81.72371785185386,80,122,15,11
1612140537256,32.88227432808515,-117.19402604799241,81.71037345839166,80,122,15,11
1612140537368,32.88227186045119,-117.19405032485618,81.69331776453468,80,122,15,11
1612140537451,32.882269381132,-117.19407460095412,81.6784947641576,80,122,15,11
1612140537537,32.88226686763015,-117.19409887924576,81.66858101812232,80,122,15,11
1612140537622,32.88226438168041,-117.19412320000099,81.66820097614918,80,122,15,11
1612140537763,32.882261940070656,-117.19414754549385,81.66570013457415,80,122,15,11
1612140537863,32.88225955736626,-117.19417186751504,81.64730759363299,80,122,15,11
1612140537954,32.88225719836691,-117.19419619990354,81.63197981768224,80,122,15,11
1612140538044,32.88225488785494,-117.19422058340776,81.6253197992915,80,122,15,11
1612140538125,32.88225260740861,-117.1942450185692,81.62023421118273,79,122,15,11
1612140538251,32.88225035907465,-117.1942694293904,81.60004900930811,79,122,15,11
1612140538367,32.88224813490951,-117.19429386307455,81.575833742761,79,122,15,11
1612140538450,32.88224594684971,-117.19431834783126,81.55366881030119,79,122,15,11
1612140538535,32.88224380721516,-117.19434286972579,81.53123807458547,79,122,15,11
1612140538616,32.882241710990975,-117.19436744488694,81.51375080639382,79,122,15,11
1612140538754,32.8822396221096,-117.19439205386834,81.49223337098404,79,122,15,11
1612140538857,32.882237526078285,-117.19441668600409,81.46904934151581,79,122,15,11
1612140538955,32.88223543550621,-117.19444134612269,81.44381901421967,79,122,15,11
1612140539046,32.88223333585457,-117.19446602518013,81.42480214238854,79,122,15,11
1612140539126,32.8822312561112,-117.19449073691447,81.4111996534908,79,122,15,11
1612140539324,32.88222917236232,-117.19451555822832,81.40885746591584,79,122,15,11
1612140539426,32.8822271106533,-117.19454037491221,81.38584860553856,79,122,15,11
1612140539517,32.882225054323285,-117.19456513975526,81.34355397539089,79,122,15,11
1612140539602,32.88222296100314,-117.19458998350727,81.32066193599742,79,122,15,11
1612140539671,32.882220891060214,-117.19461486360466,81.30214948006153,79,122,15,11
1612140539823,32.88221885459115,-117.1946398158931,81.28902764061317,79,122,15,11
1612140539925,32.88221684378416,-117.19466479363496,81.27002993928654,79,122,15,11
1612140540006,32.88221484958036,-117.19468977252917,81.24027042197112,79,122,15,11
1612140540097,32.88221286751166,-117.1947148129352,81.21429332967723,79,122,15,11
1612140540186,32.8822109091457,-117.19473984732055,81.18174842110102,78,121,15,11
1612140540326,32.88220892828108,-117.19476490895937,81.15326441506501,78,121,15,11
1612140540427,32.88220691199307,-117.19478996728026,81.1262516741293,78,121,15,11
1612140540511,32.882204848419605,-117.19481503102892,81.10610243562103,78,121,15,11
1612140540669,32.88220277146626,-117.19484009221387,81.08899853307217,79,121,15,11
1612140540815,32.88220066477697,-117.19486517160148,81.0709793430267,79,121,15,11
1612140540899,32.882198531005095,-117.19489024965533,81.0479243918454,78,121,15,11
1612140540999,32.88219636011174,-117.19491532080994,81.01645158132358,78,121,15,11
1612140541082,32.88219415819281,-117.19494035687131,80.9807047459054,78,121,15,11
1612140541172,32.8821919442334,-117.19496541609102,80.95854579387377,78,121,15,11
1612140541257,32.88218972040794,-117.19499049175332,80.94097825015885,79,121,15,11
1612140541435,32.88218746237063,-117.19501556377537,80.91488623394079,79,121,15,11
1612140541577,32.88217867193644,-117.19511575996118,80.82506487532011,78,121,15,11
1612140541672,32.88217644033432,-117.19514079844707,80.80783024522758,78,121,15,11
1612140541793,32.88217422464841,-117.19516584677704,80.79061462181116,78,121,15,11
1612140541876,32.88217204238398,-117.19519087475207,80.76912002151727,78,121,15,11
1612140541970,32.882169893345534,-117.1952159035137,80.74453907431561,78,121,15,11
1612140542069,32.88216776888458,-117.19524092994706,80.72168769227292,78,121,15,11
1612140542208,32.88216568254508,-117.19526599182325,80.70346364087605,78,121,15,11
1612140542310,32.882163598707535,-117.19529101642428,80.67755362646636,78,121,15,11
1612140542393,32.88216153581648,-117.19531603939701,80.64714819473011,78,121,15,11
1612140542545,32.88215949132926,-117.19534103990165,80.60994166797104,78,121,15,11
1612140542630,32.88215748364937,-117.19536605875699,80.57231889748314,78,121,15,11
1612140542708,32.882155475887636,-117.19539104241306,80.52664391655304,78,121,15,11
1612140542822,32.882153422322716,-117.19541601410087,80.48790637705095,78,121,15,11
1612140542903,32.88215139316521,-117.19544104186613,80.46096713587868,78,121,15,11
1612140542998,32.88214937983165,-117.19546603654805,80.42330195917502,78,121,15,11
1612140543081,32.882147378272066,-117.19549101411184,80.37766509419407,78,121,15,11
1612140543266,32.88214538281952,-117.19551601486496,80.33775764358748,78,121,15,11
1612140543378,32.882143392956756,-117.19554102276312,80.28997949270467,78,121,15,11
