1633098131072,32.73950873276764,-116.94986678650301,93.49098028033252,20,45,15,11
1633098131183,32.73951033220552,-116.94987456066669,93.51682072888971,20,45,15,11
1633098131323,32.73951477822559,-116.94989596853317,93.5846998282639,22,46,15,11
1633098131407,32.73951614281511,-116.94990247659136,93.60523331381295,22,47,15,11
1633098131551,32.73951745144538,-116.94990868701365,93.62326077377257,22,47,15,11
1633098131701,32.739518716896804,-116.94991462495265,93.6417875826072,22,47,15,11
1633098131920,32.73952225702938,-116.94993126992702,93.69356376420683,23,48,15,11
1633098132037,32.73952336822407,-116.94993641728003,93.71003825265248,22,48,15,11
1633098132156,32.73952444385749,-116.94994138406679,93.72671612652674,22,48,15,11
1633098132270,32.73952547877749,-116.94994619423471,93.74290544673781,22,48,15,11
1633098132472,32.73952647904014,-116.94995084340647,93.75737832616622,22,48,15,11
1633098132695,32.73953014522289,-116.94996795241613,93.81500761561729,23,49,15,11
1633098132804,32.739530987107614,-116.94997188796762,93.82769772205805,23,50,15,11
1633098132948,32.739531806249566,-116.94997569553388,93.8402665814969,24,50,15,11
1633098133065,32.73953260373419,-116.94997938374351,93.85406551833219,24,51,15,11
1633098133176,32.73953337574174,-116.94998296088713,93.8662044938339,25,51,15,11
1633098133398,32.73953559234365,-116.94999298683004,93.90451032289788,24,52,15,11
1633098133511,32.73953627959021,-116.94999609240739,93.91665508171754,24,51,15,11
1633098133662,32.73953695080477,-116.94999902959722,93.93040018816062,23,51,15,11
1633098133813,32.739537586084836,-116.95000181470908,93.9419006005341,22,50,15,11
1633098133915,32.73953819754437,-116.95000444799346,93.95411782657082,21,49,15,11
1633098134064,32.739538768427884,-116.95000695475127,93.96626761855197,21,48,15,11
1633098134178,32.73953930063003,-116.95000934659684,93.9766922192385,20,48,15,11
1633098134406,32.73954128716142,-116.95001827953168,94.01889193614012,19,45,15,11
1633098134523,32.73954175841107,-116.95002040690017,94.02863984964544,19,45,15,11
1633098134674,32.73954221925403,-116.95002249538295,94.0378643623806,19,45,15,11
1633098134821,32.739542678544005,-116.95002454146666,94.04634576299627,19,45,15,11
1633098134922,32.73954312378558,-116.95002655653191,94.05540633268922,19,45,15,11
1633098135077,32.73954355607251,-116.95002854983944,94.0644473583751,19,45,15,11
1633098135190,32.73954399237625,-116.95003052102734,94.0731752471239,19,45,15,11
1633098135398,32.739545769979706,-116.95003853040642,94.10764962197366,20,46,15,11
1633098135571,32.73954623556505,-116.9500406338853,94.11653729499706,21,46,15,11
1633098135756,32.73954672908187,-116.9500427926635,94.12619529729055,21,47,15,11
1633098135870,32.7395472292166,-116.95004498557522,94.13614370080555,21,47,15,11
1633098136004,32.73954775970866,-116.95004724385062,94.14711015502277,21,47,15,11
1633098136190,32.73954999480753,-116.95005677494636,94.19471797231297,20,46,15,11
1633098136330,32.73955056565608,-116.95005925647963,94.20575546577857,21,47,15,11
1633098136467,32.73955113067144,-116.95006171329455,94.21676343725255,21,47,15,11
1633098136616,32.73955168853813,-116.9500641270686,94.22825414121046,22,48,15,11
1633098136756,32.73955333336161,-116.95007111187164,94.26000244193878,23,49,15,11
1633098136900,32.73955387737859,-116.9500733614532,94.2697852934864,23,50,15,11
1633098137017,32.73955438997531,-116.95007555170417,94.28109842357155,23,50,15,11
1633098137130,32.73955490664229,-116.95007771495641,94.29062996952307,23,50,15,11
1633098137244,32.73955542112736,-116.9500798301081,94.30026652772948,23,50,15,11
1633098137435,32.7395559231959,-116.95008190458503,94.31047142208995,23,50,15,11
1633098137661,32.73955787420844,-116.95008993400846,94.34932382699998,23,51,15,11
1633098137801,32.739558357830255,-116.95009194882964,94.3578145209646,23,52,15,11
1633098137961,32.73955885498764,-116.95009401999808,94.36605658512222,24,52,15,11
1633098138078,32.73955937452297,-116.950096179683,94.37511883917229,24,53,15,11
1633098138191,32.73955990751507,-116.95009842706975,94.38563310289392,24,53,15,11
1633098138305,32.73956047061875,-116.95010076252657,94.39744042057771,24,54,15,11
1633098138439,32.73956108096999,-116.95010321990777,94.4080017362488,24,54,15,11
1633098138689,32.73956381084309,-116.9501142785034,94.45775971001497,26,56,15,11
1633098138826,32.739564600584494,-116.95011746818074,94.47195173277802,26,57,15,11
1633098138943,32.739565442217376,-116.95012086795992,94.48671024886106,26,57,15,11
1633098139054,32.739566334217855,-116.95012448332852,94.5037968756244,27,57,15,11
1633098139165,32.73956728388153,-116.95012830791387,94.52124803297927,27,58,15,11
1633098139281,32.739568289426806,-116.95013233859474,94.53932899598128,28,58,15,11
1633098139496,32.73957160115451,-116.9501456566221,94.60252772603846,28,59,15,11
1633098139635,32.73957280586177,-116.95015048402524,94.62503101014313,29,60,15,11
1633098139760,32.739574057990254,-116.9501554898482,94.64689671048582,29,61,15,11
1633098139895,32.73957536602107,-116.95016066734075,94.67127074341143,30,61,15,11
1633098140043,32.739576710807476,-116.95016600344428,94.69661528349437,30,62,15,11
1633098140157,32.739578092402496,-116.95017149928573,94.72117856754566,31,62,15,11
1633098140293,32.739582595624704,-116.95018889644926,94.79582202809569,29,61,15,11
1633098140406,32.7395841902126,-116.95019499377628,94.82206049131024,27,60,15,11
1633098140531,32.73958582230279,-116.95020122612503,94.84861381344389,27,60,15,11
1633098140701,32.739587511901846,-116.95020759202528,94.875801782456,27,60,15,11
1633098140795,32.73958923169756,-116.9502140898228,94.90471820287092,27,60,15,11
1633098140929,32.73959099726737,-116.9502207067918,94.9333939550522,27,60,15,11
1633098141086,32.73959280768244,-116.95022744914183,94.96210470115358,27,60,15,11
