1612485489501,32.84142033058137,-117.251241646653,148.0534195666365,109,149,0,13
1612485489616,32.841423558101376,-117.2512550041116,147.84920937544777,113,151,0,13
1612485489716,32.84142669722019,-117.2512683317213,147.64329272692873,116,154,0,13
1612485489820,32.84142978642222,-117.25128166070381,147.4410707337593,119,156,0,13
1612485489915,32.841432824277234,-117.25129497772461,147.24600621290918,123,158,0,13
1612485490014,32.841435777507265,-117.25130823629846,147.045879426719,126,160,0,13
1612485490108,32.841438683889805,-117.2513215153331,146.85414950984116,130,162,0,13
1612485490208,32.84144157875895,-117.25133481967642,146.67481508127005,134,164,0,13
1612485490370,32.84144447406074,-117.25134802995713,146.48590193774993,137,166,0,13
1612485490463,32.84144734079501,-117.25136122942635,146.29224385073792,141,168,0,13
1612485490565,32.841450241230135,-117.25137449334683,146.11280494291938,145,171,0,13
1612485490666,32.84145313723972,-117.25138769451652,145.92559417635223,149,173,0,13
1612485490783,32.841456021203875,-117.2514008157357,145.72426468955308,153,175,0,13
1612485490892,32.841458945336434,-117.25141402865799,145.547919259816,157,177,0,13
1612485490985,32.84146185298875,-117.25142750198924,145.3925350109416,161,179,11,11
1612485491076,32.84146474522454,-117.25144108574685,145.23830149640514,164,181,11,11
1612485491219,32.84146759028655,-117.25145475558585,145.06630734800416,167,183,11,11
1612485491365,32.84147041172484,-117.25146858559687,144.88343157652253,169,184,11,11
1612485491465,32.84147331156827,-117.25148242847844,144.70489074205446,170,186,11,11
1612485491548,32.84147626235083,-117.25149643027255,144.5433660274603,171,187,11,11
1612485491631,32.84147922829546,-117.25151056864331,144.39417271864244,172,188,11,11
1612485491733,32.841482322632515,-117.2515243167862,144.23768870009962,174,190,10,11
1612485491836,32.84148554693786,-117.25153769718546,144.0830409663707,177,191,10,11
1612485491941,32.84148893838045,-117.25155115856111,143.96939266487462,179,193,10,11
1612485492024,32.84149248231684,-117.25156457335353,143.88674731872607,183,195,10,11
1612485492116,32.841496056592376,-117.2515780906829,143.78190866397424,185,196,10,11
1612485492198,32.841499553408426,-117.25159156396852,143.6360682717004,186,197,10,11
1612485492281,32.841503046572534,-117.25160501412067,143.45839242911543,187,199,10,11
1612485492386,32.8415065817275,-117.25161846145001,143.27705759476444,188,200,10,11
1612485492467,32.84151023329927,-117.25163200413505,143.09570723270514,188,200,10,11
1612485492609,32.84151393552816,-117.25164546713509,142.91464663120843,187,201,10,11
1612485492718,32.84151789988855,-117.25165856156899,142.73150961799547,188,202,10,11
1612485492810,32.841522109452406,-117.25167132777209,142.54360309742782,190,203,10,11
1612485492924,32.84152633057378,-117.25168437078398,142.34477424995853,191,204,10,11
1612485493011,32.841530615862276,-117.2516975370448,142.14851783796107,190,205,10,11
1612485493108,32.841535043285,-117.25171088947354,141.95056597792282,189,205,10,11
1612485493246,32.84153950900755,-117.25172426505566,141.74721021605325,187,205,10,11
1612485493335,32.841544059388646,-117.25173764628404,141.5411403844272,184,205,10,11
1612485493435,32.84154880285314,-117.25175092099379,141.3250738892229,181,204,10,11
1612485493516,32.84155367661943,-117.25176405131027,141.103561697174,178,204,10,11
1612485493661,32.84155877027921,-117.2517769576034,140.8852830977848,175,204,10,11
1612485493783,32.84156413279433,-117.25178967675294,140.66959969645015,172,203,10,11
1612485493863,32.84156964873753,-117.25180230300187,140.45951664040876,169,202,10,11
1612485493984,32.84157533596794,-117.2518147658155,140.25009529886935,166,202,10,11
1612485494075,32.84158113884878,-117.25182709087848,140.04035137539736,163,201,10,11
1612485494176,32.8415871478144,-117.25183925309786,139.8340863968641,160,200,10,11
1612485494259,32.84159329638119,-117.25185126746048,139.62848442007896,158,200,10,11
1612485494336,32.8415995573644,-117.2518630810963,139.41533970767338,154,198,10,11
1612485494528,32.8416059925939,-117.25187467808277,139.196121624698,152,198,10,11
1612485494616,32.84161260052614,-117.25188616413872,138.99288293460734,149,197,10,11
1612485494699,32.84161932814514,-117.25189746872309,138.79287635290518,147,196,10,11
1612485494806,32.84162615880728,-117.2519085432963,138.58634953472782,144,195,10,11
1612485494896,32.84163313601179,-117.25191941638373,138.3893256117341,142,194,10,11
1612485495010,32.84164022577421,-117.25193006086145,138.19390141760528,140,193,10,11
1612485495091,32.84164746658018,-117.25194050500272,138.0010565610268,138,192,9,11
1612485495173,32.84165486833062,-117.25195080765434,137.81466156062805,137,191,9,11
1612485495323,32.84166240009153,-117.25196094405244,137.6250902149611,135,190,9,11
1612485495467,32.84167006010692,-117.25197092717585,137.43220445657857,134,189,9,11
1612485495569,32.84167789967538,-117.25198081533422,137.2421050469151,133,189,10,11
1612485495652,32.841685894919934,-117.25199056505784,137.05997548524155,131,188,10,11
1612485495733,32.84169403747096,-117.25200017438377,136.86880678198492,130,187,10,11
1612485495849,32.841702336364975,-117.25200965462432,136.67799706840964,129,186,10,11
1612485495937,32.84171083125012,-117.25201900770003,136.4886208641384,128,185,10,11
1612485496055,32.841719514915184,-117.25202827111792,136.30316553942154,127,184,10,11
1612485496136,32.84172833734417,-117.25203740116649,136.11571634849236,127,184,10,11
1612485496229,32.84173731011808,-117.25204637553423,135.92158649152182,126,183,10,11
1612485496311,32.841746448154794,-117.25205527296883,135.73227099111753,125,182,10,11
1612485496395,32.84175575416522,-117.25206404963276,135.548610878326,124,181,11,11
1612485496497,32.841765188933465,-117.25207265685195,135.35633161360408,124,181,11,11
1612485496576,32.84177476976319,-117.25208111554365,135.1665774147225,123,180,11,11
1612485496657,32.841784491171914,-117.2520893863528,134.9815145116115,123,179,11,11
1612485496777,32.84179436240908,-117.25209743719047,134.80050174074492,122,178,11,11
1612485496857,32.841804375462935,-117.25210528566716,134.62380915638002,121,178,11,11
1612485496975,32.841814451317376,-117.25211293422582,134.44168032056004,121,177,11,11
1612485497063,32.84182456831887,-117.25212035326001,134.2493659456879,121,176,11,11
1612485497161,32.841834773741056,-117.2521275858632,134.0608753404189,120,176,11,11
1612485497328,32.8418658513094,-117.2521482190616,133.5171517042193,119,173,11,11
1612485497423,32.84187632054069,-117.25215475205292,133.32841253556958,119,173,11,11
1612485497521,32.841886836181615,-117.2521611041833,133.138682540455,118,172,11,11
1612485497670,32.84189742517454,-117.25216733284942,132.95417802385242,118,171,11,11
1612485497771,32.841908130054065,-117.25217353503439,132.78582062679027,117,171,10,11
1612485497876,32.84191885859968,-117.25217958666903,132.6135822247966,117,170,9,11
1612485497955,32.84192963866374,-117.25218559798104,132.42920808455168,117,170,10,11
1612485498052,32.84194049056582,-117.25219151162293,132.24472033749123,117,169,11,11
1612485498143,32.84195139830702,-117.25219729034296,132.0695334295721,117,169,9,11
1612485498302,32.8419622146592,-117.25220290583893,131.89553949391862,116,168,10,11
1612485498407,32.841973067563835,-117.25220843020102,131.70158771373198,116,168,10,11
1612485498488,32.84198402976435,-117.25221382312199,131.51317860525742,116,167,9,11
1612485498570,32.84199480815406,-117.25221901891888,131.34335492572404,116,167,9,11
1612485498667,32.84200560728809,-117.25222413397364,131.18770949567204,116,167,9,11
1612485498776,32.84201643389464,-117.2522291999459,131.03888292289636,116,167,9,11
1612485498878,32.84202720706637,-117.25223405027819,130.88111185367325,116,167,9,11
1612485498977,32.842037947330105,-117.252238815982,130.7138435684697,116,166,8,11
1612485499055,32.84204881028793,-117.25224348691684,130.55053773987171,116,166,8,11
1612485499215,32.84205966239572,-117.25224801142055,130.39862449602012,116,166,8,11
1612485499361,32.84207053035231,-117.25225246838879,130.24597332097258,116,166,8,11
1612485499468,32.84208156616375,-117.25225668978987,130.06797742110206,118,167,8,11
1612485499555,32.84209268212172,-117.25226073067614,129.87382130808012,120,168,8,11
