1616373603399,32.774810867181834,-117.17402865280792,56.76124155381933,23,45,14,11
1616373603629,32.77486837380651,-117.17397180338638,56.98063953803168,24,45,13,11
1616373603746,32.7748829377595,-117.17395783771468,57.025573714335664,24,45,13,11
1616373603866,32.77489759178603,-117.17394397273983,57.07519634816928,24,45,13,11
1616373603990,32.77491232805223,-117.17393019295505,57.131350660026186,25,46,13,11
1616373604124,32.77492715896688,-117.17391649817242,57.19516127712245,25,47,13,11
1616373604268,32.774942038019226,-117.1739028955153,57.24795611600982,26,47,13,11
1616373604435,32.77498700182251,-117.17386261354986,57.40300946286201,26,48,13,11
1616373604572,32.775002111305255,-117.17384936780002,57.45914831596653,26,48,13,11
1616373604686,32.77501724989535,-117.17383618536802,57.514146385040384,26,48,14,11
1616373604798,32.775032411985585,-117.1738230902362,57.55566264739191,25,47,14,11
1616373604971,32.77504767289173,-117.17381013396974,57.59544873794225,24,46,14,11
1616373605193,32.7751094224375,-117.1737596339119,57.77088548640895,25,47,14,11
1616373605344,32.77512500182047,-117.17374736479793,57.80886107395594,23,46,14,11
1616373605454,32.77514066959847,-117.17373519911463,57.86244106347621,23,45,14,11
1616373605588,32.77515642776824,-117.17372313302805,57.9311597135232,23,45,14,11
1616373605701,32.775172184164184,-117.17371115903644,57.975955087385906,22,44,14,11
1616373605828,32.77518798381923,-117.17369933803333,58.01200047893095,22,44,14,11
1616373605949,32.775203881568935,-117.17368766281916,58.062651238962644,22,43,14,11
1616373606076,32.77521984252896,-117.1736761165433,58.12011109502657,22,43,14,11
1616373606242,32.7752680250853,-117.17364214710642,58.283726135500245,21,42,14,11
1616373606357,32.775284220145316,-117.17363106007508,58.335457908197355,21,42,14,11
1616373606471,32.77530043693052,-117.17362011335263,58.37004166123173,21,41,14,11
1616373606605,32.77531670869823,-117.17360925352136,58.41260890059106,21,41,14,11
1616373606718,32.77533303214369,-117.17359851348556,58.46059064150978,20,41,14,11
1616373606828,32.775349406736154,-117.17358790084647,58.50571102789557,20,40,14,11
1616373607005,32.775365865184135,-117.17357742376235,58.55701357204899,20,40,14,11
1616373607260,32.775432531691955,-117.17353660344921,58.763394771532695,20,40,14,11
1616373607386,32.775449455512216,-117.17352664280803,58.81859783158912,20,40,14,11
1616373607496,32.77546648647912,-117.17351677009012,58.86818687587538,20,39,14,11
1616373607630,32.77548364561964,-117.17350697986397,58.92262498017318,20,39,14,11
1616373607745,32.77550091897432,-117.17349728036486,58.97876706086752,20,39,14,11
1616373607859,32.77551833518595,-117.17348764783036,59.04228297126972,20,39,14,11
1616373607975,32.77553584508183,-117.17347807426854,59.09615067215218,20,39,14,11
1616373608143,32.77558905940671,-117.17344985948861,59.26638301255513,20,39,14,11
1616373608264,32.77560701915591,-117.17344063518034,59.32908640288421,20,39,14,11
1616373608382,32.77562509538443,-117.17343148041653,59.39287031380923,19,38,14,11
1616373608493,32.77564325304205,-117.17342241170662,59.44677971687616,19,38,14,11
1616373608626,32.77566151401504,-117.17341343958714,59.50266596232761,19,38,14,11
1616373608738,32.775679888312325,-117.17340459292248,59.5678816815627,19,38,14,11
1616373608859,32.77569834451011,-117.17339589340853,59.63483762080348,19,38,14,11
1616373609000,32.775754131569315,-117.1733706631492,59.807854394186606,20,38,14,11
1616373609197,32.775772844756844,-117.17336258944427,59.86448431636376,20,39,14,11
1616373609319,32.77579161113465,-117.17335467573952,59.92621019976155,20,39,14,11
1616373609442,32.77581040848156,-117.1733469332216,59.99068790061985,20,39,14,11
1616373609556,32.77582922774518,-117.17333934393346,60.0528074234543,20,39,14,11
1616373609689,32.77584803239745,-117.17333192828329,60.111178083236936,20,39,14,11
1616373609803,32.775866806255735,-117.17332468748867,60.171138423957295,20,39,14,11
1616373610062,32.77594107528644,-117.17329732487191,60.40941116137302,20,39,14,11
1616373610182,32.77595934904248,-117.17329086774366,60.45418759518906,20,39,14,11
1616373610307,32.775977502212264,-117.17328457483234,60.508594225910144,20,39,14,11
1616373610387,32.775995526175045,-117.17327842181913,60.57064329646341,20,39,14,11
1616373610532,32.776013400282054,-117.1732723925121,60.625252695418354,20,39,14,11
1616373610677,32.77603113579489,-117.17326649619302,60.68080105613981,20,39,14,11
1616373610789,32.77604872096324,-117.17326074709108,60.73141131336645,21,40,14,11
1616373611004,32.776117586732425,-117.1732393111132,60.95168234105207,20,40,14,11
1616373611202,32.776134437275275,-117.17323432283938,61.004408236885375,21,40,14,11
1616373611292,32.77615113703423,-117.17322948236006,61.05607665901463,21,40,14,11
1616373611441,32.77616768470602,-117.17322478091471,61.10497688808342,21,40,14,11
1616373611551,32.77618407032116,-117.17322022671968,61.15248687464704,21,40,14,11
1616373611687,32.776200314746795,-117.17321583401386,61.20129376156182,21,40,14,11
1616373611805,32.77621640057446,-117.17321158115232,61.2493963898141,21,40,14,11
1616373612101,32.77627908248263,-117.1731958690953,61.440050007011465,21,41,14,11
1616373612213,32.776294361131896,-117.17319224772507,61.4763510469494,22,42,14,11
1616373612303,32.77630947001772,-117.17318874864843,61.51321527733406,24,43,14,11
1616373612452,32.77632440497905,-117.17318537599208,61.549899732749,25,44,14,11
1616373612564,32.77633916295223,-117.17318211547953,61.58609083771997,26,45,14,11
1616373612698,32.77635374704473,-117.17317896850524,61.623821626713976,27,46,14,11
1616373612840,32.77639640331042,-117.17317026785484,61.727933975346815,29,48,14,11
1616373613012,32.77641022860801,-117.17316763371205,61.759824569610096,29,49,14,11
1616373613113,32.77642381577097,-117.17316512754537,61.79711167044204,29,49,14,11
1616373613320,32.776437196534246,-117.17316275242189,61.8422730872294,29,49,14,11
1616373613408,32.77645033998931,-117.17316049544824,61.888084816957644,29,50,14,11
1616373613635,32.77650050712717,-117.17315254342286,62.026335288956524,28,50,14,11
