1620503925851,32.839267510995235,-117.22684163398553,6.029764812720864,43,84,13,11
1620503925995,32.839273238466276,-117.22680703291292,6.068678170869845,43,84,13,11
1620503926078,32.83927896061836,-117.22677230397665,6.10879896498806,43,85,13,11
1620503926222,32.839296070379675,-117.22666862541831,6.256127043530169,44,85,12,11
1620503926341,32.83930177585093,-117.22663410910367,6.303599909069122,43,85,12,11
1620503926422,32.839307458503654,-117.22659961112765,6.34903785574017,43,85,12,11
1620503926587,32.83931321700739,-117.22656490829684,6.398647390215936,43,84,12,11
1620503926759,32.83931897418353,-117.22653042756556,6.447546856018363,43,84,12,11
1620503927035,32.83934204599567,-117.22639263893875,6.613331543238432,42,82,12,11
1620503927153,32.839347890454505,-117.22635794234735,6.653431425893606,41,82,12,11
1620503927250,32.83935369699033,-117.22632356282516,6.689105832793584,41,81,12,11
1620503927395,32.8393594827639,-117.22628919066373,6.726677227468452,40,80,12,11
1620503927481,32.839365289636866,-117.22625480539953,6.768856134194689,39,79,12,11
1620503927649,32.839371089031516,-117.22622041803409,6.809206331698182,39,78,12,11
1620503927765,32.839376878346584,-117.22618604202276,6.849095618893335,39,78,12,11
1620503927939,32.83939419864558,-117.22608264275047,6.974667929815019,38,76,12,11
1620503928116,32.83939995047935,-117.22604827150633,7.0242510821032935,38,76,12,11
1620503928234,32.83940570795136,-117.22601393745846,7.065855970159319,38,76,12,11
1620503928332,32.83941145719693,-117.22597961311702,7.106520448337546,38,76,12,11
1620503928479,32.8394171708425,-117.22594533566422,7.144938250617639,38,76,12,11
1620503928613,32.839422918695604,-117.22591100763206,7.201105211570903,38,76,12,11
1620503928708,32.83944007408432,-117.22580826524273,7.326420373388798,38,76,13,11
1620503928836,32.83944577978467,-117.22577403786951,7.375861075448072,38,75,13,11
1620503929002,32.83945147936866,-117.2257398372386,7.425794639409672,38,75,13,11
1620503929140,32.83945718762596,-117.22570563071356,7.469840871662635,38,76,13,11
1620503929262,32.83946288957457,-117.22567149041801,7.505448779802525,39,76,13,11
1620503929350,32.839468596962654,-117.22563731766728,7.548626200715955,39,76,13,11
1620503929494,32.83947430016187,-117.22560318507887,7.58601070913184,39,76,13,11
1620503929576,32.83948001334195,-117.22556908624611,7.621014691008902,39,76,13,11
1620503929833,32.83950279727464,-117.22543271188535,7.770066293315598,39,76,13,11
1620503929947,32.839508535842995,-117.22539858934188,7.818364412965585,40,76,13,11
1620503930138,32.839514349619726,-117.22536453023267,7.847284859336526,39,76,13,11
1620503930252,32.83952014092548,-117.22533046971705,7.880399747997133,40,77,13,11
1620503930365,32.83952594289094,-117.22529639934025,7.921935761944261,40,77,13,11
1620503930494,32.83953171568897,-117.22526231036977,7.961734958950863,41,78,13,11
1620503930573,32.83953750269715,-117.22522820546894,7.9986498919472,41,78,13,11
1620503930767,32.839554804130074,-117.22512579596597,8.11516866016715,41,79,13,11
1620503930880,32.83956056836771,-117.22509165185923,8.152267940832742,41,79,13,11
1620503930996,32.839566340902955,-117.22505748651103,8.187590816831365,41,79,13,11
1620503931173,32.83957212507871,-117.22502333286418,8.224346825597909,41,79,13,11
1620503931291,32.839577910399754,-117.22498915516961,8.267065210892964,42,80,13,11
1620503931404,32.83958368952878,-117.22495493246804,8.30302083163428,42,80,13,11
1620503931492,32.83958943073048,-117.2249207975776,8.349243090792772,43,81,13,11
1620503931615,32.83959521203159,-117.22488661726632,8.405717688739104,43,81,13,11
1620503931843,32.83961830192985,-117.22475009898595,8.561523076388443,43,82,13,11
1620503931957,32.83962404095983,-117.22471599458174,8.60383528036824,43,82,13,11
1620503932057,32.83962978115824,-117.22468194347407,8.644734859482162,43,82,13,11
1620503932254,32.839635498685176,-117.22464790432787,8.690762868386452,43,82,13,11
1620503932374,32.83964120448407,-117.22461392779294,8.73740935344449,42,81,13,11
1620503932495,32.83964689818218,-117.22457993233253,8.79514067972373,42,81,13,11
1620503932577,32.83965263685491,-117.22454571707816,8.858575227560214,42,81,13,11
1620503932770,32.83966966448596,-117.22444392275837,9.007907518073555,41,80,13,11
1620503932850,32.83967531926923,-117.22441004968626,9.056072767388951,41,80,13,11
1620503933039,32.83968095427114,-117.22437620399903,9.100957202119226,41,79,13,11
1620503933174,32.83968662943792,-117.22434219872343,9.144049850501508,39,77,13,11
1620503933291,32.839692248437764,-117.22430850025326,9.183116499627058,39,77,13,11
1620503933423,32.83969784914156,-117.22427483618898,9.232607167544106,38,76,12,11
1620503933545,32.83970341758997,-117.2242411852073,9.288995626901503,38,75,12,11
1620503933769,32.839725686802765,-117.2241067847476,9.507883264702643,34,69,11,11
1620503933848,32.839731219357,-117.22407333792196,9.54487539149339,35,70,11,11
1620503933996,32.83973675022774,-117.22403999633245,9.571559151910625,34,69,11,11
1620503934205,32.83974225348297,-117.2240066399506,9.6209030180673,35,69,11,11
1620503934319,32.83974773120443,-117.22397329496991,9.671862734715132,35,69,11,11
1620503934434,32.83975318065758,-117.22394000130838,9.71650931237639,35,70,11,11
1620503934650,32.839774981893086,-117.22380712970414,9.921770863166945,35,69,11,11
1620503934778,32.839780396284574,-117.22377398363821,9.975113188690749,35,69,11,11
1620503934890,32.8397858266774,-117.22374088770339,10.026778072320019,35,69,11,11
1620503935084,32.83979125218394,-117.22370780393584,10.078115475868668,35,68,11,11
1620503935245,32.839807914652226,-117.22360877480081,10.244820618490603,34,67,13,11
1620503935333,32.83981356292761,-117.22357584394815,10.297238784356264,34,66,13,11
1620503935445,32.83981922969673,-117.22354293909011,10.348254273163286,34,66,13,11
1620503935614,32.83982489700818,-117.22351005229032,10.401229621694753,33,65,13,11
1620503935730,32.839830550512794,-117.22347719435933,10.454779299161924,33,65,13,11
1620503935896,32.83983620598923,-117.22344435520849,10.509785473181996,33,64,13,11
1620503936144,32.83985870614837,-117.22331301973301,10.73767169366237,33,64,13,11
