1483321674241,32.8457867363861,-117.19125816075473,33.21954293927246,32,50,11,11
1483321674470,32.845804353899325,-117.19112582340342,33.29461695519578,38,54,10,11
1483321674590,32.84580878893803,-117.19109281118664,33.29870327768063,39,55,10,11
1483321674669,32.84581321696184,-117.1910597510942,33.325982563131255,40,56,10,11
1483321674837,32.84581762386429,-117.19102661804159,33.36708451666641,41,57,10,11
1483321674985,32.845822025701175,-117.19099348122393,33.39675662998035,43,58,15,11
1483321675279,32.84583967186491,-117.19086113045621,33.4765765953146,48,63,15,11
1483321675401,32.84584405414329,-117.19082800925361,33.494997646130884,49,64,15,11
1483321675519,32.845848422620385,-117.1907948636557,33.520700609737055,50,66,15,11
1483321675629,32.84585279002553,-117.19076175287024,33.542886502420146,52,67,15,11
1483321675711,32.845857164152335,-117.1907286074816,33.56408069032758,53,69,15,11
1483321675877,32.845861534020294,-117.19069544303423,33.58538649286617,54,70,15,11
1483321676033,32.845865891535055,-117.19066230602908,33.609571991564756,55,71,15,11
1483321676282,32.84588335250182,-117.19052967810323,33.67991715761217,59,77,15,11
1483321676396,32.8458877421457,-117.19049642271658,33.68910724188762,60,78,15,11
1483321676514,32.84589213665266,-117.19046327782684,33.71204988744548,60,79,15,11
1483321676626,32.845896529243845,-117.19043007962495,33.740695528189114,61,80,15,11
1483321676742,32.84590093155737,-117.1903968635891,33.761871123192705,61,81,15,11
1483321676934,32.84590535293479,-117.1903636771789,33.76737791856708,61,82,15,11
1483321677190,32.84592304649577,-117.19023081583443,33.807843601019265,62,86,15,11
1483321677329,32.84592744851164,-117.19019758546051,33.82170537587535,62,87,15,11
1483321677456,32.845931849261945,-117.19016436801269,33.83514908929331,62,88,15,11
1483321677570,32.845936246312846,-117.19013116132801,33.84500496314652,62,88,15,11
1483321677686,32.84594067601677,-117.19009779290278,33.84617097240568,61,89,15,11
1483321677765,32.84594505396683,-117.19006455990163,33.853663090709276,61,90,15,11
1483321677935,32.8459494278033,-117.19003135057258,33.85591691696685,61,90,15,11
1483321678194,32.84596688123049,-117.18989832702017,33.90217437090162,61,92,15,11
1483321678331,32.845971277207,-117.1898651352401,33.90502555254689,60,93,15,11
1483321678448,32.8459757159424,-117.18983198115909,33.90357973774727,61,93,15,11
1483321678562,32.845980232353675,-117.18979879148498,33.908030334927076,60,93,15,11
1483321678675,32.84598479812366,-117.18976557779271,33.912913316526115,60,94,15,11
1483321678754,32.84598940989383,-117.18973231959824,33.91652529443198,60,94,15,11
1483321679100,32.84600842709156,-117.18959885841156,33.9205751772551,57,92,15,11
1483321679243,32.84601329152374,-117.18956551343885,33.92435595604171,56,91,15,11
1483321679377,32.8460181974257,-117.1895321793429,33.93482299774104,56,91,15,11
1483321679497,32.84602316607323,-117.1894985657724,33.93700725181334,55,91,15,11
1483321679614,32.84602814846333,-117.18946529582045,33.93637097116456,54,90,15,11
1483321679727,32.84603316030869,-117.1894320370094,33.94174205883651,54,89,15,11
1483321679807,32.84603822252527,-117.18939876852257,33.953542696464,53,89,15,11
1483321680126,32.846059170903374,-117.18926597083957,33.977133338578675,51,87,15,11
1483321680269,32.84606460149708,-117.18923276339264,33.98882388284933,51,87,15,11
1483321680403,32.846070120473065,-117.18919957127844,33.99927541545663,51,86,15,11
1483321680529,32.84607570886632,-117.1891663841861,34.00709154144271,50,86,15,11
1483321680654,32.84608126384829,-117.18913312025659,34.0312938429238,51,86,15,11
1483321680890,32.84610381051179,-117.18900012638865,34.05871194491994,49,84,15,11
1483321680970,32.84610936347161,-117.18896679622908,34.064710345745304,49,83,15,11
1483321681207,32.84611482490373,-117.18893344440434,34.070171254658206,48,82,15,11
1483321681353,32.846120179030464,-117.18890003983346,34.07696529138902,47,82,15,11
1483321681484,32.84612547081245,-117.18886659896461,34.08089993501058,47,81,15,11
1483321681603,32.846130692960266,-117.18883312601048,34.08470825937267,46,80,15,11
1483321681789,32.84615130215591,-117.18869895042715,34.11769870963568,45,78,15,11
1483321681908,32.846156467387495,-117.18866539399636,34.127512832974354,45,77,15,11
1483321682079,32.84616162667763,-117.18863182374464,34.13918712928957,45,77,15,11
1483321682227,32.8461667474263,-117.18859827151715,34.14662692454238,45,77,15,11
1483321682490,32.84618685533424,-117.1884642260264,34.163285290224216,44,75,15,11
1483321682604,32.84619179464664,-117.18843078256938,34.169298854109954,45,76,15,11
1483321682684,32.84619669428036,-117.18839736722889,34.176769587747486,45,76,15,11
1483321682875,32.846201578731566,-117.18836401697249,34.18525643527994,46,77,15,11
1483321683194,32.846220921126545,-117.18823091544353,34.21705262502862,47,77,15,11
1483321683328,32.84622571191118,-117.18819773033897,34.222306682767986,47,77,15,11
1483321683445,32.8462305055557,-117.18816455860808,34.23136984676524,47,77,15,11
1483321683572,32.846235277065205,-117.18813137439676,34.2383636578679,47,77,15,11
1483321683684,32.84624003777115,-117.18809825730837,34.246203383939914,47,77,15,11
1483321683763,32.846244816881764,-117.1880651588545,34.256546513611404,47,77,15,11
1483321683898,32.84624957656066,-117.18803208971822,34.266454490077514,47,77,15,11
1483321684200,32.846268529979845,-117.18789969564405,34.300184673347026,45,75,15,11
1483321684332,32.846273238024985,-117.1878666073333,34.30899984837186,45,75,15,11
