1611352221661,32.93166108868074,-117.24124673759279,-21.66131460369186,84,123,13,11
1611352221742,32.93163336161629,-117.24124210573495,-21.74985231308787,85,123,13,11
1611352221822,32.931605532527016,-117.24123754218027,-21.844807646923353,85,123,13,11
1611352221903,32.93157761702307,-117.24123300875154,-21.943931693263206,85,123,12,11
1611352222053,32.931549606824504,-117.24122848375693,-22.042020706152734,85,123,12,11
1611352222120,32.93152150435745,-117.24122394508194,-22.13867118565511,86,123,12,11
1611352222232,32.93149330622538,-117.24121937404796,-22.231088875293924,86,123,11,11
1611352222384,32.931379645206995,-117.2412008234704,-22.591075973668524,87,123,7,11
1611352222550,32.93135100904417,-117.24119613677676,-22.681253525903966,87,123,8,11
1611352222630,32.931322267680585,-117.24119137715853,-22.77314442020747,87,123,7,11
1611352222716,32.931293440108796,-117.2411865704449,-22.866407164146068,88,123,6,11
1611352222875,32.93126452371441,-117.24118174842441,-22.962085264479317,89,123,6,11
1611352223000,32.931235502810374,-117.24117676044503,-23.060789874353112,91,123,5,11
1611352223110,32.931206392329,-117.24117173138426,-23.144982591637937,94,125,0,13
1611352223221,32.93117721434811,-117.24116662129317,-23.234996046510506,98,127,0,13
1611352223316,32.93114797935126,-117.24116145090194,-23.327533177810036,101,128,0,13
1611352223396,32.93111867662641,-117.24115624707404,-23.41427312351895,104,130,0,13
1611352223484,32.931089309546905,-117.24115100267495,-23.500335062102963,107,132,0,13
1611352223591,32.931059902198385,-117.24114569076407,-23.594380206594288,111,134,0,13
1611352223678,32.93103047677922,-117.24114028585005,-23.69278818434994,115,135,0,13
1611352223771,32.93100098109417,-117.24113478713234,-23.77623268792733,118,137,0,13
1611352223927,32.93097144151306,-117.24112923669327,-23.861037999362196,122,139,0,13
1611352224025,32.93094185512805,-117.24112365896788,-23.948938477208458,126,141,0,13
1611352224134,32.930912246493534,-117.24111802234539,-24.040500299007178,130,143,0,13
1611352224245,32.93088260651378,-117.24111230519794,-24.123564085822572,134,145,0,13
1611352224337,32.93085295527391,-117.24110652074019,-24.194054911722954,138,147,0,13
1611352224421,32.930823290104435,-117.24110071805819,-24.252250174995133,142,149,0,13
1611352224493,32.930793683621836,-117.24109492484043,-24.312185970671134,146,150,0,13
1611352224649,32.930764145633134,-117.2410891656746,-24.375838798367397,150,152,0,13
1611352224730,32.93073469059153,-117.24108345263954,-24.43329802833305,155,154,0,13
1611352224829,32.93070531835337,-117.24107777659957,-24.486063967815184,159,156,0,13
1611352224930,32.930676075164,-117.24107213896302,-24.541303936986942,164,159,0,13
1611352225057,32.93064693969977,-117.24106650636077,-24.5894742598997,167,161,10,11
1611352225143,32.93061793204214,-117.24106087934844,-24.631532219534197,170,162,10,11
1611352225264,32.93058905683322,-117.24105525400813,-24.673399479550664,173,164,10,11
1611352225354,32.930560343718,-117.24104963584124,-24.724853978269557,175,166,10,11
1611352225499,32.930531787016506,-117.24104403734535,-24.78585824692403,176,167,10,11
1611352225568,32.93050338940339,-117.24103845375497,-24.852525956554388,176,169,10,11
1611352225685,32.93047514267598,-117.2410328813529,-24.920302263065317,176,171,10,11
1611352225756,32.93044704159612,-117.2410273180174,-24.985288114511967,175,172,10,11
1611352225847,32.93041910706946,-117.24102176278134,-25.04715524705414,173,173,10,11
1611352226000,32.93039135281571,-117.24101620475759,-25.115449620001645,171,174,13,11
1611352226101,32.93036377330409,-117.24101065859162,-25.188478100448332,168,175,13,11
1611352226183,32.9303363712675,-117.24100512231992,-25.259477603771614,164,176,13,11
1611352226333,32.93030909389772,-117.24099958402715,-25.315599641398503,159,176,13,11
1611352226423,32.930281899997546,-117.24099404799347,-25.36763387643823,154,176,13,11
1611352226506,32.93025485997599,-117.24098851519223,-25.42729192631331,150,176,13,11
1611352226596,32.930227917211944,-117.24098294139566,-25.489126025868003,146,176,13,11
1611352226751,32.930201083875055,-117.24097732364002,-25.559152266117515,142,176,13,11
1611352226832,32.93017436502838,-117.2409716942196,-25.641239455865357,138,176,13,11
1611352226913,32.93014774360093,-117.24096603781078,-25.721006711204264,134,176,13,11
1611352226996,32.93012110676098,-117.24096034936926,-25.77769752712406,131,175,13,11
1611352227098,32.93009449599767,-117.24095456614481,-25.817280705810237,128,175,13,11
1611352227180,32.930067949531114,-117.24094872024462,-25.86464619338944,125,174,13,11
1611352227338,32.930041448035205,-117.24094283203996,-25.915440556317947,122,174,13,11
1611352227430,32.93001492271619,-117.24093695006368,-25.949049272907313,120,173,13,11
1611352227513,32.929988361651716,-117.24093106004229,-25.981543365886957,117,172,13,11
1611352227618,32.92996182418884,-117.2409252126533,-26.043692286908442,115,171,13,11
1611352227782,32.929855859066,-117.24090208185908,-26.190041254108834,107,168,13,11
1611352227913,32.929829371991026,-117.24089622456806,-26.22515308142267,106,167,13,11
1611352227994,32.929802800876345,-117.24089026541785,-26.249246062949204,104,166,13,11
1611352228139,32.92977623899427,-117.24088425597421,-26.267345885056645,103,166,13,11
1611352228220,32.9297497070319,-117.2408781825274,-26.303783546934014,102,165,13,11
1611352228324,32.92972316901057,-117.2408720393349,-26.329850783217815,100,164,13,11
1611352228436,32.92969656674628,-117.24086581051594,-26.328266736151804,99,163,13,11
1611352228575,32.92966991779787,-117.24085949702433,-26.327056075936223,98,162,13,11
1611352228655,32.929643212319355,-117.24085307453849,-26.34672649619461,97,161,13,11
1611352228736,32.92961657296181,-117.2408465523249,-26.380774008917857,96,160,13,11
1611352228886,32.929589922827724,-117.24083994831308,-26.412626904976026,95,160,13,11
1611352228989,32.929563183973364,-117.24083329882252,-26.424149841609236,95,159,13,11
1611352229070,32.9295364254089,-117.24082660987207,-26.437320739607,94,158,13,11
1611352229203,32.92950963906083,-117.24081990687819,-26.44622878862202,93,157,13,11
1611352229300,32.9294827111352,-117.24081317375314,-26.442342113360365,92,156,13,11
1611352229393,32.92945578077193,-117.24080642819824,-26.43048117393458,92,155,13,11
1611352229501,32.92942882462223,-117.24079965116975,-26.429170845202112,91,155,13,11
1611352229573,32.92940183991734,-117.24079284155249,-26.43286859968049,91,154,13,11
1611352229663,32.92937480088126,-117.24078598460714,-26.427505819050225,90,153,13,11
1611352229770,32.92934765474381,-117.24077909116097,-26.406829213858583,90,152,13,11
1611352229908,32.929320383274266,-117.2407721746278,-26.39962769042147,89,151,13,11
1611352230008,32.92929317921013,-117.24076524238272,-26.40349890180134,89,151,13,11
1611352230091,32.929265927891116,-117.24075827499274,-26.39503529737946,88,150,13,11
1611352230224,32.929238570851055,-117.24075122413461,-26.354980566954797,88,149,13,11
1611352230318,32.92921114742287,-117.24074411387862,-26.313615670790842,88,149,14,11
1611352230412,32.92918368913621,-117.24073694765667,-26.283727194278136,87,148,14,11
1611352230517,32.92915608313351,-117.24072973358663,-26.262040197722246,87,147,14,11
1611352230653,32.92912854398001,-117.2407225319865,-26.239433001389326,86,147,14,11
1611352230734,32.92910092769093,-117.24071527720044,-26.197219845044064,86,146,14,11
1611352230822,32.92907325409741,-117.24070798029275,-26.142657704464725,86,146,14,11
1611352230960,32.92904550395876,-117.24070064148545,-26.084583530746873,86,145,14,11
1611352231063,32.92901771157586,-117.24069329560027,-26.037050725428983,86,144,14,11
1611352231144,32.928989759004644,-117.24068590807119,-25.993019681382048,85,144,14,11
1611352231276,32.928961848474124,-117.24067853278105,-25.94954898736872,85,143,14,11
1611352231366,32.92893389483494,-117.24067115603228,-25.90882434310725,85,143,14,11
1611352231468,32.9289059271959,-117.24066374473595,-25.864917306899294,85,142,14,11
1611352231585,32.928877961305226,-117.24065623629146,-25.8178752515291,84,142,14,11
1611352231668,32.928850022119036,-117.24064866228021,-25.77233268581751,84,141,14,11
