1618182274300,32.8077272388026,-117.23639867824674,15.87433716653983,31,40,11,11
1618182274609,32.807738761201875,-117.23634663948918,15.79584799760391,31,40,11,11
1618182274741,32.807741637168725,-117.23633365201795,15.778833080172827,31,40,11,11
1618182274856,32.807744521626056,-117.23632066698254,15.761142520284098,31,40,11,11
1618182274980,32.807747361522374,-117.23630766891834,15.743335151569326,31,40,11,11
1618182275117,32.80775022993958,-117.23629468306574,15.72349308360637,31,40,11,11
1618182275231,32.807753091797046,-117.23628169462349,15.700327639357297,31,40,11,11
1618182275363,32.80775594507986,-117.23626869873263,15.677295306361708,31,41,11,11
1618182275595,32.80776732071913,-117.2362167455781,15.570021350610148,31,40,11,11
1618182275729,32.807770178392886,-117.23620378443344,15.546435147787516,31,40,11,11
1618182275864,32.807773042555645,-117.2361907844569,15.525002349478713,32,41,11,11
1618182275989,32.80777593353153,-117.23617781536159,15.505139173893815,33,42,11,11
1618182276103,32.807778714941996,-117.2361647470692,15.480634076067297,33,42,11,11
1618182276224,32.8077814655905,-117.23615167911542,15.450043586275934,34,43,11,11
1618182276357,32.8077842901141,-117.23613867827449,15.417337287660532,34,44,10,11
1618182276601,32.80779551301973,-117.23608651263308,15.318236058330271,35,44,9,11
1618182276778,32.807798320135184,-117.23607346694587,15.286384890647588,34,44,9,11
1618182276911,32.80780116657993,-117.23606046790596,15.24715886475119,34,44,9,11
1618182277036,32.80780400601403,-117.23604745547006,15.20346032109639,33,43,9,11
1618182277246,32.807815318616775,-117.23599560316762,15.049694167515444,31,42,9,11
1618182277360,32.80781813309382,-117.23598270288973,15.013375007145441,31,42,9,11
1618182277481,32.80782094523372,-117.23596981424225,14.975702671681306,31,42,9,11
1618182277629,32.807823759287885,-117.23595697867924,14.937376487560122,31,42,9,11
1618182277809,32.80782654452451,-117.23594417359692,14.895775690528406,31,42,9,11
1618182277939,32.807829320028574,-117.2359313785984,14.855408932710647,31,42,9,11
1618182278063,32.80783210303439,-117.23591863699991,14.817367863837163,31,42,11,11
1618182278250,32.80784313041705,-117.2358682055945,14.660075187434416,30,41,11,11
1618182278362,32.8078458322414,-117.23585570122998,14.621761138513213,30,41,11,11
1618182278534,32.80784853201189,-117.23584332565709,14.58163961744593,30,41,11,11
1618182278738,32.80785643699523,-117.23580663413885,14.463071077935913,31,42,10,11
1618182278828,32.80785902530252,-117.23579458526366,14.417607763629873,32,42,10,11
1618182278998,32.807861602205364,-117.23578258879576,14.368099796561788,32,42,10,11
1618182279111,32.807864193248825,-117.2357707103987,14.323151207374641,32,42,10,11
1618182279245,32.80786675218659,-117.23575888313584,14.27881305695102,32,42,10,11
1618182279358,32.807869294447165,-117.23574714752951,14.23429503829452,32,42,10,11
1618182279472,32.80787184136041,-117.23573546192642,14.191439712358514,32,42,10,11
1618182279731,32.80788203280692,-117.23568927384187,14.014000720341157,34,44,10,11
1618182279847,32.80788460376499,-117.23567786596911,13.97447303243303,35,45,10,11
1618182279997,32.80788710912741,-117.23566642731907,13.932976725738154,36,46,10,11
1618182280109,32.80788960041482,-117.23565502399256,13.888768065539393,37,46,10,11
1618182280245,32.80789212921629,-117.23564361206633,13.842554855711468,37,47,10,11
1618182280358,32.80789462074641,-117.23563232009226,13.791659528388063,38,47,10,11
1618182280474,32.807897143781474,-117.23562109456229,13.738978676698533,38,47,10,11
1618182280635,32.807904570132514,-117.23558764245315,13.592378188772809,37,47,10,11
1618182280765,32.807907014778934,-117.23557656785745,13.544206335753868,37,47,10,11
1618182280859,32.80790943266778,-117.2355657002851,13.495198196453023,37,47,10,11
1618182281007,32.80791181990046,-117.23555490966737,13.448423586869911,37,47,10,11
1618182281119,32.80791419502069,-117.23554422130167,13.410608711211971,37,47,10,11
1618182281255,32.807916504967814,-117.23553359969097,13.377125012112835,38,48,11,11
1618182281373,32.80791886953431,-117.23552305837424,13.345406067732572,38,48,11,11
1618182281486,32.80792126574409,-117.23551249363496,13.316867382084675,38,48,11,11
1618182281636,32.80792814582766,-117.23548136215041,13.212613906311669,39,49,11,11
1618182281760,32.80793041828248,-117.23547106725697,13.177633268476729,38,49,11,11
1618182281887,32.807932685593514,-117.23546084227922,13.139527116457007,39,49,10,11
1618182282002,32.80793494051918,-117.23545066390217,13.097343593301524,38,49,10,11
1618182282114,32.8079371877737,-117.23544048623098,13.056688376801274,37,48,10,11
1618182282248,32.8079394173643,-117.23543028503312,13.021466614132155,37,48,10,11
1618182282361,32.80794167318477,-117.2354200750384,12.988906376070087,37,48,10,11
1618182282473,32.80794396519085,-117.23540985556687,12.955560935313983,37,47,10,11
1618182282520,32.80794853977444,-117.23538943580606,12.873691649042685,36,47,10,11
1618182282662,32.80795083559462,-117.23537917074775,12.83528952448805,36,46,10,11
1618182282774,32.807953144096686,-117.23536885398656,12.803331068333062,35,46,10,11
1618182282875,32.80795544776232,-117.23535851480956,12.775730870476494,35,46,10,11
1618182283024,32.807957746280955,-117.23534821365276,12.742368268505032,35,45,10,11
1618182283138,32.807959998979086,-117.23533792633599,12.698953466033004,34,44,10,11
1618182283272,32.80796224194292,-117.23532766426345,12.661229402223466,33,44,10,11
1618182283387,32.80796448074002,-117.23531745748448,12.628732338140448,33,43,10,11
1618182283466,32.80796671434535,-117.23530732833599,12.594182432096726,33,43,10,11
1618182283638,32.80797321578621,-117.23527756994027,12.478782359181935,32,42,10,11
1618182283754,32.80797531083849,-117.23526784284887,12.439262024469809,32,42,10,11
1618182283877,32.807977381278754,-117.23525819130687,12.406211985284893,31,41,10,11
1618182283995,32.80797945367502,-117.2352486384045,12.37749799762898,31,41,10,11
1618182284122,32.80798152433252,-117.23523922755203,12.340796860674597,31,40,10,11
1618182284256,32.80798359053074,-117.23522987042125,12.304848094282892,30,40,10,11
1618182284370,32.80798558668685,-117.23522052899911,12.269148546501029,31,40,10,11
1618182284485,32.80798759236774,-117.23521120910677,12.240299563745742,30,40,10,11
1618182284659,32.80799362224173,-117.23518351549862,12.156792256703698,31,40,11,11
