1613158800814,32.88012527250811,-117.23497632747349,75.29863877224467,72,84,11,11
1613158800929,32.880125149833404,-117.23497193683673,75.29473220743674,74,85,11,11
1613158801044,32.880125039808604,-117.23496748344957,75.2856656152759,74,86,11,11
1613158801155,32.880124996095525,-117.23496314336705,75.28303849613181,75,86,10,11
1613158801267,32.88012468831029,-117.23495025135348,75.24991387091455,76,87,10,11
1613158801416,32.88012456221033,-117.2349460629998,75.23413311260786,76,87,10,11
1613158801550,32.88012446068686,-117.23494203103546,75.22076367074332,76,88,10,11
1613158801674,32.8801242965559,-117.23493797892999,75.20590863232013,76,88,11,11
1613158801790,32.88012429835743,-117.23493404663253,75.20109893535947,77,88,11,11
1613158801903,32.88012415231764,-117.23493001443757,75.1894184274062,77,89,11,11
1613158802015,32.880124125232435,-117.23492603749469,75.17901945052444,76,89,11,11
1613158802149,32.880123805901114,-117.23492216248493,75.16532469790086,76,89,11,11
1613158802389,32.88012345447077,-117.23490721715194,75.14464768630833,76,91,11,11
1613158802478,32.880123365025746,-117.23490359369644,75.13259212134503,76,91,11,11
1613158802700,32.88012316240717,-117.23489998421913,75.11973591695647,76,92,11,11
1613158802818,32.880122916699825,-117.2348963136544,75.10519324932724,75,91,13,11
1613158802931,32.88012267141623,-117.23489260842666,75.08859569883542,73,90,13,11
1613158803047,32.88012237885652,-117.23488894594256,75.06756940549549,71,90,13,11
1613158803315,32.88012183015521,-117.23487432123255,74.99530190014191,68,88,13,11
1613158803426,32.880121710257576,-117.23487051027993,74.97805826191255,67,88,12,11
1613158803560,32.88012163322989,-117.23486659427503,74.95980931748238,66,88,11,11
1613158803688,32.880121416499605,-117.23486258158397,74.93798200261907,66,88,11,11
1613158803811,32.880121201653175,-117.23485836843511,74.91305124951491,66,88,11,11
1613158803926,32.88012109255066,-117.23485405085235,74.89764155435992,66,88,11,11
1613158804038,32.88012092674814,-117.23484961909911,74.88262631708682,66,89,11,11
1613158804172,32.880120720013515,-117.23484499083735,74.86612586169896,66,89,11,11
1613158804400,32.880119634484046,-117.23482495349185,74.79503941478154,66,89,11,11
1613158804532,32.88011930482449,-117.23481967225841,74.77283111928993,67,89,11,11
1613158804708,32.88011894936677,-117.23481426773036,74.74722330759732,67,90,11,11
1613158804828,32.88011856585209,-117.23480872545844,74.70893890802624,66,89,11,11
1613158804940,32.88011818618126,-117.23480308732209,74.66164838072875,66,89,11,11
1613158805054,32.88011786523264,-117.23479733660378,74.62711099190986,66,89,12,11
1613158805279,32.88011628103694,-117.23477339416014,74.54611322551047,67,89,12,11
1613158805424,32.88011583697844,-117.23476723144466,74.52337601777201,67,89,12,11
1613158805558,32.88011542358543,-117.2347609741193,74.5072219325323,67,89,12,11
1613158805675,32.880115047794064,-117.23475464054464,74.48990090645381,67,89,12,11
1613158805785,32.88011462367774,-117.23474824446883,74.47407796532238,66,88,12,11
1613158805898,32.880114233440665,-117.23474178731324,74.46587507095046,65,88,12,11
1613158806012,32.88011372912857,-117.23473530079742,74.45849315974142,65,87,12,11
1613158806148,32.88011335385042,-117.23472880050124,74.44686346019431,64,87,11,11
1613158806409,32.880111837230594,-117.23470229412358,74.36246604183496,61,85,11,11
1613158806541,32.88011141504556,-117.23469548718647,74.35683985443345,61,85,11,11
1613158806714,32.880111109902884,-117.23468857604212,74.35978188305833,60,84,11,11
1613158806827,32.88011075437481,-117.23468166430075,74.35147286349873,60,84,11,11
1613158806943,32.880110289855246,-117.23467474233644,74.323594949858,59,84,11,11
1613158807025,32.880109794002664,-117.23466779838235,74.29507077708512,59,83,11,11
1613158807192,32.88010949428654,-117.23466067598363,74.26799252653927,58,83,11,11
1613158807278,32.88010838835328,-117.23463913661139,74.18789354009108,57,81,11,11
1613158807401,32.88010799142428,-117.23463187313384,74.1604140797472,57,81,11,11
1613158807501,32.88010763684807,-117.23462453863772,74.13633044814404,56,81,11,11
1613158807657,32.880107247547905,-117.23461715453783,74.11113969951249,57,81,11,11
1613158807787,32.88010694748241,-117.23460971229827,74.09093756996374,56,81,11,11
1613158807902,32.8801066055129,-117.23460224162223,74.07265954455696,57,81,11,11
1613158808014,32.880106273309515,-117.2345947072186,74.05525992037168,56,81,11,11
1613158808125,32.88010588782446,-117.23458715664141,74.03711807584928,57,81,11,11
1613158808268,32.88010554952838,-117.23457958392586,74.01591465977424,57,81,11,11
1613158808405,32.8801045764761,-117.23455653481791,73.97072467338562,56,80,12,11
1613158808510,32.880104257695386,-117.23454877947394,73.95700227543821,57,81,12,11
1613158808716,32.88010393869883,-117.2345409977201,73.94327375990767,57,81,12,11
1613158808832,32.88010363265782,-117.23453317487147,73.92557845948132,57,80,12,11
1613158808950,32.88010329018993,-117.23452529989225,73.90404429048544,56,80,12,11
1613158809064,32.88010289186003,-117.23451749001696,73.89130115897166,56,80,12,11
1613158809215,32.88010256261838,-117.23450961839728,73.8724611789434,56,79,12,11
1613158809418,32.88010107284194,-117.23447769105705,73.81271727367348,55,79,11,11
1613158809583,32.880100704939025,-117.23446964575591,73.79535105445329,56,79,11,11
1613158809698,32.88010032884356,-117.23446156102251,73.77954316388482,56,79,11,11
1613158809811,32.88009997242072,-117.23445350466267,73.76768691701677,55,79,11,11
1613158809927,32.88009958547285,-117.23444539004885,73.75311827971127,56,79,11,11
1613158810010,32.88009919450528,-117.23443726307299,73.73773760438571,56,79,11,11
1613158810177,32.88009878193639,-117.23442909247306,73.7205316460427,55,79,11,11
1613158810313,32.88009760256539,-117.23440448982129,73.67865708598698,56,79,11,11
1613158810417,32.880097110207686,-117.23439630512429,73.66708897020824,56,79,12,11
1613158810587,32.880096703860296,-117.23438805075973,73.65191901312706,56,79,12,11
1613158810764,32.88009627284842,-117.2343797705841,73.6347298190547,55,79,12,11
1613158810876,32.88009588333716,-117.23437157979035,73.62046044381135,55,79,12,11
