1616368788371,32.83900232293763,-117.23129259852777,6.8798795529232475,29,45,12,11
1616368788550,32.83900469272404,-117.23132126550516,6.952109971808714,29,45,12,11
1616368788743,32.83901452737773,-117.23143569594771,7.238932186557645,29,45,12,11
1616368788864,32.83901697320249,-117.23146426512987,7.3306043058924475,30,46,12,11
1616368789042,32.83901945927642,-117.23149282240428,7.422546910997073,30,46,12,11
1616368789176,32.83902193557611,-117.23152136073418,7.507941634753493,30,46,12,11
1616368789288,32.83902443142037,-117.23154990190473,7.603132451545559,29,46,12,11
1616368789410,32.839026961165,-117.23157853772922,7.685339578334952,29,46,12,11
1616368789523,32.839029475984695,-117.23160693677035,7.755025890148874,29,46,12,11
1616368789638,32.83903200374895,-117.23163535983016,7.853296424502194,29,46,12,11
1616368789743,32.83903962449187,-117.2317203265256,8.139128568913552,29,46,12,11
1616368789899,32.83904220297204,-117.2317486943885,8.242248487071132,29,47,12,11
1616368790012,32.83904482768261,-117.2317768273496,8.352999798643266,29,47,12,11
1616368790155,32.83904747952419,-117.2318048725751,8.447919036585583,30,48,12,11
1616368790272,32.83905013659672,-117.2318328384036,8.54033219619066,29,48,12,11
1616368790386,32.83905279698858,-117.23186065188472,8.619524000408306,30,48,12,11
1616368790555,32.83905548954399,-117.23188840137874,8.714319916549869,29,48,12,11
1616368790755,32.83906642430031,-117.23199856342589,9.119534720527213,28,47,12,11
1616368790957,32.83906924737791,-117.23202581754055,9.23108614457799,28,47,12,11
1616368791072,32.839072088049285,-117.23205292646335,9.33003655899602,28,47,12,11
1616368791210,32.83907492030601,-117.23208013779875,9.435505741381206,28,47,12,11
1616368791322,32.83907771405996,-117.23210699571536,9.536969145278116,28,47,12,11
1616368791438,32.839080497471365,-117.23213372767655,9.645604707402349,28,47,12,11
1616368791553,32.83908327885139,-117.23216035684399,9.76396879321253,27,47,12,11
1616368791657,32.83909142958171,-117.23223940521657,10.133775747505226,28,46,12,11
1616368791752,32.839094069535186,-117.23226547830933,10.254461385635913,28,46,12,11
1616368791954,32.839096665801215,-117.23229143425256,10.38223976487865,28,47,12,11
1616368792066,32.83909924401078,-117.23231724327496,10.5104555067629,28,47,12,11
1616368792208,32.83910179099282,-117.2323429165016,10.636093636433479,28,46,12,11
1616368792320,32.839104289084005,-117.23236843812266,10.756685844658191,28,46,12,11
1616368792563,32.83911384812378,-117.23246909184529,11.258038654841124,29,46,12,11
1616368792704,32.83911610611831,-117.23249380986216,11.365996258798162,29,47,12,11
1616368792862,32.83911832506972,-117.23251833594779,11.471983734059771,30,47,12,11
1616368793016,32.83912051377435,-117.23254264323887,11.575363588538137,31,48,12,11
1616368793132,32.83912266043995,-117.23256676452694,11.687509217390598,32,48,12,11
1616368793271,32.83912473097655,-117.23259071286344,11.805817912372898,32,49,12,11
1616368793386,32.839126727288985,-117.23261444338364,11.908917195286607,33,50,12,11
1616368793565,32.83913418595888,-117.23270742900014,12.264367132007616,36,52,12,11
1616368793729,32.83913590707808,-117.23273019782319,12.33383768298681,36,52,12,11
1616368793852,32.839137578658146,-117.2327528142826,12.406391533059043,36,53,12,11
1616368794008,32.83913919929893,-117.23277528081228,12.476653729766358,37,53,12,11
1616368794122,32.839140795052096,-117.2327976433,12.551932095576374,37,53,12,11
1616368794367,32.83914623311555,-117.23288604573834,12.76778928341409,37,54,12,11
1616368794488,32.83914737952439,-117.23290794088838,12.825219343469879,38,55,12,11
1616368794622,32.839148441553334,-117.23292979155013,12.884906318721317,38,55,12,11
1616368794797,32.83914942554529,-117.23295155304142,12.929203742467571,37,55,12,11
1616368794977,32.83915199298303,-117.23301639630854,13.02078771616817,36,55,12,11
1616368795109,32.839152724078666,-117.23303788650696,13.048175755974924,36,54,12,11
1616368795222,32.839153383709544,-117.23305929741582,13.067757469432788,35,54,12,11
1616368795302,32.839154002319,-117.23308066480612,13.092760825864293,33,52,12,11
1616368795451,32.839154521186295,-117.2331019228494,13.10916479529116,33,52,12,11
1616368795565,32.83915499919369,-117.23312304604501,13.119101991834764,32,51,12,11
1616368795744,32.83915542891239,-117.23314405314501,13.13206682099954,31,50,12,11
1616368795968,32.839156906954564,-117.23322646467753,13.151806503492843,30,49,12,11
1616368796105,32.839157231568294,-117.23324667861719,13.156564092452363,29,48,12,11
1616368796216,32.839157502288,-117.23326671299155,13.149288584258167,30,49,12,11
1616368796330,32.83915775993623,-117.23328665182532,13.147384649272782,30,49,12,11
1616368796501,32.83915800611887,-117.23330650585366,13.147207506541223,30,49,12,11
1616368796618,32.83915821139585,-117.23332624419841,13.132010741046052,31,49,12,11
1616368796752,32.839158365211986,-117.23334593065901,13.120793246014346,32,50,12,11
1616368796881,32.839158483820796,-117.23336549048481,13.095230582400578,33,51,12,11
1616368797002,32.839158616927485,-117.23338505997168,13.09641018975088,34,52,12,11
1616368797099,32.83915889486293,-117.23344383154802,13.146312359695807,36,54,12,11
1616368797225,32.839158877892544,-117.23346339291854,13.155288475446282,36,55,11,11
1616368797345,32.8391590276872,-117.23348289369939,13.14437956225908,36,55,10,11
1616368797469,32.83915902530705,-117.2335023768031,13.125211343624624,36,55,11,11
1616368797581,32.83915909280909,-117.23352183229915,13.099230226691962,37,56,11,11
1616368797723,32.839159110711506,-117.23354137367443,13.076233923957288,36,56,10,11
1616368797954,32.8391592336765,-117.23361927881899,12.979611841500484,33,53,10,11
1616368798094,32.83915928632867,-117.23363874282524,12.949005314378436,32,52,10,11
1616368798175,32.83915938370842,-117.23365833898593,12.922511405219847,33,53,10,11
1616368798322,32.83915948214665,-117.23367782364468,12.89096958621437,33,53,11,11
1616368798491,32.839159589483415,-117.23369731868104,12.859464848571179,33,54,11,11
