1620507253480,32.853504737152726,-117.06885626788731,212.77865291487853,37,50,15,14
1620507253670,32.853491086440926,-117.06888721148309,212.68066055477397,38,51,15,14
1620507253800,32.853477372538386,-117.06891810230977,212.57992447044697,40,52,11,11
1620507254033,32.85342193212176,-117.06904134442966,212.17883161178653,44,57,11,11
1620507254146,32.85340791726758,-117.06907204165431,212.07040205327039,45,58,11,11
1620507254260,32.853393848295354,-117.06910271368793,211.96141925910635,47,59,11,11
1620507254373,32.853379683627196,-117.06913342585445,211.8542750693942,47,60,11,11
1620507254597,32.85336549767505,-117.06916404880556,211.75005172805152,49,61,11,11
1620507254711,32.853351224943474,-117.06919460751763,211.6372266941451,50,63,11,11
1620507254965,32.85329355672206,-117.06931680617366,211.1953267296667,54,67,11,11
1620507255135,32.85327902253728,-117.06934722287788,211.07267178717893,55,69,11,11
1620507255260,32.85326443102994,-117.06937762144511,210.95515105115632,56,70,11,11
1620507255375,32.85324977277689,-117.06940798843792,210.8390163149552,57,71,11,11
1620507255537,32.85320544008841,-117.06949922142599,210.48122334493274,59,74,11,11
1620507255648,32.85319057306188,-117.06952949951666,210.3627261567173,60,75,11,11
1620507255779,32.85317566456597,-117.06955975128089,210.2384807142972,60,76,11,11
1620507255960,32.85316071417599,-117.06959000925823,210.11757383393615,60,77,11,11
1620507256070,32.85314570446395,-117.06962023847454,209.98953420466032,61,78,11,11
1620507256184,32.85313061256346,-117.06965038347992,209.8525993635372,61,79,11,11
1620507256304,32.85311533686618,-117.06968079809243,209.72434645935977,61,80,11,11
1620507256535,32.85305415664106,-117.06980102969062,209.1825718319631,63,83,11,11
1620507256648,32.853038723909044,-117.06983102227684,209.04746241797147,63,84,11,11
1620507256810,32.85302322512603,-117.06986099175481,208.90733876156094,63,85,11,11
1620507256921,32.85300768831059,-117.06989094808286,208.7708533612165,64,86,11,11
1620507257059,32.852992062546235,-117.06992085691347,208.6279321853857,64,87,11,11
1620507257226,32.85297637861957,-117.06995074620859,208.48850450508485,65,88,11,11
1620507257389,32.85291299232856,-117.07006998319943,207.93866635889347,66,91,11,11
1620507257537,32.85289701020144,-117.07009971582637,207.80132658607354,66,92,11,11
1620507257651,32.852880977334856,-117.0701294384631,207.6620041125083,66,92,11,11
1620507257778,32.85286487073666,-117.07015911738225,207.5278160990029,66,92,11,11
1620507258028,32.85284870997453,-117.07018879582596,207.39593132727973,65,93,11,11
1620507258145,32.85283248018175,-117.07021843896261,207.26040427338668,65,93,11,11
1620507258353,32.85276681659343,-117.07033653194449,206.71336201639522,66,95,11,11
1620507258447,32.85275016922299,-117.07036602322722,206.58038534332044,66,96,11,11
1620507258593,32.85273349916544,-117.07039539658082,206.44074485436775,66,96,11,11
1620507258703,32.85271676468619,-117.07042472440747,206.29778355620897,66,96,11,11
1620507259041,32.85264899758741,-117.07054191255665,205.7690823919942,67,99,11,11
1620507259155,32.85263188164349,-117.07057105706573,205.6349769043535,67,99,11,11
1620507259272,32.85261471752168,-117.07060016606546,205.50019495790298,67,100,11,11
1620507259411,32.852597451277084,-117.07062923151999,205.36900623362644,67,101,11,11
1620507259533,32.85258015578811,-117.0706582743431,205.2346698054594,68,101,11,11
1620507259647,32.85256281212138,-117.07068723741152,205.09701587914338,68,102,11,11
1620507259935,32.85249265460405,-117.07080303115785,204.5659036435704,69,104,11,11
1620507260052,32.85247501818966,-117.07083181971745,204.4382257523922,69,105,11,11
1620507260166,32.852457281201296,-117.07086057174698,204.30221763646017,69,105,11,11
1620507260288,32.85243939125665,-117.07088951920426,204.1564219221523,68,104,11,11
1620507260422,32.852421598309576,-117.07091811277401,204.01217596304832,67,104,11,11
1620507260512,32.85240374775904,-117.07094667779592,203.87436875864577,66,103,11,11
1620507260655,32.85238584535299,-117.07097523512529,203.74081691641243,65,103,11,11
1620507260768,32.85236784095421,-117.07100371039853,203.60779076782396,65,103,11,11
1620507260898,32.85234977563786,-117.07103212934388,203.47771470516528,64,101,11,11
1620507261049,32.852295204926904,-117.07111706748522,203.07368652475162,61,99,11,11
1620507261164,32.852276910562075,-117.07114530188237,202.9322025876259,60,97,11,11
1620507261287,32.85225859462794,-117.07117347943172,202.7905089135933,59,96,11,11
1620507261421,32.85224019344917,-117.07120161223743,202.65262557685637,58,95,11,11
1620507261512,32.85222175901343,-117.07122970317863,202.51699519851203,56,93,11,11
1620507261656,32.85220323077072,-117.07125775676045,202.38365974897488,56,93,11,11
1620507261858,32.85214732732382,-117.07134163699844,201.98510899765674,55,92,11,11
1620507261970,32.8521285506524,-117.07136949092532,201.86194496024086,56,92,11,11
1620507262084,32.85210971758818,-117.07139729951909,201.73683310635124,56,93,11,11
1620507262201,32.852090845574246,-117.07142506222029,201.61128512550366,56,93,11,11
1620507262323,32.8520719111549,-117.07145279784065,201.4870278068048,56,93,11,11
1620507262460,32.8520529328085,-117.07148043261591,201.35904792358517,56,93,11,11
1620507262639,32.852033903727225,-117.07150802894644,201.2292466538237,57,93,11,11
1620507262853,32.85195700461046,-117.07161777733886,200.70380213960613,57,93,11,11
1620507262966,32.851937623427354,-117.07164508734782,200.57838288459465,57,93,11,11
1620507263136,32.851918203846004,-117.07167229070453,200.43913434375938,57,93,11,11
1620507263253,32.851898648532504,-117.07169951100285,200.29290651225432,57,93,11,11
1620507263367,32.85187911934229,-117.07172658274337,200.1561946956374,57,93,11,11
1620507263501,32.85185949633824,-117.07175360364575,200.02851015381052,57,94,11,11
