1610061079196,32.810499412944324,-117.21871316290672,-20.90433268420303,79,122,15,11
1610061079303,32.810524903679266,-117.21873309229846,-20.93498022543193,79,122,15,11
1610061079379,32.810550445455064,-117.21875308583589,-20.97095593072025,79,121,15,11
1610061079460,32.810575900162966,-117.21877301106932,-21.004209069925963,79,121,15,11
1610061079586,32.810601336548274,-117.21879293150357,-21.03124995013471,79,121,15,11
1610061079686,32.81062676537013,-117.21881284440447,-21.054423516735046,79,122,15,11
1610061079806,32.81065214110127,-117.21883275627525,-21.075275231136732,79,122,15,11
1610061079893,32.81067751477844,-117.21885264606892,-21.088616895539573,79,122,15,11
1610061079974,32.81070295015575,-117.21887260313876,-21.095656644176977,79,121,15,11
1610061080043,32.810728267022775,-117.21889248435556,-21.10443661412984,79,121,15,11
1610061080201,32.81075353907219,-117.2189123594821,-21.11673158966532,79,121,15,11
1610061080295,32.810778794098894,-117.21893219394683,-21.127359227846675,79,122,15,11
1610061080453,32.8108040364831,-117.21895201528449,-21.13628814928627,79,122,15,11
1610061080534,32.81082925486799,-117.21897180930353,-21.146941292494578,79,122,15,11
1610061080656,32.81085452629736,-117.21899164210963,-21.160656334895563,79,121,15,11
1610061080749,32.81087969317445,-117.21901136993914,-21.179169250548735,79,121,15,11
1610061080861,32.810904818315926,-117.21903107975062,-21.193665872158856,79,121,15,11
1610061080945,32.81092992153208,-117.21905078515192,-21.19732504465822,79,121,15,11
1610061081028,32.81095498126999,-117.21907055808536,-21.192978627408284,79,122,15,11
1610061081177,32.81097997070382,-117.21909039919704,-21.197712804177794,79,122,15,11
1610061081258,32.811005028708266,-117.21911022041267,-21.22008150961816,79,121,15,11
1610061081350,32.81102999646425,-117.21912990937051,-21.243450731070034,79,121,15,11
1610061081452,32.81105491076212,-117.21914961725064,-21.25977303635973,79,121,15,11
1610061081530,32.81107982780117,-117.21916931947723,-21.262005918566793,79,121,15,11
1610061081654,32.8111047149407,-117.21918902468629,-21.263860946193006,79,122,15,11
1610061081753,32.81112955979301,-117.2192087500399,-21.27075845693935,79,122,15,11
1610061081897,32.81122885937555,-117.21928736788338,-21.34772072643542,79,121,15,11
1610061081986,32.81125359015637,-117.21930698542288,-21.361571264320478,79,122,15,11
1610061082102,32.811278308204,-117.21932660435637,-21.368023669464698,79,122,15,11
1610061082251,32.81130306025003,-117.21934629138893,-21.377973486391298,79,121,15,11
1610061082332,32.81132772455455,-117.21936589849325,-21.389211805194172,79,121,15,11
1610061082456,32.811352401300354,-117.21938544824339,-21.406897447285797,79,121,15,11
1610061082546,32.81137701868567,-117.21940494887778,-21.438934238195845,79,121,15,11
1610061082650,32.811401598240394,-117.21942446984349,-21.455780591345327,79,122,15,11
1610061082742,32.81142619065107,-117.219444041804,-21.451236661081214,79,122,15,11
1610061082827,32.81145081784588,-117.21946369442084,-21.453691068090773,79,121,15,11
1610061082973,32.81147532249775,-117.21948329777412,-21.470452090076456,79,121,15,11
1610061083073,32.811499845382635,-117.21950289159011,-21.48671643783125,79,121,15,11
1610061083165,32.81152439434807,-117.21952244208225,-21.510276159613216,79,121,15,11
1610061083265,32.81154890642869,-117.21954198156918,-21.541835996414004,79,122,15,11
1610061083344,32.811573429254,-117.21956152668277,-21.565541572579104,79,122,15,11
1610061083467,32.81159805045214,-117.21958116590658,-21.579660135844613,78,121,15,11
1610061083566,32.81162254962375,-117.21960073438655,-21.604476347130856,79,121,15,11
1610061083679,32.81164707260719,-117.21962029833688,-21.622413263458107,79,121,15,11
1610061083781,32.8116716696707,-117.21963980078414,-21.63058887812146,79,121,15,11
1610061083860,32.81169628741449,-117.21965928379038,-21.64583463253212,79,121,15,11
1610061083941,32.811720900100795,-117.21967880599307,-21.665359229942457,79,122,15,11
1610061084015,32.811745542375924,-117.21969845119966,-21.69249681780634,78,121,15,11
1610061084182,32.811770101903,-117.2197180595475,-21.713935812884046,78,121,15,11
1610061084336,32.81179466277198,-117.21973771524799,-21.718065946774967,79,121,15,11
1610061084417,32.811819248819916,-117.21975738890092,-21.714535748015567,79,121,15,11
1610061084544,32.811843879682385,-117.21977703150142,-21.71827366094991,79,121,15,11
1610061084634,32.81186849467291,-117.21979665076876,-21.736750788957703,79,122,15,11
1610061084742,32.811893203841905,-117.21981633602748,-21.749094350075257,78,121,15,11
1610061084836,32.81191785458167,-117.21983594270424,-21.756082623157596,78,121,15,11
1610061084934,32.811942539620944,-117.219855571326,-21.751035877575415,79,121,15,11
1610061085015,32.81196723174254,-117.21987520912923,-21.748304137610035,79,121,15,11
1610061085166,32.81199192650025,-117.21989476870539,-21.757108481728327,79,121,15,11
1610061085265,32.812016657474715,-117.21991427061681,-21.767318896468538,79,122,15,11
1610061085362,32.812041489733524,-117.21993376983832,-21.770794009275818,78,121,15,11
1610061085444,32.81206626722668,-117.21995316969453,-21.770145417520922,78,121,15,11
1610061085562,32.812091069383044,-117.21997253123281,-21.765081035966862,79,121,15,11
1610061085675,32.81211584560074,-117.21999181776536,-21.75485590642384,79,121,15,11
1610061085766,32.812140672260185,-117.22001110226364,-21.743425959051624,79,122,14,11
1610061085864,32.81216544529521,-117.22003033613507,-21.728552903304685,79,122,12,11
1610061085946,32.81219033095612,-117.22004964068468,-21.71325774360135,79,121,12,11
1610061086068,32.812215158132645,-117.22006888842299,-21.69168127413091,79,122,11,11
1610061086128,32.812289642962455,-117.22012628557768,-21.638661602909895,83,124,0,13
1610061086209,32.81231446584155,-117.22014536805358,-21.60972970399471,85,126,0,13
1610061086311,32.81233928603307,-117.22016442580029,-21.573851634670774,88,128,0,13
1610061086414,32.812364110141424,-117.2201834747003,-21.531829253861083,90,129,0,13
1610061086523,32.81238893653271,-117.22020249101868,-21.493749568537055,93,131,0,13
1610061086612,32.81241375754215,-117.22022146610978,-21.461742887799183,95,133,0,13
1610061086713,32.812438567866316,-117.22024040906477,-21.427715445684367,98,135,0,13
1610061086871,32.81246338383296,-117.22025931536372,-21.38469357169086,101,136,0,13
1610061086955,32.8124882041957,-117.22027818626434,-21.331130526705028,104,138,0,13
1610061087048,32.812513033998634,-117.22029703308267,-21.26967860902381,107,140,0,13
1610061087142,32.81253785923992,-117.22031586101471,-21.209363896709387,110,142,0,13
1610061087253,32.812562683963456,-117.22033464821733,-21.153499403939637,113,144,0,13
1610061087347,32.812587534836844,-117.22035339913738,-21.09128222093661,116,146,0,13
1610061087458,32.81261239794652,-117.22037210361525,-21.03246876671995,119,148,0,13
1610061087574,32.812637283605454,-117.22039078242146,-20.96950177400554,122,149,0,13
1610061087664,32.81266217187927,-117.22040943579779,-20.90766040061288,126,151,0,13
1610061087761,32.812687069623,-117.22042808046164,-20.839301256949742,129,153,0,13
1610061087928,32.81271196839236,-117.22044669889658,-20.770243976023586,133,155,0,13
1610061088014,32.81273689568923,-117.22046530455566,-20.690016623295737,136,157,0,13
1610061088123,32.81276182518975,-117.2204838832789,-20.612812914805623,140,159,0,13
1610061088279,32.81278676288396,-117.22050245326608,-20.53281650473314,143,161,0,13
1610061088367,32.81281171610774,-117.22052100123051,-20.449696225467157,147,163,0,13
1610061088508,32.812836686480296,-117.2205395349519,-20.36223749583291,151,165,0,13
1610061088607,32.81286166527967,-117.22055805650938,-20.273961851268897,155,168,0,13
1610061088730,32.81288660801762,-117.2205764563586,-20.183153460940414,156,169,15,11
1610061088813,32.81291152659576,-117.22059487073953,-20.089047013710825,157,171,15,11
1610061088896,32.81293644813846,-117.22061327516822,-19.992542167354802,155,172,15,11
1610061089055,32.812961294261136,-117.22063155185788,-19.900573784364404,153,173,15,11
1610061089161,32.812986107924125,-117.22064976545937,-19.807329304062684,150,173,15,11
1610061089270,32.813010963748475,-117.22066796616944,-19.70320524583839,147,174,15,11
