1611883692206,32.8722569021123,-117.22905487495315,53.48458813012258,82,124,15,11
1611883692277,32.87225349574242,-117.2290717404458,53.46484468462484,82,124,15,11
1611883692419,32.87225013809543,-117.22908850927396,53.446605447682806,82,124,15,11
1611883692509,32.87224678557661,-117.22910512563053,53.42769794789637,82,124,15,11
1611883692596,32.872243472729274,-117.22912161495854,53.41060510306485,82,124,15,11
1611883692727,32.8722401591489,-117.22913796177636,53.39754004251876,82,123,15,11
1611883692872,32.872236872773584,-117.22915417122043,53.38530013070132,82,123,15,11
1611883692958,32.87223359226546,-117.2291702103003,53.37010614365646,82,123,15,11
1611883693097,32.87223032951905,-117.22918609328842,53.35447626698577,82,123,15,11
1611883693178,32.872227104010264,-117.22920184239037,53.34024810160988,82,123,15,11
1611883693270,32.87222388458544,-117.22921746539717,53.32634980654702,82,123,15,11
1611883693356,32.87222067401048,-117.22923300211747,53.31253838934091,82,123,15,11
1611883693499,32.87221748252084,-117.22924844507999,53.294529553499174,81,123,15,11
1611883693589,32.87221428804612,-117.22926376875594,53.27485046145939,81,123,15,11
1611883693670,32.87221108554654,-117.22927903598757,53.26503164261635,81,122,15,11
1611883693773,32.87220787442634,-117.22929423829311,53.26195522676377,81,122,15,11
1611883693924,32.8722046772674,-117.2293093824604,53.26038847678301,81,122,15,11
1611883694013,32.872201470317215,-117.22932446452607,53.25964573333293,81,122,15,11
1611883694103,32.87219827335883,-117.2293394743178,53.253493131232254,81,122,15,11
1611883694247,32.87219509380297,-117.2293544021422,53.245559312489235,81,122,15,11
1611883694356,32.87219189400049,-117.22936930860872,53.24413936902291,81,122,15,11
1611883694428,32.872188699447314,-117.22938415274676,53.24530262239122,81,122,15,11
1611883694572,32.87218550106614,-117.22939891224466,53.24051050182069,81,122,15,11
1611883694662,32.87218231567141,-117.22941363133728,53.235222256055145,81,122,15,11
1611883694746,32.87217914468727,-117.2294283227034,53.232328175066165,80,122,15,11
1611883694851,32.872175994299205,-117.22944293510325,53.224636928236514,80,122,15,11
1611883695001,32.87217285567643,-117.22945751618677,53.217522626061005,80,122,15,11
1611883695082,32.872169712214735,-117.22947204197837,53.20975529280513,80,122,15,11
1611883695226,32.87216657119758,-117.22948651866795,53.19984127721122,80,122,15,11
1611883695302,32.872163426832316,-117.22950092775201,53.18889099222304,80,122,15,11
1611883695397,32.87216030084493,-117.2295152723509,53.1775338149282,80,121,15,11
1611883695481,32.872157208913194,-117.22952946973994,53.16544308823878,80,121,15,11
1611883695623,32.87215416506149,-117.22954353678897,53.15113166573372,80,121,15,11
1611883695715,32.87215116898108,-117.22955745638626,53.13725522554609,80,121,15,11
1611883695793,32.87214815614987,-117.22957120449485,53.125068900241,80,121,15,11
1611883695904,32.872145208165236,-117.22958475135988,53.10702181494688,80,121,15,11
1611883696052,32.87214227572455,-117.22959810847829,53.08589599046995,80,121,15,11
1611883696139,32.8721394177192,-117.22961129032271,53.07186799515069,80,121,15,11
1611883696232,32.872136623575656,-117.2296243079642,53.06273636527418,80,121,15,11
1611883696313,32.872133859834534,-117.22963714361074,53.05307023076841,81,121,15,11
1611883696406,32.87213112296448,-117.22964982527279,53.04694369878569,81,121,15,11
1611883696488,32.87212844274533,-117.22966238049973,53.03888884124348,81,121,15,11
1611883696630,32.87212581953658,-117.22967481925791,53.02771582664411,81,121,15,11
1611883696720,32.872123234948056,-117.2296871481382,53.012588556032696,81,121,15,11
1611883696806,32.872120687446916,-117.229699372412,52.9967750898855,82,121,15,11
1611883696911,32.87211818356684,-117.22971149799959,52.9812820573861,82,121,15,11
1611883697060,32.872115693005824,-117.22972353651733,52.96753819287487,82,121,15,11
1611883697139,32.87211323499748,-117.22973548674825,52.9545624497042,82,121,15,11
1611883697280,32.872110804815264,-117.22974735145753,52.93964099544966,82,121,15,11
1611883697358,32.87210839947881,-117.22975913104933,52.919968362431376,82,121,15,11
1611883697496,32.87209894040691,-117.22980546044786,52.83763215231324,83,122,15,11
1611883697582,32.872096620835705,-117.22981685185195,52.81527288822517,83,121,15,11
1611883697698,32.87209431658757,-117.22982816835822,52.794608869494695,83,121,15,11
1611883697790,32.87209201741914,-117.22983942344797,52.776219051638456,84,121,15,11
1611883697914,32.87208973850605,-117.22985060800123,52.75783830325518,84,122,15,11
1611883698030,32.872087470648864,-117.22986173504403,52.740344205002465,84,122,15,11
1611883698113,32.87208520624621,-117.22987279957171,52.72051172688396,84,122,15,11
1611883698216,32.87208295716005,-117.22988381024471,52.702973471248825,84,122,15,11
1611883698287,32.8720807312308,-117.22989478385871,52.687057757734316,84,122,15,11
1611883698427,32.872078503151904,-117.22990570052345,52.67168531754012,84,122,15,11
1611883698520,32.872076298190045,-117.2299165832276,52.65631110654004,84,122,15,11
1611883698613,32.872074097615496,-117.22992741701235,52.639755605527895,84,122,15,11
1611883698770,32.87207191718341,-117.22993819699938,52.621206390030856,83,122,15,11
1611883698906,32.87206973469255,-117.22994894342553,52.600628295006686,83,122,15,11
1611883698990,32.87206755194418,-117.22995960686924,52.579193248310084,83,122,15,11
1611883699130,32.87206539422061,-117.22997024931418,52.55862544769784,83,122,14,11
1611883699216,32.87206324405347,-117.22998084536269,52.53960535732781,83,122,14,11
1611883699337,32.87206110449642,-117.22999140296076,52.522546408094506,83,122,14,11
1611883699418,32.87205898870868,-117.23000190002503,52.505329149974685,83,122,13,11
1611883699558,32.87205685448367,-117.23001239964344,52.48630924329663,83,122,12,11
1611883699639,32.87205473418543,-117.23002282807857,52.46399581483178,83,122,12,11
1611883699732,32.872052634914574,-117.23003321760639,52.440948538731185,83,122,12,11
1611883699835,32.87205053314512,-117.23004355781718,52.417549632339494,83,122,12,11
1611883699959,32.872048441441464,-117.23005387036868,52.396621783225974,83,122,12,11
1611883700071,32.87204636086946,-117.23006415701776,52.374075788336484,83,122,14,11
1611883700153,32.87204427625935,-117.23007437904408,52.3511406040737,83,122,14,11
1611883700258,32.87204221273413,-117.23008450817252,52.32880713104052,83,122,14,11
1611883700352,32.87204014567389,-117.23009458710754,52.30463918233684,83,122,13,11
1611883700469,32.87203805616114,-117.23010458239357,52.284838102068605,83,122,13,11
1611883700598,32.87203598812987,-117.23011460394251,52.265130254025216,83,122,12,11
1611883700726,32.87203392074936,-117.23012459949514,52.24564285209182,83,122,12,11
1611883700805,32.872031848120734,-117.23013463116398,52.22343912651188,83,122,11,11
1611883701028,32.87202366281015,-117.23017411283729,52.11250188422892,83,122,12,11
1611883701110,32.87202162248296,-117.23018401254035,52.084714617936356,83,122,11,11
1611883701202,32.872019561219616,-117.23019393660321,52.05770108929806,83,122,11,11
1611883701298,32.87201751853249,-117.2302038293647,52.02905821041341,83,122,11,11
1611883701405,32.872015514631116,-117.23021373542889,52.00063886694551,84,122,11,11
1611883701511,32.87201350547268,-117.230223652003,51.97167486980176,84,122,11,11
1611883701592,32.87201149140234,-117.23023357786924,51.94015135045368,84,122,11,11
1611883701700,32.87200948157409,-117.23024352534604,51.91177199425295,84,122,11,11
1611883701801,32.8720074690599,-117.23025350239115,51.88032922322773,84,122,10,11
1611883701895,32.87200541967546,-117.2302635087592,51.84092872982681,84,122,9,11
1611883702031,32.87200329043727,-117.23027356526107,51.80003727763737,84,122,9,11
1611883702118,32.87200122579955,-117.23028359196813,51.7642557923889,87,124,0,13
1611883702233,32.87199918079168,-117.23029366657389,51.72973245049819,89,126,0,13
1611883702317,32.87199692233775,-117.2303038615015,51.6775250059119,89,126,14,11
