1612658063359,32.875104077236664,-117.21434225287878,75.46676765520328,35,60,15,11
1612658063525,32.8751040641343,-117.21434227554774,75.47030670577561,36,61,15,11
1612658063658,32.87510405404481,-117.2143422822453,75.46964047713766,36,61,15,11
1612658063781,32.87510405198703,-117.2143422879057,75.47023166842045,36,61,15,11
1612658063901,32.875104044941594,-117.21434229864948,75.47085000608756,36,61,15,11
1612658064017,32.87510404043731,-117.21434230975134,75.47169731080875,36,61,15,11
1612658064158,32.875104042834494,-117.21434230054851,75.47242471082585,36,62,15,11
1612658064323,32.875104026006035,-117.21434233426075,75.47526417657294,37,62,15,11
1612658064440,32.87510401313997,-117.21434234720485,75.47654746683038,37,62,15,11
1612658064616,32.87510402018946,-117.21434234247857,75.47681272972216,37,62,15,11
1612658064751,32.87510400871512,-117.21434234590664,75.47887805923195,37,63,15,11
1612658064864,32.87510399781477,-117.21434236015294,75.48034270528056,37,63,15,11
1612658064988,32.87510400418481,-117.21434236326317,75.48126934451153,38,63,15,11
1612658065185,32.8751039858775,-117.21434238517419,75.48497289181377,38,65,15,11
1612658065337,32.87510397661371,-117.21434240474161,75.48593971301788,38,65,15,11
1612658065450,32.8751039799043,-117.21434238330919,75.48494533996598,38,65,15,11
1612658065567,32.875103973237806,-117.21434238956253,75.48477636039254,38,65,15,11
1612658065768,32.87510396024469,-117.21434241261767,75.48654219659392,38,64,15,11
1612658065881,32.87510394922489,-117.21434241938145,75.48573815196231,38,64,15,11
1612658066157,32.8751039202516,-117.21434242672377,75.48568222612,38,64,15,11
1612658066244,32.875103907400266,-117.21434241437366,75.48591604830307,38,64,15,11
1612658066457,32.87510389911889,-117.21434242402512,75.48662105850869,38,64,15,11
1612658066633,32.875103890232744,-117.21434242641618,75.48740355492174,38,65,15,11
1612658066818,32.875103849455236,-117.21434242673065,75.48726446443872,38,65,15,11
1612658066931,32.875103841837955,-117.21434243150665,75.48664823976813,38,65,15,11
1612658067082,32.875103836919045,-117.21434243853562,75.48581603082886,38,65,15,11
1612658067249,32.875103821168736,-117.21434244238117,75.48510235909714,38,65,15,11
1612658067342,32.87510381728921,-117.21434245164063,75.48384577819533,38,64,15,11
1612658067606,32.87510377889703,-117.21434245685616,75.48147219934229,37,64,15,11
1612658067750,32.875103769338544,-117.21434245996335,75.48086901108181,37,64,15,11
1612658067875,32.87510376415796,-117.21434246241633,75.48012772764683,37,64,15,11
1612658067987,32.87510374922671,-117.21434246192794,75.48062511148972,37,64,15,11
1612658068129,32.875103746773235,-117.21434245992778,75.47998821024667,37,64,15,11
1612658068429,32.87510372351439,-117.2143424604472,75.47843088146655,37,64,15,11
1612658068510,32.875103709826824,-117.21434245625876,75.4769663991475,37,63,15,11
1612658068707,32.87510370487223,-117.21434246504369,75.47665478154664,37,63,15,11
1612658068853,32.87510370387536,-117.21434246631945,75.47517039945419,36,63,15,11
1612658068965,32.875103706654734,-117.21434247214022,75.4750656914277,36,62,15,11
1612658069190,32.8751036922226,-117.21434246459866,75.47395578256754,36,62,15,11
1612658069341,32.875103691591114,-117.21434246149717,75.474580244835,36,63,15,11
1612658069457,32.87510367764464,-117.21434246654101,75.47447117846839,36,63,15,11
1612658069633,32.875103675661855,-117.21434245178439,75.47420263939064,37,63,15,11
1612658069769,32.87510366402907,-117.21434246989433,75.47537553991982,37,63,15,11
1612658069881,32.87510365418621,-117.21434246490058,75.47622304177564,37,63,15,11
1612658070005,32.87510366045322,-117.21434246161813,75.47638969604802,37,63,15,11
1612658070225,32.87510365801515,-117.21434247334315,75.48053520063662,38,64,15,11
1612658070526,32.875103649874426,-117.21434247431256,75.48186144034179,38,65,15,11
1612658070635,32.875103653244274,-117.2143424627286,75.48139713769083,38,65,15,11
1612658070782,32.875103640487126,-117.21434248380865,75.4828993172945,38,65,15,11
1612658070895,32.87510363658813,-117.21434248895301,75.48383077907214,38,65,15,11
1612658071011,32.87510364603926,-117.21434248649788,75.48351533600881,38,65,15,11
1612658071153,32.87510362485843,-117.21434248782607,75.48421267245548,38,65,15,11
1612658071290,32.8751036375911,-117.21434247866293,75.4823939134673,38,65,15,11
1612658071484,32.87510361195928,-117.21434251457353,75.48101109800837,36,62,15,11
1612658071654,32.87510361144141,-117.2143425127891,75.48055757806365,35,62,15,11
1612658071766,32.87510361519997,-117.21434251550606,75.47891532324104,35,61,15,11
1612658071879,32.87510361774867,-117.21434251134386,75.47879124060209,35,61,15,11
1612658071990,32.87510362551118,-117.21434251861581,75.47814494358363,34,60,15,11
1612658072167,32.875103618663736,-117.21434250371209,75.47734381066853,34,60,15,11
1612658072334,32.875103624240836,-117.2143425273944,75.4793947616897,34,59,15,11
1612658072512,32.87510362158924,-117.21434252939761,75.48010676430638,34,59,15,11
1612658072625,32.87510362400738,-117.214342523853,75.48045313449437,34,59,15,11
1612658072760,32.87510362689504,-117.2143425171893,75.48168796267316,34,59,15,11
1612658072875,32.87510362195718,-117.21434250761088,75.48161443904043,34,60,15,11
1612658072986,32.87510363064274,-117.21434252400554,75.48272692211565,34,60,15,11
1612658073130,32.87510363762159,-117.21434252524655,75.48677343538388,35,60,15,11
1612658073219,32.875103638525104,-117.21434252883233,75.48875589298267,35,60,15,11
1612658073367,32.87510363795596,-117.21434250966051,75.48872141591619,35,60,15,11
1612658073446,32.8751036420925,-117.21434251628568,75.49065804829198,35,60,15,11
