1616282687970,32.81525453666193,-117.27036883515838,-8.511875301772223,38,55,10,11
1616282688086,32.815260377176116,-117.27037277265917,-8.499001353894965,38,55,11,11
1616282688186,32.81526610973143,-117.27037666327602,-8.49129728416962,38,54,11,11
1616282688455,32.8152881514488,-117.27039158600115,-8.472772506405054,39,55,10,11
1616282688632,32.81529342128023,-117.27039522093865,-8.467230345779733,40,56,10,11
1616282688747,32.8152986098362,-117.27039879638934,-8.46190732798575,39,55,10,11
1616282688874,32.81530375200432,-117.27040228890155,-8.453285052827482,40,56,10,11
1616282688992,32.815308809591414,-117.27040572913532,-8.446947539945839,40,56,10,11
1616282689102,32.815313807287865,-117.27040918160685,-8.439659406308662,39,55,10,11
1616282689351,32.8153329661911,-117.27042246505926,-8.437628646935938,38,55,10,11
1616282689463,32.81533760405754,-117.27042563214074,-8.441780142266149,38,55,10,11
1616282689640,32.815342199954856,-117.27042879787138,-8.439733444516635,38,55,10,11
1616282689761,32.81534668557662,-117.27043189376796,-8.43580770371732,37,55,10,11
1616282689874,32.815351153841036,-117.27043483930672,-8.436546748130079,37,55,10,11
1616282690058,32.81535552533124,-117.27043777861773,-8.430653255257894,36,54,10,11
1616282690252,32.81537160358673,-117.27044869739292,-8.422393447453281,37,55,10,11
1616282690331,32.815375399357926,-117.27045119069464,-8.42714792538564,38,55,10,11
1616282690478,32.815379077756816,-117.2704536381297,-8.431736763373182,38,55,10,11
1616282690653,32.815382631684024,-117.27045609557901,-8.427366245820275,39,56,10,11
1616282690781,32.81538606985989,-117.27045853183687,-8.418095884885902,39,56,10,11
1616282690896,32.8153894143734,-117.27046086444672,-8.41639443137807,40,56,10,11
1616282691018,32.8153926889743,-117.27046310308374,-8.416326005146365,40,56,10,11
1616282691245,32.8154049812945,-117.2704715240979,-8.420618489536242,36,53,10,11
1616282691358,32.81540785909076,-117.27047356006997,-8.423684721699955,36,53,10,11
1616282691474,32.81541070865832,-117.27047546909819,-8.41958959333018,35,52,10,11
1616282691657,32.815413512524245,-117.27047730549957,-8.418590199225312,35,52,10,11
1616282691773,32.815416295619045,-117.27047913816601,-8.417713784827836,35,52,9,11
1616282691885,32.81541894547896,-117.27048096408426,-8.413072016979251,34,52,9,11
1616282692132,32.81542923334876,-117.27048755633105,-8.403350356417803,34,52,9,11
1616282692277,32.815431701151944,-117.27048914631035,-8.399736206436085,34,52,8,11
1616282692359,32.815434129113896,-117.27049066080343,-8.395076339502355,34,52,8,11
1616282692550,32.8154365300813,-117.27049208935615,-8.394514551446965,34,52,8,11
1616282692690,32.815438916997174,-117.27049349567403,-8.395293735862484,34,52,8,11
1616282692802,32.81544127878614,-117.27049492122322,-8.394066747580895,33,52,8,11
1616282692914,32.81544366350943,-117.27049634186918,-8.388807910993684,33,52,8,11
1616282693007,32.81544609374353,-117.27049776428743,-8.388740148324622,33,53,8,11
1616282693247,32.81545643866584,-117.27050358033351,-8.384062730149642,33,53,8,11
1616282693334,32.815459252099664,-117.27050510997785,-8.382826999643658,33,53,8,11
1616282693521,32.81546215803483,-117.27050662911928,-8.376781377900757,33,53,9,11
1616282693657,32.815465227904916,-117.27050816524806,-8.37027887152096,33,53,9,11
1616282693769,32.815468405831204,-117.27050969404216,-8.369437504463749,33,53,9,11
1616282693882,32.8154717022551,-117.27051124671307,-8.368552251657094,34,54,9,11
1616282694173,32.81548622531023,-117.27051748105576,-8.327681872197756,35,54,9,11
1616282694295,32.815490210176506,-117.27051896264818,-8.322080348924676,36,55,9,11
1616282694381,32.815494328713385,-117.27052041707067,-8.323562548465853,36,55,9,11
1616282694560,32.81549862477019,-117.27052179185085,-8.324116706794547,37,55,9,11
1616282694713,32.815503059637116,-117.27052316895963,-8.321416867247017,37,56,9,11
1616282694831,32.81550763790594,-117.27052450011804,-8.318936679102103,37,56,9,11
1616282694941,32.815512350964866,-117.27052575485004,-8.320305543636657,37,56,9,11
1616282695032,32.815517204827394,-117.27052698265985,-8.315709151594836,37,55,9,11
1616282695250,32.815537727076624,-117.27053176387811,-8.296966353117863,37,54,9,11
1616282695331,32.81554311738883,-117.27053306652186,-8.282841148626687,37,54,9,11
1616282695523,32.81554859541142,-117.27053438591037,-8.267889747549797,37,54,9,11
1616282695661,32.81555417226901,-117.27053570226948,-8.250845959631002,38,54,9,11
1616282695773,32.81555983144789,-117.27053707449252,-8.231099233532495,38,54,9,11
1616282695891,32.815565526533156,-117.27053859795153,-8.219820986451161,38,54,9,11
1616282696010,32.81558296714453,-117.27054373253003,-8.197034054738433,40,55,9,11
1616282696209,32.81558885381741,-117.270545706553,-8.18758144308767,40,55,9,11
1616282696323,32.815594769816634,-117.27054781886261,-8.174608432922405,41,56,9,11
1616282696435,32.81560071350194,-117.27055003941126,-8.160591366670154,40,56,9,11
1616282696591,32.81560665496499,-117.27055237690234,-8.149765255779739,39,55,9,11
1616282696694,32.81561259088859,-117.27055482939643,-8.138481139711681,39,55,9,11
1616282696838,32.815618504685766,-117.27055750880601,-8.126496527992684,39,55,9,11
1616282696950,32.81562441225554,-117.27056030884499,-8.123283221455747,39,55,9,11
1616282697144,32.81564756112337,-117.27057378384401,-8.06987236897449,39,55,9,11
1616282697288,32.81565316101097,-117.27057773800392,-8.06006110949211,39,55,9,11
1616282697403,32.8156586687648,-117.27058196142102,-8.048123428749111,39,55,9,11
1616282697528,32.815664080913784,-117.27058640749212,-8.033009642576738,39,55,9,11
1616282697702,32.8156694247269,-117.2705910096303,-8.018939298401989,38,54,9,11
1616282697813,32.815674731751116,-117.27059574448988,-8.007789871713847,38,54,9,11
1616282698003,32.815695275812274,-117.27061574981525,-7.96544926162793,37,53,9,11
1616282698199,32.81570036190405,-117.27062085166358,-7.9544964991512845,36,52,9,11
