1610060507710,32.75025720424746,-117.24282594821506,-23.9523481934743,77,121,15,11
1610060507800,32.75025720843927,-117.24282594349988,-23.953601773586264,77,121,15,11
1610060507930,32.75025721082662,-117.24282593819136,-23.95505740345819,77,121,15,11
1610060508014,32.750257213821776,-117.24282592843326,-23.956562901423506,77,121,15,11
1610060508194,32.75025722853953,-117.24282590350526,-23.962431907390993,77,121,15,11
1610060508275,32.750257233220466,-117.24282589787482,-23.963862076296838,77,121,15,11
1610060508451,32.750257238062446,-117.24282589387205,-23.965291107472517,77,121,15,11
1610060508541,32.75025723928209,-117.24282588290342,-23.96645168847839,77,121,15,11
1610060508640,32.75025724139938,-117.24282587764115,-23.967801576042774,77,121,15,11
1610060508727,32.750257240906194,-117.24282586702891,-23.969539763719208,77,121,15,11
1610060508808,32.75025724033574,-117.24282585293498,-23.97134100670301,77,121,15,11
1610060508900,32.75025724007133,-117.2428258413898,-23.97284638841047,77,121,15,11
1610060508995,32.7502572446789,-117.24282583219555,-23.974354077187243,77,121,15,11
1610060509145,32.750257242561304,-117.24282581795713,-23.976144492799378,77,121,15,11
1610060509227,32.75025724941117,-117.2428258185051,-23.97807112508982,77,121,15,11
1610060509296,32.75025725343311,-117.24282580508412,-23.979657913168708,77,121,15,11
1610060509478,32.75025726041093,-117.2428257908373,-23.981294191139114,77,121,15,11
1610060509570,32.750257255320946,-117.24282578777259,-23.982572076787925,77,121,15,11
1610060509651,32.75025725862024,-117.24282577508625,-23.984573253980493,77,121,15,11
1610060509735,32.75025726623469,-117.2428257647476,-23.98624787699051,77,121,15,11
1610060509818,32.750257263259684,-117.2428257562196,-23.98749007324872,77,121,15,11
1610060509911,32.750257267907244,-117.24282574506184,-23.98921493273726,77,121,15,11
1610060509994,32.750257267775574,-117.24282573589342,-23.99042984199255,77,121,15,11
1610060510216,32.75025727317859,-117.24282572653745,-23.992210444786732,77,121,15,11
1610060510303,32.750257274392006,-117.24282571670396,-23.99376127550529,77,121,15,11
1610060510373,32.750257275973254,-117.24282570540223,-23.994935043057136,77,121,15,11
1610060510547,32.75025727743395,-117.2428256991606,-23.996446896552364,77,121,15,11
1610060510636,32.75025728037113,-117.24282568481348,-23.998039913206856,77,121,15,11
1610060510732,32.75025727642255,-117.24282567368414,-23.99886180957215,77,121,15,11
1610060510818,32.75025727802751,-117.2428256626069,-24.000766922435087,77,121,15,11
1610060510899,32.750257281112944,-117.24282565753269,-24.001988998736607,77,121,15,11
1610060510991,32.75025727589783,-117.24282564700079,-24.00319985077594,77,121,15,11
1610060511152,32.750257275027536,-117.24282563545786,-24.004759996471417,77,121,15,11
1610060511232,32.75025727951162,-117.24282562527192,-24.005983116714575,77,121,15,11
1610060511315,32.750257284620176,-117.24282561435356,-24.00769355244509,77,121,15,11
1610060511384,32.75025728876248,-117.24282560642477,-24.009367424454044,77,121,15,11
1610060511559,32.75025728295637,-117.24282560304378,-24.010349205602587,77,121,15,11
1610060511662,32.7502572863193,-117.24282559307292,-24.01229739651675,77,121,15,11
1610060511743,32.75025729403046,-117.24282558741584,-24.014080538589987,77,121,15,11
1610060511825,32.75025729522904,-117.24282558074884,-24.015352414122553,77,121,15,11
1610060511912,32.7502572900451,-117.24282557270926,-24.016525339349734,77,121,15,11
1610060512016,32.750257294210776,-117.24282556764157,-24.018050439141657,77,121,15,11
1610060512166,32.75025729273006,-117.2428255547307,-24.01935278314889,77,121,15,11
1610060512305,32.75025729194357,-117.24282554873655,-24.020890636266113,77,121,15,11
1610060512389,32.750257289011834,-117.24282554370673,-24.022071536705937,77,121,15,11
1610060512461,32.75025728791471,-117.24282553724888,-24.02325723758312,77,121,15,11
1610060512624,32.75025728634974,-117.24282553233303,-24.024559607836153,77,121,15,11
1610060512725,32.75025728392617,-117.24282552806591,-24.02603075844946,77,121,15,11
1610060512806,32.75025728463417,-117.2428255171214,-24.02708414055494,77,121,15,11
1610060512900,32.750257288779025,-117.24282551375353,-24.028405011881652,77,121,15,11
1610060512986,32.75025728442882,-117.24282550182622,-24.029367911703996,77,121,15,11
1610060513115,32.75025728872848,-117.24282550429199,-24.03113754087894,77,121,15,11
1610060513238,32.75025728623921,-117.2428254942135,-24.031890437235116,77,121,15,11
1610060513323,32.75025728283602,-117.24282548916031,-24.032956609315992,77,121,15,11
1610060513406,32.750257283041826,-117.24282548306293,-24.034228231214826,77,121,15,11
1610060513478,32.75025728300139,-117.24282548268822,-24.035522872833646,77,121,15,11
1610060513650,32.750257280967254,-117.2428254778425,-24.03670419882666,77,121,15,11
1610060513742,32.75025727518975,-117.24282547516765,-24.037943968990458,77,121,15,11
1610060513879,32.750257271801665,-117.24282544903019,-24.042724383195512,77,121,15,11
1610060513994,32.75025727410923,-117.24282544672828,-24.043881481834827,77,121,15,11
1610060514156,32.750257270120485,-117.24282544822192,-24.04535606332453,77,121,15,11
1610060514237,32.750257265068214,-117.24282544309196,-24.046265562716528,77,121,15,11
1610060514307,32.750257269460676,-117.24282543429727,-24.047775415013223,77,121,15,11
1610060514468,32.75025726682549,-117.24282543181413,-24.048779583814238,77,121,15,11
1610060514577,32.750257262534134,-117.24282542647781,-24.050311625048728,77,121,15,11
1610060514662,32.75025725907726,-117.24282541527208,-24.0513270038336,77,121,15,11
1610060514750,32.75025725505201,-117.24282540690936,-24.052421966357052,77,121,15,11
1610060514833,32.75025725336472,-117.24282539891452,-24.053679590176085,77,121,15,11
1610060514962,32.750257243755456,-117.24282538891941,-24.054856769882566,77,121,15,11
1610060515086,32.75025724342021,-117.24282537817196,-24.056313283556893,77,121,15,11
1610060515170,32.750257239658154,-117.24282537278796,-24.057362845617334,77,121,15,11
1610060515251,32.75025723800433,-117.24282536768541,-24.05911545116152,77,121,15,11
1610060515323,32.75025722908934,-117.24282535647426,-24.060410638481645,77,121,15,11
1610060515484,32.750257221993934,-117.24282535274018,-24.061420264512517,77,121,15,11
1610060515592,32.750257214022604,-117.24282533984847,-24.06246612411972,77,121,15,11
1610060515673,32.75025722201195,-117.24282534038399,-24.064266576762595,77,121,15,11
1610060515757,32.75025720908509,-117.24282533342753,-24.065387406786154,77,121,15,11
1610060515838,32.75025720759855,-117.24282532716286,-24.066619664207014,77,121,15,11
1610060515931,32.75025720633116,-117.24282532109123,-24.06782196652218,77,121,15,11
1610060516089,32.75025719796139,-117.24282531660711,-24.068981279918876,77,121,15,11
1610060516231,32.75025718987355,-117.24282531293298,-24.070438506262757,77,121,15,11
1610060516325,32.7502571857205,-117.2428253059334,-24.071696053636394,77,121,15,11
1610060516395,32.75025718068574,-117.24282530266609,-24.07280468973743,77,121,15,11
1610060516558,32.75025717683661,-117.24282530386516,-24.07412333236652,77,121,15,11
1610060516652,32.75025716905431,-117.24282529937386,-24.074949679572963,77,121,15,11
1610060516751,32.7502571627311,-117.24282529624911,-24.075815489610417,77,121,15,11
1610060516831,32.750257156620464,-117.24282530018903,-24.076230197149915,77,121,15,11
1610060516913,32.75025715235849,-117.24282529639562,-24.07731023071674,77,121,15,11
1610060517006,32.75025714359842,-117.24282529307922,-24.078287088367446,77,121,15,11
1610060517100,32.75025714061309,-117.24282529106412,-24.07894909341265,77,121,15,11
1610060517253,32.75025713591557,-117.24282528679905,-24.079401281516578,77,121,15,11
1610060517336,32.75025713113561,-117.24282529278838,-24.080052792824585,77,121,15,11
1610060517405,32.75025712727788,-117.24282528581486,-24.080909199316025,77,121,15,11
1610060517565,32.750257122874395,-117.24282528255769,-24.08210258871925,77,121,15,11
1610060517658,32.750257118122725,-117.24282528282959,-24.082400710584675,78,121,15,11
1610060517748,32.75025711230535,-117.24282527960351,-24.083412597154517,78,121,15,11
1610060517836,32.75025711154423,-117.24282528059969,-24.084133349614596,77,121,15,11
