1613871035524,32.87199774661219,-117.2303142864412,52.118136506209346,56,92,9,11
1613871035613,32.871997738091494,-117.23031430066118,52.120063588632064,56,92,9,11
1613871035726,32.87199773707181,-117.23031431046817,52.12356583540031,56,92,9,11
1613871035858,32.87199772709187,-117.23031431352678,52.123638177891486,56,92,9,11
1613871036116,32.871997687687774,-117.23031436921116,52.12994146321216,55,92,9,11
1613871036223,32.871997688391964,-117.23031438142299,52.13125046992283,55,92,9,11
1613871036394,32.87199766968765,-117.23031438059124,52.13296697935001,55,92,9,11
1613871036511,32.87199767337821,-117.23031442138974,52.13444833408524,55,92,9,11
1613871036597,32.87199766366491,-117.23031442097354,52.13591822217398,55,91,9,11
1613871036710,32.87199765774533,-117.23031443307998,52.13581210772405,54,91,9,11
1613871036844,32.871997648926204,-117.23031444517285,52.13623475971745,54,90,9,11
1613871036988,32.87199765015006,-117.23031446910699,52.137754683369764,53,90,9,11
1613871037167,32.87199763047278,-117.23031451574084,52.13807642799795,52,89,9,11
1613871037268,32.87199762710026,-117.23031452032755,52.1387392110794,52,88,9,11
1613871037423,32.871997603469865,-117.23031453800955,52.138529992404834,52,88,9,11
1613871037534,32.87199760147392,-117.2303145513147,52.140058809244636,52,88,9,11
1613871037633,32.87199760008937,-117.23031456613997,52.14006117318597,52,88,9,11
1613871037779,32.87199759006211,-117.23031458755456,52.13953688959977,52,88,9,11
1613871037888,32.87199757620479,-117.23031459419788,52.13987151452422,52,88,9,11
1613871038117,32.87199752074719,-117.23031464028536,52.1464579805205,54,90,10,11
1613871038260,32.871997512259064,-117.23031464743777,52.14770515135184,54,90,10,11
1613871038407,32.871997505934665,-117.23031466693743,52.148234957194646,54,91,10,11
1613871038522,32.87199748179359,-117.23031468281604,52.149028086126705,54,91,10,11
1613871038611,32.871997482576624,-117.23031469545343,52.14966349768746,55,91,10,11
1613871038723,32.87199747412401,-117.23031470439,52.15054139523412,55,92,10,11
1613871038932,32.871997457325605,-117.23031474506222,52.15197256986139,55,92,10,11
1613871039156,32.871997449057226,-117.23031474027515,52.15252678821386,55,92,10,11
1613871039268,32.87199744079487,-117.23031477584965,52.151714834670685,55,92,10,11
1613871039444,32.871997437107964,-117.23031478190364,52.150421250404854,54,91,10,11
1613871039576,32.871997428227296,-117.23031482783796,52.14935352837591,54,91,10,11
1613871039741,32.8719974368562,-117.23031484693907,52.14923882960127,53,90,10,11
1613871039854,32.87199742765579,-117.23031485980562,52.14758305732071,53,90,10,11
1613871039973,32.87199743356787,-117.23031487459308,52.14692305344384,52,89,10,11
1613871040105,32.87199743768528,-117.23031488565803,52.145576208696944,52,89,10,11
1613871040289,32.871997432500706,-117.23031488793045,52.1460142919487,52,89,10,11
1613871040423,32.87199742908488,-117.23031490065713,52.145142255645645,51,88,10,11
1613871040618,32.871997427219796,-117.23031493318788,52.144539598695594,51,88,10,11
1613871040750,32.871997428633556,-117.23031495180264,52.14329932575946,51,87,10,11
1613871040862,32.871997437859264,-117.23031495724068,52.142604307499525,50,87,10,11
1613871040975,32.87199744050674,-117.23031496177832,52.14353772197675,50,87,10,11
1613871041303,32.87199744427114,-117.23031501028765,52.14286976206913,51,87,10,11
1613871041424,32.87199744990069,-117.23031502934523,52.143231182026064,51,87,10,11
1613871041522,32.87199746265179,-117.23031503379383,52.14367557829279,51,88,10,11
1613871041634,32.871997466769486,-117.23031504841057,52.14419647955927,52,88,10,11
1613871041802,32.87199745091724,-117.23031504925004,52.14482413983904,52,88,10,11
1613871041919,32.87199746055609,-117.23031507422891,52.144443590587635,52,89,10,11
1613871042034,32.87199746409795,-117.23031506879256,52.14557808765879,53,89,10,11
1613871042320,32.87199746741248,-117.23031513169937,52.14793369929774,54,91,10,11
1613871042434,32.87199748028495,-117.23031514024001,52.14857572474622,55,92,10,11
1613871042568,32.87199747399926,-117.23031514979294,52.14981124629094,55,93,10,11
1613871042647,32.871997460163755,-117.23031516734686,52.14992251874775,55,93,10,11
1613871042812,32.8719974786375,-117.23031518019303,52.15099634948692,56,94,10,11
1613871042925,32.87199747649797,-117.23031517404841,52.15071159991101,56,94,10,11
1613871043040,32.871997463303,-117.23031519883664,52.151641473776806,56,95,10,11
1613871043227,32.87199748173436,-117.23031523729435,52.15332095380122,57,96,10,11
1613871043346,32.87199747692571,-117.23031524663604,52.15338492160228,58,97,10,11
1613871043459,32.87199746288015,-117.2303152472094,52.15271975006142,58,97,10,11
1613871043546,32.87199749169989,-117.23031525758141,52.153751872769526,58,98,10,11
1613871043670,32.87199747841578,-117.23031527145662,52.15404501353587,59,98,10,11
1613871043922,32.871997468262215,-117.23031529262794,52.15293194255958,59,99,10,11
1613871044122,32.87199747338618,-117.23031530071606,52.15132789340211,58,99,9,11
1613871044301,32.87199749535096,-117.23031531188457,52.148997788599594,58,98,9,11
1613871044411,32.87199748974978,-117.23031529569137,52.14829088528649,57,98,9,11
1613871044495,32.87199748779174,-117.2303153157525,52.14584507823499,56,97,9,11
1613871044649,32.87199749656699,-117.23031533020827,52.14383823060121,55,96,9,11
1613871044728,32.87199749334716,-117.23031532742567,52.1423507395797,55,96,9,11
1613871044918,32.871997509692,-117.23031534183691,52.14137128201919,55,96,9,11
1613871045029,32.87199752066925,-117.23031535445672,52.136917788074115,54,95,9,11
1613871045145,32.87199752218318,-117.23031535765772,52.13716334622186,54,95,9,11
1613871045281,32.87199752977967,-117.23031536233775,52.134392023556615,54,95,9,11
1613871045434,32.87199753900559,-117.23031535796605,52.13449238639203,54,94,9,11
1613871045549,32.87199754102187,-117.23031536030288,52.132345498482,53,94,9,11
1613871045862,32.871997571533754,-117.23031537957822,52.12783054231663,53,93,9,11
