1616701253893,32.81885370025537,-117.20302851012188,66.02381299118247,28,58,14,11
1616701254047,32.8188537036468,-117.20302852271205,66.01839143681934,28,58,14,11
1616701254159,32.81885369928864,-117.20302851591813,66.01373037071872,28,58,14,11
1616701254274,32.818853698915326,-117.20302852636303,66.00952536323835,28,58,14,11
1616701254528,32.818853701830854,-117.20302854663852,65.99209455749423,28,59,14,11
1616701254679,32.8188536925709,-117.20302855376671,65.98811718086293,28,59,14,11
1616701254823,32.81885370063825,-117.20302856505894,65.98528916583837,28,59,14,11
1616701254987,32.81885369325136,-117.20302857260366,65.98194187277412,28,59,14,11
1616701255225,32.8188536938315,-117.2030285874285,65.97286014889373,28,59,14,11
1616701255328,32.818853706303706,-117.20302858658202,65.97169662919175,27,58,14,11
1616701255501,32.81885370962067,-117.2030285804754,65.97168415998405,27,58,14,11
1616701255650,32.818853709688995,-117.20302858974505,65.96940989708625,27,57,14,11
1616701255745,32.81885371683563,-117.20302858943305,65.96956666045129,27,57,14,11
1616701255923,32.81885372099046,-117.20302859067162,65.96884151773486,25,55,14,11
1616701256036,32.81885371445894,-117.20302858689132,65.9684661947553,25,55,14,11
1616701256153,32.818853719406754,-117.20302859261501,65.9674872596738,25,55,14,11
1616701256265,32.81885372022435,-117.20302860288997,65.96595940911801,25,55,14,11
1616701256407,32.81885372588054,-117.20302860390645,65.96514710507397,25,54,14,11
1616701256523,32.818853713488785,-117.20302859889499,65.96380411769802,25,54,14,11
1616701256832,32.81885370602079,-117.20302863136631,65.95688448273958,26,55,14,11
1616701256977,32.81885370964625,-117.20302863992626,65.9544574640242,26,55,14,11
1616701257098,32.81885370349462,-117.20302864033248,65.95353016386825,26,55,14,11
1616701257211,32.81885370709363,-117.20302864585646,65.95166186506583,26,55,14,11
1616701257338,32.818853706964774,-117.2030286511744,65.95138885912046,26,55,14,11
1616701257529,32.81885370369279,-117.20302865265548,65.95037238176681,26,55,14,11
1616701257641,32.818853696658515,-117.20302865578252,65.94971069368653,26,55,14,11
1616701257833,32.81885367110469,-117.20302865673861,65.946197955963,26,55,14,11
1616701257981,32.81885367304208,-117.20302866009618,65.94633159987461,26,55,14,11
1616701258100,32.818853666483975,-117.20302866775555,65.94545024145303,26,55,14,11
1616701258212,32.81885365798793,-117.20302866698954,65.94507423197672,26,55,14,11
1616701258328,32.818853645005554,-117.20302866322822,65.94585518471155,26,55,14,11
1616701258432,32.818853656478225,-117.2030286671385,65.94516082177361,26,55,14,11
1616701258688,32.81885365052541,-117.20302866630779,65.94358837925535,26,55,14,11
1616701258895,32.81885363519106,-117.20302865377184,65.94333487572285,26,55,14,11
1616701259047,32.8188536404431,-117.20302866862005,65.94266743856689,26,55,14,11
1616701259160,32.81885362905507,-117.20302867054397,65.94259211105222,26,55,14,11
1616701259276,32.81885360353222,-117.20302866317344,65.94275314700072,26,55,14,11
1616701259538,32.81885359680542,-117.20302866142994,65.94136382187092,26,55,14,11
1616701259652,32.818853602634476,-117.20302865162594,65.94149182251951,26,55,14,11
1616701259765,32.81885359690839,-117.20302864846673,65.94217657311167,26,55,14,11
1616701259987,32.8188535884115,-117.20302863517702,65.9412341043017,26,55,14,11
1616701260099,32.81885358367129,-117.20302863946085,65.94071079500607,27,55,14,11
1616701260212,32.818853585817486,-117.20302863490409,65.94049803972737,27,56,14,11
1616701260309,32.81885357796563,-117.2030286121578,65.94148796816069,27,56,14,11
1616701260432,32.81885357593979,-117.20302861231042,65.94159562168049,27,56,14,11
1616701260542,32.81885357083696,-117.20302859890809,65.94263259436843,27,55,14,11
1616701260721,32.81885357543381,-117.20302858649421,65.94384650754392,27,56,14,11
1616701260834,32.81885356678954,-117.20302858808634,65.94246776012704,27,56,14,11
1616701261147,32.81885355823772,-117.20302855741225,65.9448730600942,27,56,14,11
1616701261258,32.81885355098872,-117.20302854103168,65.94569519933172,27,56,14,11
1616701261450,32.8188535429912,-117.20302854680435,65.94514251434448,26,55,14,11
1616701261565,32.818853537526714,-117.20302853959069,65.94653423338995,27,56,14,11
1616701261685,32.81885354539817,-117.20302854771289,65.94868531890816,27,56,14,11
1616701261891,32.818853534544935,-117.20302853026895,65.95785473493709,27,56,14,11
1616701262034,32.818853519992906,-117.20302852397603,65.95954742843912,27,56,14,11
1616701262154,32.81885352801572,-117.20302853038757,65.96210156721801,27,56,14,11
1616701262271,32.818853518801966,-117.2030285212725,65.96376928008453,27,56,14,11
1616701262474,32.81885351545298,-117.20302851230143,65.96621640334216,27,57,14,11
1616701262586,32.81885351543635,-117.20302852229543,65.96709698534883,27,57,14,11
1616701262836,32.81885349791209,-117.20302852918493,65.97252437830808,28,58,14,11
1616701262975,32.81885348627645,-117.20302851779364,65.97394087441486,28,58,14,11
1616701263117,32.81885348389902,-117.2030285214567,65.97516132089486,28,58,14,11
1616701263229,32.8188534894199,-117.2030285213263,65.97704052930186,28,58,14,11
1616701263349,32.818853470056546,-117.20302851525506,65.97708376236373,28,58,14,11
1616701263544,32.818853458162025,-117.20302851509518,65.97881508458165,28,58,14,11
1616701263752,32.81885345022493,-117.20302850973182,65.98269999788153,28,58,14,11
1616701263893,32.81885344714922,-117.2030285049486,65.98367501427366,28,58,14,11
1616701264030,32.818853446826914,-117.20302850755381,65.98372693046839,28,58,14,11
