1613160144160,32.733967617405554,-117.2335422915312,7.644747302077938,33,60,12,11
1613160144261,32.73395584469825,-117.23355293377163,7.729686522362171,33,60,12,11
1613160144411,32.73394411389833,-117.23356352382304,7.803237367764592,32,59,12,11
1613160144614,32.73393238996769,-117.23357408140683,7.8850631359756305,32,59,12,11
1613160144801,32.73388565845762,-117.23361629757017,8.20681354266435,31,57,12,11
1613160144917,32.73387399427387,-117.23362674054076,8.283282853334228,31,57,12,11
1613160145011,32.733862376437266,-117.23363720656376,8.354273123739532,31,57,15,11
1613160145155,32.73385071809978,-117.23364764507204,8.434856673204825,30,57,15,11
1613160145255,32.733839070882816,-117.23365793646785,8.502866006174019,30,56,15,11
1613160145457,32.73382746120259,-117.23366818030753,8.566240498990727,30,56,15,11
1613160145626,32.73379252918848,-117.23369875350348,8.82936575709218,30,55,15,11
1613160145730,32.733780861315644,-117.2337088700615,8.92143085025138,30,56,15,11
1613160145878,32.73376923100151,-117.23371889843932,8.99629542143801,30,55,15,11
1613160146004,32.73375759019069,-117.23372886587802,9.072751259085177,30,55,15,11
1613160146092,32.7337460487162,-117.23373888301461,9.15354305587301,30,55,15,11
1613160146240,32.7337345518527,-117.23374889730742,9.228433963173387,30,55,15,11
1613160146421,32.733699915207985,-117.2337787010019,9.54429144087804,29,54,15,11
1613160146531,32.73368835130815,-117.23378852121272,9.643092793368762,29,54,15,11
1613160146644,32.733676816989465,-117.2337983577528,9.743819287756068,28,54,15,11
1613160146748,32.73366524027879,-117.23380815430197,9.851703101864807,29,54,15,11
1613160146948,32.73365367185841,-117.23381794071904,9.962825567364685,28,54,15,11
1613160147068,32.73364209032994,-117.2338277370153,10.071059350530462,28,53,15,11
1613160147163,32.733630524270076,-117.23383745350519,10.177398139147568,27,52,15,11
1613160147449,32.73358434694224,-117.23387635171657,10.641339986495518,27,51,15,11
1613160147567,32.73357282664414,-117.23388619035178,10.763352482221933,26,50,15,11
1613160147680,32.73356136848005,-117.23389602228815,10.888689176321906,26,50,15,11
1613160147787,32.73354990737739,-117.23390587344083,11.011421468283288,26,50,15,11
1613160147943,32.733538471722774,-117.23391569172657,11.127735353423754,26,50,15,11
1613160148059,32.733527140964306,-117.23392561883432,11.24380175515074,26,50,15,11
1613160148147,32.733515770279126,-117.23393554659648,11.373487772577734,27,51,15,11
1613160148368,32.73348186334345,-117.23396569933303,11.768962335921081,27,52,15,11
1613160148480,32.73347059151978,-117.23397578367394,11.893376956437594,28,52,15,11
1613160148593,32.73345939276114,-117.23398588671958,12.002571589804242,28,52,15,11
1613160148709,32.73344817405965,-117.23399603220786,12.126001597954849,28,52,15,11
1613160148810,32.73343694020347,-117.23400630146178,12.255803535657284,27,51,15,11
1613160149117,32.7333924256183,-117.23404739625838,12.73379202171576,26,50,15,11
1613160149218,32.73338133757376,-117.23405774048733,12.86144484431433,26,50,15,11
1613160149383,32.73337021937736,-117.23406818744442,12.99016619105774,26,50,15,11
1613160149530,32.73335918793807,-117.23407858434685,13.11458778414266,26,50,15,11
1613160149641,32.73334816292804,-117.23408905725634,13.245383933900824,27,50,15,11
1613160149757,32.733337158086734,-117.23409952044295,13.375760569870598,27,51,15,11
1613160149891,32.73332609312964,-117.23410991539173,13.501030021651156,27,52,15,11
1613160150005,32.733315092908576,-117.23412043837745,13.632914281665597,28,52,15,11
1613160150188,32.73327093680317,-117.23416250249676,14.126536142322074,29,54,14,11
1613160150385,32.73325996433258,-117.23417305712388,14.24810576464979,30,54,15,11
1613160150503,32.733249037241166,-117.23418367390332,14.375329338359519,30,55,14,11
1613160150620,32.733237945799445,-117.23419424280803,14.51189333720805,30,55,13,11
1613160150740,32.73322695999238,-117.23420483277481,14.646618537313568,30,55,13,11
1613160150846,32.733215987779985,-117.23421542746875,14.779317807714067,30,55,13,11
1613160151049,32.733205002047754,-117.2342260077462,14.90960240867033,30,55,11,11
1613160151163,32.733194074878334,-117.23423669356016,15.035839810829883,30,55,12,11
1613160151252,32.73318310155931,-117.23424732192552,15.170006240314196,30,55,12,11
1613160151381,32.73315012417421,-117.23427923232917,15.53367884930868,30,56,12,11
1613160151498,32.733139164115755,-117.23428993333744,15.660338358155725,30,56,12,11
1613160151611,32.73312819876901,-117.23430065418022,15.784550407496178,30,56,13,11
1613160151801,32.73311727873689,-117.23431142551881,15.891813239716654,30,56,15,11
1613160152131,32.73306334072131,-117.23436683450508,16.338107172628145,29,55,14,11
1613160152320,32.733052758638536,-117.23437823427854,16.41961241785917,29,55,14,11
1613160152454,32.73304218028382,-117.23438980893306,16.49193959835257,29,55,14,11
1613160152600,32.733031790548345,-117.23440145850643,16.56415783830557,29,55,14,11
1613160152815,32.73299107079091,-117.23444885996885,16.79620290688433,29,54,14,11
1613160152929,32.732981083485626,-117.23446087022148,16.85573866323722,29,53,14,11
1613160153022,32.732971181007294,-117.23447292530743,16.90959755001026,29,53,14,11
1613160153169,32.73296140212899,-117.2344850248431,16.959704653941817,29,53,14,11
1613160153319,32.732951737396746,-117.23449718623367,17.006314119403175,29,54,14,11
1613160153610,32.732914632295866,-117.23454642252233,17.212168871852146,30,53,14,11
1613160153746,32.73290575151426,-117.23455888858653,17.27135502003655,30,53,14,11
1613160153859,32.732897059942395,-117.23457144965394,17.321647406449905,30,53,14,11
1613160153974,32.73288850020473,-117.23458410447095,17.37494302757609,30,53,14,11
1613160154065,32.73288011660222,-117.23459683951592,17.4255244511151,30,53,14,11
1613160154266,32.73287188078517,-117.23460964287482,17.467325231294414,30,53,14,11
