1612139370355,32.79339107500912,-117.14454645342349,87.73834447206315,76,121,15,11
1612139370623,32.793406545015515,-117.1445458717122,87.72567061152985,76,121,15,11
1612139370708,32.79342202717437,-117.14454526732837,87.71573631457336,76,121,15,11
1612139370790,32.79343752214235,-117.14454465807141,87.70827316300003,76,121,15,11
1612139370880,32.793453017380656,-117.14454403794836,87.70308773188476,76,121,15,11
1612139370964,32.793468536230684,-117.14454343049272,87.70361986795228,76,121,15,11
1612139371068,32.793484044174356,-117.14454285164034,87.70579602591175,76,121,15,11
1612139371206,32.79349956955829,-117.14454226216944,87.71120835991746,76,121,15,11
1612139371326,32.7935151226711,-117.14454169239768,87.71869862477955,76,121,15,11
1612139371420,32.79353066028323,-117.14454112308935,87.72521967799767,76,121,15,11
1612139371500,32.793546232659274,-117.14454055071127,87.73169167945005,76,121,15,11
1612139371673,32.7935618191212,-117.1445399799621,87.74181404440434,76,121,15,11
1612139371765,32.7935774410527,-117.14453939456033,87.75864023850453,76,121,15,11
1612139371848,32.79359310371775,-117.1445388403499,87.7828830583706,76,121,15,11
1612139371929,32.793608785963904,-117.14453828441296,87.80399282149499,76,121,15,11
1612139372018,32.79362449382396,-117.14453774799964,87.82602416715783,76,121,15,11
1612139372121,32.79364021113847,-117.14453714436466,87.84520717837104,76,121,15,11
1612139372202,32.79365594504644,-117.14453654225784,87.85810308053294,76,121,15,11
1612139372325,32.79367171877952,-117.1445359548826,87.87319195956162,76,121,15,11
1612139372416,32.79368750865813,-117.14453535217501,87.89305486389678,76,121,15,11
1612139372498,32.79370333325278,-117.14453476706667,87.91711247538545,76,121,15,11
1612139372672,32.793719167333826,-117.14453415830985,87.94279112218132,76,121,15,11
1612139372756,32.793735015569666,-117.14453352954116,87.96877816091418,76,121,15,11
1612139372841,32.7937508620787,-117.14453289470612,87.99283725242269,76,121,15,11
1612139372920,32.79376668720797,-117.14453225420186,88.01645421782209,76,121,15,11
1612139372999,32.79378251653163,-117.14453158816218,88.04654469856081,76,121,15,11
1612139373101,32.793798325818535,-117.14453096754676,88.08385427523727,76,121,15,11
1612139373259,32.79381411933783,-117.1445302979145,88.11775261816169,76,121,15,11
1612139373378,32.7938298933047,-117.14452963953002,88.15378228231442,76,121,15,11
1612139373472,32.793845638421736,-117.14452896286991,88.19022482698081,76,121,15,11
1612139373554,32.79386135228533,-117.14452827432045,88.22409915428732,76,121,15,11
1612139373731,32.793877034067684,-117.14452758263096,88.25971240387024,76,121,15,11
1612139373812,32.793892691513186,-117.14452688256762,88.30088311058442,76,121,15,11
1612139373895,32.79390831683252,-117.14452616260502,88.34112459359264,76,121,15,11
1612139373974,32.793923864573685,-117.14452541233838,88.3699155185779,76,121,15,11
1612139374055,32.793939363690086,-117.14452462586236,88.39821819612622,76,121,15,11
1612139374157,32.79395482312164,-117.1445238032784,88.42947668686509,76,121,15,11
1612139374239,32.79397022746599,-117.14452291249819,88.46216883276139,76,121,15,11
1612139374365,32.79398557353977,-117.14452201583138,88.49669676998927,76,121,15,11
1612139374455,32.794000866434665,-117.14452107536088,88.5296664827813,76,121,15,11
1612139374539,32.794016101614815,-117.14452014621541,88.56245011206101,76,121,15,11
1612139374729,32.79403125409667,-117.1445191842403,88.58945129526927,76,121,15,11
1612139374817,32.79404635777145,-117.14451818380599,88.61994765286775,76,121,15,11
1612139374900,32.79406140695195,-117.14451712654152,88.65377585530307,76,121,15,11
1612139374981,32.794076369192425,-117.14451601341464,88.6818479047837,76,121,15,11
1612139375060,32.79409125827907,-117.14451482963118,88.7080834306204,76,121,15,11
1612139375162,32.7941060985346,-117.14451356054549,88.73855610363046,76,121,15,11
1612139375302,32.79412087013484,-117.14451221478359,88.7695095691309,76,121,15,11
1612139375475,32.79417941566669,-117.14450574053058,88.87596108319431,76,121,15,11
1612139375570,32.79419395922462,-117.1445037926122,88.90400169782646,76,121,15,11
1612139375654,32.79420847695959,-117.1445017141208,88.93385971017791,76,121,15,11
1612139375761,32.79422297099451,-117.14449948798716,88.96602417545755,76,121,15,11
1612139375900,32.79423746354164,-117.14449712791577,89.00057101258905,76,121,15,11
1612139375979,32.79425192501442,-117.1444946402217,89.03154219919931,76,121,15,11
1612139376072,32.79426632361887,-117.14449202287139,89.05124477160706,76,121,15,11
1612139376191,32.79428071221834,-117.1444892477443,89.07200203089424,77,121,15,11
1612139376283,32.79429509635618,-117.14448633112566,89.1021556417122,77,121,15,11
1612139376365,32.79430943959412,-117.1444832738646,89.12311950669978,77,121,15,11
1612139376539,32.79432375143865,-117.14448005415001,89.14035213879241,77,121,15,11
1612139376623,32.79433802674641,-117.14447667876017,89.15735599757399,78,121,15,11
1612139376705,32.79435227034125,-117.14447314310813,89.17567260481896,78,121,15,11
1612139376784,32.79436649170967,-117.14446946359718,89.19867573685468,78,121,15,11
1612139376899,32.794380661218035,-117.14446565101524,89.21775246991405,78,121,15,11
1612139376981,32.79439479699729,-117.14446169944593,89.24042855983713,79,121,15,11
1612139377126,32.794408917983716,-117.14445759225593,89.27346437455002,79,121,15,11
1612139377245,32.79442298717885,-117.14445334764609,89.30021954724221,79,121,15,11
1612139377341,32.79443696230094,-117.14444899289798,89.3081314739911,79,121,15,11
1612139377423,32.79445087358848,-117.14444450315966,89.31454551171703,80,121,15,11
1612139377596,32.794464744737255,-117.14443983803274,89.33660171953933,80,121,15,11
1612139377688,32.79447856242881,-117.1444350230802,89.36404312635743,80,121,15,11
1612139377776,32.79449231059198,-117.1444300750486,89.385988438155,80,121,15,11
1612139377854,32.79450598699144,-117.14442498917187,89.40345338196329,81,121,15,11
1612139377956,32.79451960000158,-117.14441977040907,89.4213262987189,81,122,15,11
1612139378035,32.7945331576605,-117.14441443334084,89.44134739880487,81,122,15,11
1612139378128,32.79454665359718,-117.1444089843633,89.45927425183297,81,121,15,11
1612139378252,32.79456008465634,-117.14440343116382,89.47286336762228,81,122,15,11
1612139378409,32.79457346966913,-117.14439778443396,89.48780783113324,82,122,15,11
1612139378513,32.794586816045616,-117.14439206362448,89.50442285548255,82,122,15,11
1612139378675,32.79460011972243,-117.1443862847872,89.51817134181005,82,122,15,11
1612139378753,32.79461339846262,-117.14438042377633,89.53375496475982,82,122,15,11
1612139378838,32.79462668282593,-117.14437449723067,89.55780044462297,82,122,15,11
1612139378917,32.79463994356505,-117.14436850857358,89.57848699805321,82,122,15,11
1612139379019,32.79465319927699,-117.14436245974323,89.59423051697001,83,122,15,11
1612139379153,32.79466642766066,-117.1443563434286,89.6061538686258,83,122,15,11
1612139379292,32.79467962323177,-117.1443501889245,89.60924746392345,83,122,15,11
1612139379476,32.794732448911205,-117.14432485052706,89.70299433782374,83,122,15,11
1612139379564,32.79474561456947,-117.14431840412867,89.71095404838651,83,122,15,11
1612139379664,32.79475879687934,-117.14431190095378,89.72362735136063,83,122,15,11
1612139379766,32.79477197008024,-117.14430536442705,89.73783908132923,83,122,15,11
1612139379890,32.794785122618386,-117.1442987801343,89.74895285500824,82,122,15,11
1612139379971,32.79479826162606,-117.14429213457768,89.76220819782786,82,122,15,11
1612139380061,32.79481135336153,-117.14428540475446,89.77248780655214,82,122,15,11
1612139380180,32.79482442055029,-117.14427861491805,89.77725400966455,82,122,15,11
1612139380273,32.794837491363005,-117.14427179148063,89.78326521460816,81,122,15,11
1612139380362,32.794850532487075,-117.1442649447839,89.784322345961,81,122,15,11
1612139380464,32.79486356040063,-117.14425807475683,89.78278932134425,81,122,15,11
