1616534114374,32.84584190891908,-117.2687978954003,18.35891537655674,47,47,12,11
1616534114487,32.845853397052146,-117.26878668280281,18.39639861492678,46,46,12,11
1616534114638,32.845864715719266,-117.2687755369991,18.432577660175955,46,46,12,11
1616534114791,32.84589759192404,-117.26874277090526,18.495656074408462,44,43,12,11
1616534114916,32.84590824155875,-117.2687320844376,18.53115716267611,45,44,14,11
1616534115028,32.84591873160322,-117.26872150597116,18.568019343533823,46,45,14,11
1616534115142,32.84592909973404,-117.26871105422573,18.60317519726109,47,45,14,11
1616534115274,32.845939346741986,-117.2687006920041,18.64349703845029,47,45,14,11
1616534115410,32.84594947587582,-117.26869040732979,18.686081564553053,48,46,14,11
1616534115554,32.845959482698035,-117.26868019410557,18.726558489681583,48,46,14,11
1616534115837,32.845998261497684,-117.26864009074478,18.78716061500954,52,48,14,11
1616534115950,32.84600775071796,-117.26863020191679,18.812784690385044,53,49,14,11
1616534116062,32.84601715038451,-117.26862034569838,18.835034262474284,54,49,14,11
1616534116176,32.84602643985438,-117.26861047406038,18.844173473234424,55,50,14,11
1616534116291,32.84603566600305,-117.26860065508197,18.849016252688116,56,50,14,11
1616534116425,32.84604482561606,-117.26859086055418,18.848850862508108,56,50,14,11
1616534116548,32.84605394071564,-117.26858108023465,18.853973094999095,56,50,14,11
1616534116679,32.846081165491995,-117.26855164920867,18.879916396746918,56,51,14,11
1616534116820,32.846090249298165,-117.26854177725677,18.88501493622848,56,51,14,11
1616534116983,32.84609936656777,-117.26853198369554,18.87490788493297,55,51,14,11
1616534117099,32.846108558278864,-117.26852213844236,18.841003199019006,53,50,14,11
1616534117212,32.8461176807157,-117.26851243189981,18.798786148210485,52,50,14,11
1616534117327,32.846126902794765,-117.26850273201526,18.761558116309693,52,50,14,11
1616534117460,32.846136177667226,-117.26849308523379,18.725143600999292,51,50,14,11
1616534117573,32.8461455035306,-117.26848346641466,18.679614884417884,49,49,14,11
1616534117814,32.846183494075056,-117.26844549006161,18.488309024463682,45,46,14,11
1616534117928,32.846193154601316,-117.26843604291413,18.44641301936702,45,46,14,11
1616534118052,32.84620290210925,-117.26842668020757,18.404445262019095,45,46,14,11
1616534118218,32.84621268413367,-117.26841726831056,18.3604038204886,45,46,14,11
1616534118333,32.84622247309477,-117.26840786276665,18.318517107078083,45,47,13,11
1616534118467,32.846232321155306,-117.26839842222925,18.27437014740335,44,46,13,11
1616534118577,32.84624215635648,-117.26838897244932,18.234106748805697,43,45,13,11
1616534118716,32.84625199275353,-117.26837951315566,18.193238667390975,43,46,13,11
1616534118839,32.84626181964373,-117.26837006072654,18.149883312345356,43,45,13,11
1616534118981,32.8462910304745,-117.2683414329174,18.03377022940901,44,47,12,11
1616534119161,32.84630065999344,-117.26833183311622,17.995819433373512,45,47,11,11
1616534119280,32.846310218113125,-117.26832220738969,17.959586860400513,46,48,10,11
1616534119399,32.846319739959526,-117.26831256298973,17.923919644182185,46,48,10,11
1616534119533,32.846329143272,-117.26830300477489,17.890685844304752,46,49,11,11
1616534119648,32.846338413009484,-117.2682934986081,17.84782702368068,46,49,10,11
1616534119736,32.84634756599943,-117.26828407048683,17.806351711916292,47,49,10,11
1616534119859,32.846356632079925,-117.26827474883771,17.769247225440914,47,50,9,11
1616534120012,32.846365553329974,-117.26826549438152,17.736760269133278,48,50,9,11
1616534120123,32.846391663221475,-117.26823834334442,17.6244170062843,49,51,9,11
1616534120239,32.8464000826395,-117.26822947841384,17.58463727005415,50,51,8,11
1616534120446,32.846432541274396,-117.26819502678266,17.44798827255177,55,52,10,11
1616534120570,32.846440355689566,-117.2681866792615,17.416692326271153,56,53,10,11
1616534120726,32.846448046137155,-117.26817841931792,17.385246372811228,57,54,10,11
1616534120867,32.846455604886984,-117.26817024836112,17.35092709796538,59,55,10,11
1616534121064,32.846463053143175,-117.26816221437413,17.314769672871822,60,55,10,11
1616534121177,32.84647036942541,-117.26815427321134,17.277405429520318,61,56,10,11
1616534121378,32.84649862989829,-117.26812356572827,17.15300779430596,63,56,10,11
1616534121461,32.84650542847087,-117.26811617153932,17.121569161422816,63,56,13,11
1616534121585,32.84651211156697,-117.26810889277675,17.090801870403528,64,57,13,11
1616534121781,32.84651868960812,-117.26810174124566,17.057381329467297,64,57,13,11
1616534121922,32.84652518232856,-117.26809470820245,17.02377247109211,63,56,13,11
1616534122086,32.846531547580724,-117.26808779526137,16.990613403566798,63,56,13,11
1616534122199,32.84653780118178,-117.26808100890591,16.95774905158166,63,56,13,11
1616534122381,32.8465617581532,-117.268054985507,16.847873579570688,63,56,13,11
1616534122519,32.846567485682726,-117.26804878498146,16.82232905841716,63,56,13,11
1616534122682,32.84657309155534,-117.26804271878937,16.795076122176937,63,56,14,11
1616534122991,32.84659455031371,-117.26801963163038,16.6934190807038,62,55,14,11
1616534123095,32.846599613434954,-117.26801425943364,16.654291701361725,62,56,13,11
1616534123216,32.84660452233958,-117.26800891969387,16.627320665939784,62,56,13,11
1616534123350,32.846609395585936,-117.26800373199545,16.609417727726417,62,56,13,11
1616534123474,32.846614141765706,-117.26799862429775,16.599134099117162,62,56,12,11
1616534123558,32.8466187329817,-117.26799360221372,16.58993927077784,61,55,12,11
1616534123694,32.846623194731514,-117.26798868872784,16.583682742094457,62,55,12,11
1616534123902,32.84663599384533,-117.2679749358467,16.51824626125755,64,57,12,11
1616534124018,32.84664007266829,-117.2679705423176,16.50067003555009,62,56,12,11
1616534124132,32.84664404979118,-117.26796626385149,16.483674896837883,61,55,12,11
1616534124246,32.846647956389,-117.26796207613774,16.467465756503145,59,54,12,11
1616534124347,32.84665177406556,-117.26795799314468,16.44902129629484,57,53,12,11
1616534124491,32.84665548686349,-117.26795401627231,16.428579267874042,55,52,12,11
