1631832743051,32.88054845856343,-117.2309235227602,71.8373196963943,41,85,11,11
1631832743185,32.880562719828504,-117.23089072740407,71.82270669153215,43,87,10,11
1631832743302,32.88056743631837,-117.23087992386841,71.81051594349144,43,88,10,11
1631832743427,32.880572149929755,-117.2308691134288,71.79964947607061,43,88,10,11
1631832743542,32.880576857801465,-117.23085838219131,71.79074018288678,43,88,10,11
1631832743660,32.88058160946246,-117.23084760189947,71.7790062388909,43,89,10,11
1631832743804,32.88058631651205,-117.23083683089875,71.7673403516763,43,89,10,11
1631832743949,32.8805910576499,-117.23082605233816,71.75457145676775,43,90,10,11
1631832744069,32.880595804689456,-117.23081522383004,71.74864682117227,43,91,11,11
1631832744301,32.88061484432616,-117.23077227296292,71.72878539806808,44,92,9,11
1631832744542,32.88061957718068,-117.23076151407984,71.7197016016077,44,93,9,11
1631832744652,32.8806243329293,-117.23075075039226,71.71246482693833,44,94,9,11
1631832744893,32.88064321917189,-117.2307077644795,71.68609081451346,43,94,8,11
1631832745022,32.8806479756618,-117.23069697665628,71.67858887699586,43,94,8,11
1631832745102,32.880652739104995,-117.23068620176699,71.67498146438525,42,94,8,11
1631832745276,32.88065747191644,-117.2306753647062,71.67324306429198,42,94,8,11
1631832745371,32.88066214530123,-117.23066445695333,71.66438193832794,43,95,8,11
1631832745537,32.88066686781132,-117.2306536496631,71.65319257842106,43,96,8,11
1631832745662,32.88067157549972,-117.23064281704887,71.64442249390585,44,96,8,11
1631832745895,32.880690389483455,-117.23059935003764,71.62734308224198,45,99,7,11
1631832746015,32.880695087252334,-117.23058851338078,71.62566463359553,46,100,7,11
1631832746132,32.880699783012645,-117.23057775968195,71.62513925471843,46,100,6,11
1631832746310,32.88070446002059,-117.23056703400108,71.62988334335787,45,99,6,11
1631832746369,32.880713798359814,-117.23054565254166,71.63440794009053,45,98,6,11
1631832746548,32.88071843993093,-117.23053488188276,71.63810562300083,45,99,6,11
1631832746629,32.880723180006584,-117.23052421720467,71.64627482852558,44,98,6,11
1631832746798,32.88072793830149,-117.2305135912125,71.64689161949953,42,95,6,11
1631832746898,32.88073264322798,-117.2305028201682,71.64260201075906,42,95,6,11
1631832747072,32.880737366913216,-117.23049209565444,71.64398931293496,40,93,6,11
1631832747194,32.880742034184706,-117.23048124498722,71.64629511462148,41,93,6,11
1631832747413,32.88076069811514,-117.23043759292558,71.6296961270312,44,96,8,11
1631832747568,32.88076540815574,-117.23042669120136,71.6228389174099,45,97,8,11
1631832747648,32.88077011741576,-117.23041573775909,71.61928695394042,46,98,8,11
1631832747823,32.880774848699055,-117.23040477402473,71.61727155262524,46,98,9,11
1631832747949,32.88077958210548,-117.23039380019215,71.61553859831503,47,99,9,11
1631832748170,32.880798515116,-117.23034990950708,71.6109767222284,52,103,10,11
1631832748284,32.88080322017156,-117.23033901732006,71.61208195369736,53,104,9,11
1631832748494,32.88080791093295,-117.23032818299302,71.61265530292695,55,106,9,11
1631832748637,32.88081252916721,-117.23031736141498,71.61492009592266,56,107,8,11
1631832748750,32.88081713963033,-117.23030660649526,71.61344872156201,57,108,9,11
1631832748984,32.880835140908204,-117.23026491912927,71.59590030169954,61,112,9,11
1631832749098,32.880839543011895,-117.23025474834607,71.59526319107515,62,113,9,11
1631832749263,32.88084395371837,-117.23024463567243,71.59468302709752,63,114,9,11
1631832749440,32.88084831213232,-117.23023462506622,71.59595327318434,64,115,9,11
1631832749530,32.880852692327565,-117.23022471539564,71.59403293649719,64,116,10,11
1631832749678,32.88085697679443,-117.23021480069781,71.59185789749239,64,117,10,11
1631832749888,32.88087432677994,-117.23017530254855,71.57325043984194,64,119,10,11
1631832750008,32.88087868326429,-117.23016546375118,71.56836055399432,64,120,11,11
1631832750118,32.88088306739659,-117.23015562565395,71.5613749779483,63,120,11,11
1631832750269,32.880887442899024,-117.23014578513279,71.5541851971513,63,120,11,11
1631832750448,32.88089182005566,-117.23013588438506,71.54961357059629,62,120,11,11
1631832750686,32.88090953353965,-117.23009621357014,71.53076034090803,58,119,11,11
1631832750837,32.880914011358264,-117.23008629262247,71.52122241107843,57,118,11,11
1631832750959,32.88091848136961,-117.23007633965416,71.51354023977724,56,117,11,11
1631832751074,32.88092298698263,-117.23006627134542,71.50366021827911,54,116,11,11
1631832751151,32.88092747558667,-117.23005624425286,71.49709873722665,53,115,11,11
1631832751317,32.88093194313545,-117.23004620434536,71.48919486375004,52,114,11,11
1631832751436,32.88093637781557,-117.23003613951494,71.47749104362383,52,114,11,11
1631832751529,32.88094085815061,-117.23002610883388,71.46444565438263,51,113,11,11
1631832751678,32.88094534187842,-117.23001605674679,71.45525249508759,50,112,11,11
1631832751890,32.88096344294942,-117.22997600565802,71.41727192955508,48,109,11,11
1631832752006,32.88096794916253,-117.22996602404528,71.41337441402833,48,109,11,11
1631832752102,32.88097244795852,-117.22995608107662,71.40818115256182,46,107,11,11
1631832752269,32.88097699540152,-117.22994615618492,71.40340805269322,45,105,10,11
1631832752490,32.8809901927179,-117.22991674726342,71.38334954187629,43,101,10,11
1631832752624,32.880994537552304,-117.22990702836256,71.38172323598447,42,100,10,11
1631832752740,32.8809988181974,-117.22989733392528,71.37768609719726,42,100,10,11
1631832752888,32.881003094267726,-117.2298876760104,71.36639308485948,42,99,10,11
1631832753001,32.88100729545484,-117.229878139434,71.35506268194912,41,98,10,11
1631832753113,32.88101144319527,-117.22986866236631,71.3458010433336,41,98,10,11
1631832753258,32.88101556727053,-117.22985924319212,71.33708412750856,41,98,10,11
