3600049670156,32.72921629015874,-117.10642647299831,28.880537393864465,85,125,15,11
3600049670245,32.72923345126026,-117.10645360756862,28.968926442638818,85,125,15,11
3600049670464,32.72925052593568,-117.10648081848949,29.056845140996714,85,125,15,11
3600049670565,32.72926750792321,-117.1065081239795,29.146155061660398,85,125,15,11
3600049670646,32.72928439546587,-117.10653551427328,29.231108388464943,85,125,15,11
3600049670732,32.72930117335511,-117.10656296569111,29.3072024449615,85,125,15,11
3600049670821,32.7293178568048,-117.1065905239419,29.396235894234135,85,125,15,11
3600049670924,32.72933447341868,-117.10661815800594,29.48400872953477,85,125,15,11
3600049671008,32.7293510137342,-117.10664584473261,29.562252501165524,85,125,15,11
3600049671092,32.72936749799699,-117.10667359152522,29.639521804918452,85,125,14,11
3600049671180,32.72938391685838,-117.106701391544,29.715962691310676,85,125,14,11
3600049671253,32.72940027576423,-117.10672924866277,29.793072882274167,85,125,14,11
3600049671471,32.72941656989183,-117.10675715161487,29.867444673208688,85,125,14,11
3600049671583,32.72943279495391,-117.10678511355843,29.941141712411007,85,125,14,11
3600049671662,32.72944894642637,-117.10681311215008,30.008992156942146,85,125,14,11
3600049671748,32.72946504219038,-117.10684115002333,30.077141066852466,85,125,14,11
3600049671832,32.729481080270354,-117.10686921267084,30.142685952424902,85,125,15,11
3600049671933,32.72949706118168,-117.10689729124252,30.20537803508202,85,125,15,11
3600049672074,32.72951302225164,-117.1069254177709,30.267444110308848,84,125,15,11
3600049672168,32.72952891751493,-117.10695352839922,30.329842170496654,84,125,15,11
3600049672249,32.72954473776796,-117.10698165757402,30.38963304272,84,125,15,11
3600049672330,32.72956051270286,-117.10700979872229,30.450464309464113,83,125,15,11
3600049672566,32.729576254884925,-117.10703795927344,30.515579872024148,83,125,15,11
3600049672645,32.72959193395189,-117.10706612980705,30.574744635595728,83,125,15,11
3600049672740,32.729607566943656,-117.10709431775948,30.63505822981201,83,125,15,11
3600049672826,32.729623152532824,-117.10712248838018,30.697161528761555,82,125,15,11
3600049672897,32.72963870412978,-117.1071506763494,30.758535315903696,82,125,15,11
3600049673012,32.7296542064679,-117.10717884136157,30.81758891217399,82,125,15,11
3600049673094,32.72966967888613,-117.10720700693223,30.87888359175105,82,125,15,11
3600049673180,32.72968512848073,-117.10723515279756,30.937245742847043,82,125,15,11
3600049673270,32.729700576024705,-117.10726330389295,30.997574713611424,81,124,15,11
3600049673441,32.72976214354164,-117.10737561969894,31.255622531459508,81,124,15,11
3600049673543,32.72977750672815,-117.10740362076054,31.321471748408268,81,124,15,11
3600049673655,32.72979287980413,-117.10743161971834,31.387012345786633,81,124,15,11
3600049673768,32.72980823368941,-117.10745957810278,31.45340253899485,81,124,15,11
3600049673906,32.72982356512948,-117.10748752346844,31.52254042965404,81,124,15,11
3600049673998,32.72983886694011,-117.10751543988772,31.591698161785192,81,124,15,11
3600049674086,32.729854160624235,-117.10754332299128,31.66147493737131,81,124,15,11
3600049674167,32.729869458484174,-117.10757117691615,31.733855879299362,81,124,15,11
3600049674329,32.72988475268254,-117.10759903823599,31.805767037711526,80,124,15,11
3600049674486,32.72990001517502,-117.1076268541495,31.875822777339906,80,124,15,11
3600049674567,32.72991526405515,-117.10765463037174,31.945735788370293,80,124,15,11
3600049674672,32.72993052099248,-117.1076823831489,32.01932561246908,80,124,15,11
3600049674764,32.7299457635443,-117.10771008524753,32.09128075992275,80,124,14,11
3600049674869,32.729961001966025,-117.10773778061959,32.155824137047766,80,124,12,11
3600049674958,32.729976251057295,-117.1077654774944,32.21883566085058,80,124,12,11
3600049675060,32.72999147281528,-117.1077931129442,32.28476543216929,81,124,9,11
3600049675151,32.730006685073185,-117.1078207201506,32.34637878365235,81,124,7,11
3600049675239,32.73002190412248,-117.10784832265145,32.412161443244464,81,124,6,11
3600049675338,32.73003716826726,-117.10787587050223,32.480898131653746,83,125,7,14
3600049675512,32.73005242062406,-117.10790340038601,32.55191416376688,85,127,7,14
3600049675582,32.7300676760293,-117.10793090440986,32.623233287008105,87,128,7,14
3600049675666,32.730082874924115,-117.1079583821963,32.70045431089061,90,129,0,13
3600049675763,32.73009805512742,-117.10798583123821,32.76984035875703,92,131,0,13
3600049675844,32.73011323756857,-117.10801327987018,32.843894321480015,95,133,0,13
3600049676009,32.7301284187729,-117.10804070130476,32.91297701028902,98,135,0,13
3600049676102,32.73014360861686,-117.10806810739696,32.98270068226977,101,137,0,13
3600049676181,32.73015879672862,-117.10809549661401,33.050519883207734,104,138,0,13
3600049676268,32.73017398307377,-117.10812288035893,33.120372282322066,107,140,0,13
3600049676432,32.730189158144235,-117.1081502460228,33.18656683212111,110,142,0,13
3600049676537,32.730204332381746,-117.10817761482838,33.256528088230375,113,144,0,13
3600049676625,32.73021948833521,-117.1082049638063,33.32147014263486,116,146,0,13
3600049676714,32.73023464114574,-117.10823231207137,33.389744600528694,119,148,0,13
3600049676796,32.730249788038016,-117.10825965038842,33.45618990039683,123,149,0,13
3600049676877,32.73026493395435,-117.10828697914855,33.52288154071387,126,151,0,13
3600049676982,32.730280077028524,-117.10831428952477,33.5865527969015,130,153,0,13
3600049677074,32.73029522866151,-117.1083416029876,33.654830649547094,134,155,0,13
3600049677202,32.7303103606,-117.10836890186316,33.71542056225946,137,157,14,11
3600049677278,32.73032551119619,-117.10839618683553,33.780925487959195,141,159,0,13
3600049677490,32.730340691163974,-117.10842356738476,33.84272533078646,143,161,14,11
3600049677572,32.730355852462324,-117.10845093324667,33.900044230335645,144,163,14,11
3600049677669,32.73037098660433,-117.10847830411055,33.95612696515618,145,164,14,11
3600049677754,32.730386140548326,-117.10850569908563,34.01083688700419,146,166,13,11
3600049677890,32.73044670671691,-117.10861521255475,34.21876136118388,148,171,0,13
3600049677999,32.730461827140246,-117.1086424856232,34.277149706865785,152,174,0,13
3600049678173,32.730476939314514,-117.10866975562767,34.333879780760874,156,176,0,13
3600049678297,32.73049205436857,-117.10869702812586,34.390670605194444,160,178,0,13
3600049678415,32.730507169224495,-117.10872430201951,34.446028893091125,164,180,0,13
3600049678506,32.73052228613875,-117.10875157514745,34.5003820916986,168,182,0,13
3600049678592,32.73053741279127,-117.1087788489202,34.55658668482119,172,184,0,13
3600049678699,32.73055254703298,-117.10880613206984,34.61422458103489,177,187,0,13
3600049678806,32.730567669057116,-117.10883341744675,34.66780887127544,181,189,0,13
3600049678922,32.730582794203215,-117.10886071897778,34.72250560696561,186,191,0,13
3600049679010,32.73059792071043,-117.10888802257675,34.775473319701405,190,193,0,13
3600049679112,32.730613049765715,-117.10891533200149,34.827812039528006,194,195,0,13
3600049679190,32.730628186383214,-117.10894264453577,34.8789866787403,199,198,0,13
3600049679401,32.73064333259152,-117.10896996773637,34.93073045725353,204,200,0,13
3600049679522,32.73065848902438,-117.10899727602715,34.976805063628525,209,202,0,13
3600049679625,32.730673651389296,-117.10902476589622,35.017468713677445,208,204,15,11
3600049679706,32.73068880844802,-117.10905227051683,35.046090534364694,206,206,15,11
3600049679789,32.730704009573316,-117.10907989661919,35.06969555714229,200,206,15,11
3600049679891,32.7307192066075,-117.10910749253034,35.08372692944952,193,207,15,11
3600049680034,32.73073444897694,-117.10913500924033,35.094479950958956,186,207,15,11
3600049680117,32.73074969457421,-117.10916254002163,35.100479769638994,179,207,15,11
3600049680207,32.730764962011264,-117.10919002981908,35.09920091044922,172,207,15,11
