1619904373940,32.82069259007473,-117.21378748201464,64.82069808143011,45,91,11,11
1619904374092,32.8206923962343,-117.2137961615082,64.80129644702889,45,90,11,11
1619904374209,32.820692210446126,-117.21380489847989,64.78241873044074,44,90,11,11
1619904374321,32.82069206747917,-117.21381357043765,64.76006345543063,44,90,10,11
1619904374497,32.82069159772527,-117.21383941132778,64.68373236047353,42,88,11,11
1619904374609,32.82069146379247,-117.21384789505646,64.65667559424188,41,88,11,11
1619904374724,32.82069130616876,-117.21385640375411,64.63005638347323,40,86,11,11
1619904374902,32.82069113575428,-117.21386472734014,64.59856623915292,39,85,11,11
1619904375046,32.820690962084974,-117.21387296058762,64.56794669413192,38,84,11,11
1619904375182,32.820690828423295,-117.21388114641178,64.53958143883341,37,82,11,11
1619904375318,32.820690671314075,-117.21388922946068,64.5159985566374,37,82,11,11
1619904375504,32.82068989036101,-117.21392072170126,64.42659303709891,35,79,11,11
1619904375616,32.82068963488886,-117.21392837503558,64.4083841482495,35,78,11,11
1619904375778,32.820689408888235,-117.21393598789743,64.3886671690159,35,78,11,11
1619904375911,32.82068916022528,-117.21394352163968,64.36983881387985,34,77,11,11
1619904376066,32.8206888356758,-117.21395102696478,64.34877683574233,34,77,11,11
1619904376201,32.820688432584,-117.21395833947601,64.32613374867988,34,77,11,11
1619904376314,32.82068799251724,-117.21396551267355,64.29378280002159,34,76,11,11
1619904376522,32.82068565521681,-117.21399375888177,64.21145261804541,35,76,11,11
1619904376634,32.82068483903444,-117.21400064378882,64.20595264733107,35,76,11,11
1619904376790,32.82068395160797,-117.21400739937025,64.19120881556954,35,76,11,11
1619904376920,32.82068304392359,-117.21401403579854,64.17192588718108,35,76,11,11
1619904377065,32.82068205573519,-117.21402055944456,64.14923700503226,35,76,11,11
1619904377217,32.820680920078615,-117.21402691972347,64.13077845163808,36,77,11,11
1619904377397,32.8206757216925,-117.21405080645388,64.05582410118627,40,80,11,11
1619904377568,32.820674183499335,-117.21405635881682,64.03305988267653,41,80,11,11
1619904377682,32.82067257811801,-117.21406176340243,64.01144039036963,41,81,11,11
1619904377835,32.820670916929494,-117.21406703814058,63.998087066262215,42,81,11,11
1619904378000,32.82066555217583,-117.21408199627709,63.95516011762545,45,83,11,11
1619904378118,32.820663630014735,-117.21408668416527,63.9372311051378,45,84,11,11
1619904378236,32.82066168050566,-117.21409126848607,63.91978215204353,45,84,11,11
1619904378352,32.82065964425646,-117.21409571138234,63.90280157101362,45,84,11,11
1619904378440,32.82065757198849,-117.21410004940225,63.88343196196071,45,83,11,11
1619904378665,32.820655478699244,-117.21410428614912,63.86224284650856,44,83,11,11
1619904378898,32.82064655387914,-117.21412028363005,63.795162075729884,39,78,11,11
1619904379033,32.8206441764459,-117.21412412111144,63.778352441886426,38,77,11,11
1619904379167,32.820641687694085,-117.21412787556031,63.76223141304961,36,75,11,11
1619904379282,32.82063910801755,-117.21413157429338,63.744417777725104,35,73,11,11
1619904379393,32.82063644146069,-117.21413521863332,63.72467029939346,34,72,11,11
1619904379495,32.82063365985251,-117.21413879085313,63.70498894376164,34,71,11,11
1619904379667,32.82063076806712,-117.21414228135222,63.68550209184782,34,70,11,11
1619904379899,32.82061821748142,-117.21415531820213,63.58969637509986,32,67,11,11
1619904380041,32.820614828011756,-117.21415834784766,63.56321957286423,31,66,11,11
1619904380157,32.82061132777693,-117.21416128921302,63.53532280706218,31,65,11,11
1619904380269,32.82060772678082,-117.21416412377496,63.50467525621234,31,65,11,11
1619904380383,32.820604009416634,-117.21416684415526,63.47121746375473,31,65,11,11
1619904380480,32.820600211752236,-117.2141694833157,63.43958660782591,31,64,11,11
1619904380796,32.82058434918424,-117.21417926171286,63.29280003957898,32,64,11,11
1619904380940,32.82058029316968,-117.21418150635657,63.25105704287045,32,64,11,11
1619904381075,32.820576168340054,-117.21418367304081,63.20618291337668,32,64,11,11
1619904381188,32.82057200924944,-117.21418570041854,63.16038725033751,32,64,11,11
1619904381304,32.820567797296796,-117.21418761240379,63.110103858266555,32,64,11,11
1619904381426,32.82056356554485,-117.21418943098585,63.064555924566505,32,64,11,11
1619904381522,32.82055931113519,-117.21419111533223,63.02116422392775,32,64,11,11
1619904381693,32.82055503706382,-117.21419271272762,62.97492553162587,31,64,11,11
1619904381786,32.820542288428925,-117.21419668575997,62.82945697567769,31,63,11,11
1619904381904,32.82053806776076,-117.21419775507202,62.78605119852992,30,62,11,11
1619904382038,32.82053384694592,-117.2141987085629,62.736831833574875,29,61,11,11
1619904382149,32.82052963881811,-117.21419955902233,62.68451718592471,29,61,11,11
1619904382265,32.82052544845593,-117.21420030390401,62.63756139506088,29,61,11,11
1619904382379,32.820521254149575,-117.21420096360676,62.596135517214606,29,60,11,11
1619904382478,32.82051706244536,-117.21420154696148,62.55187991454505,29,60,11,11
1619904382704,32.820512911007135,-117.21420200780759,62.50405248567119,28,59,11,11
1619904382785,32.820500676994506,-117.21420273225428,62.363970757506536,27,58,11,11
1619904382910,32.82049677593852,-117.21420277434241,62.31702220185543,27,57,11,11
1619904383045,32.82049299797739,-117.21420273149853,62.268560325894796,27,57,11,11
1619904383155,32.82048934376406,-117.21420264327206,62.21696096276722,27,57,11,11
1619904383271,32.820485801197634,-117.21420245267358,62.1703632710296,27,57,11,11
1619904383391,32.820482366555424,-117.21420220687675,62.12474711176115,28,57,11,11
1619904383481,32.820479027599106,-117.21420193276377,62.083092013767725,28,57,11,11
1619904383654,32.8204757825812,-117.21420159970084,62.0474929879831,28,57,11,11
1619904383767,32.8204726512194,-117.21420121874698,62.01289910204924,28,58,11,11
1619904383922,32.82046963644311,-117.21420082298455,61.97942285481416,29,58,11,11
1619904384054,32.82046673979027,-117.21420039878825,61.94703868605285,30,59,11,11
