1614906451919,32.80322882447125,-117.21330304818909,-18.88350963668347,38,83,11,11
1614906452111,32.80320346811553,-117.21328636824579,-18.942014869890404,38,83,11,11
1614906452244,32.803178104052776,-117.21326976277015,-19.001871896280388,38,83,11,11
1614906452413,32.803152783854664,-117.21325318625081,-19.067727547477492,38,83,11,11
1614906452531,32.803127480543075,-117.21323668054657,-19.13634406524112,38,83,11,11
1614906452711,32.80302656214471,-117.21317121486439,-19.383339584200026,38,83,11,11
1614906452822,32.80300141352466,-117.21315507350528,-19.447085721812233,38,83,11,11
1614906452980,32.80297628684942,-117.21313901416401,-19.512120099848055,39,84,11,11
1614906453095,32.802951139120665,-117.21312309584889,-19.575796840445538,39,84,11,11
1614906453285,32.802925956481005,-117.21310726562287,-19.634977084538235,40,85,11,11
1614906453511,32.80282520194252,-117.21304459408485,-19.86546852452452,41,87,11,11
1614906453654,32.80279996890741,-117.21302898815037,-19.927964743598537,41,87,11,11
1614906453766,32.802774694181004,-117.21301339021433,-19.988292478613268,41,87,11,11
1614906453878,32.802749421654795,-117.21299781195172,-20.06132521774451,40,86,11,11
1614906454045,32.80272412359801,-117.2129822312512,-20.13254028610839,39,85,11,11
1614906454157,32.80269877027393,-117.21296666571061,-20.197431284144713,39,84,11,11
1614906454302,32.80267339063481,-117.21295114206171,-20.256660600976886,38,83,11,11
1614906454513,32.802571409077096,-117.2128891027135,-20.477838389848856,36,81,11,11
1614906454645,32.80254581259118,-117.21287359477421,-20.521713307324518,36,80,11,11
1614906454747,32.802520166950764,-117.21285809635589,-20.571636616311284,36,80,11,11
1614906454937,32.80249455247828,-117.21284259130917,-20.62627958820435,36,80,11,11
1614906455050,32.80246889437544,-117.21282709553938,-20.671177343262013,37,81,11,11
1614906455164,32.802443241167246,-117.21281163675634,-20.7150092181134,37,81,11,11
1614906455312,32.802366353992035,-117.21276542784041,-20.8308601861431,37,80,11,11
1614906455424,32.80234078132319,-117.21275008114786,-20.868015833496706,37,80,11,11
1614906455544,32.802315208635804,-117.21273480287132,-20.90715992315663,37,80,11,11
1614906455677,32.80228970080165,-117.21271955692316,-20.94442673655971,37,80,11,11
1614906455767,32.80226423771039,-117.2127043472366,-20.97876073199277,37,80,11,11
1614906455882,32.80223878304427,-117.21268922402638,-21.00928174845215,37,80,11,11
1614906456037,32.80221342551945,-117.21267411271339,-21.03528097182733,37,81,11,11
1614906456317,32.80211229771447,-117.21261435518032,-21.152790736849205,38,81,11,11
1614906456439,32.80208708898394,-117.2125995672129,-21.172606446139817,38,81,11,11
1614906456556,32.80206187987946,-117.21258480287065,-21.19205625504456,38,82,11,11
1614906456687,32.80203669694043,-117.21257009317024,-21.216052893121237,39,82,11,11
1614906456800,32.802011500927094,-117.2125554010371,-21.240283906682187,39,83,11,11
1614906456887,32.80198631896017,-117.21254077599657,-21.268071880246946,40,83,10,11
1614906457079,32.80196107914888,-117.21252618449995,-21.286379384532182,40,84,10,11
1614906457187,32.80188514557178,-117.21248273801152,-21.34278723531396,41,85,10,11
1614906457314,32.80185981082764,-117.21246823848277,-21.360387517951768,41,85,10,11
1614906457473,32.801834420407275,-117.21245381287073,-21.383208376459024,41,86,10,11
1614906457594,32.80180901329939,-117.21243936589428,-21.405208102298605,41,86,10,11
1614906457694,32.801783578602176,-117.21242491800558,-21.42416930858072,41,86,10,11
1614906457812,32.80175811720168,-117.2124104766988,-21.444373764671774,41,87,10,11
1614906457933,32.80173262405253,-117.21239605113232,-21.46293937459942,41,87,10,11
1614906458213,32.801630321328226,-117.2123382905489,-21.575801768225144,37,83,10,11
1614906458326,32.80160464207458,-117.21232392315343,-21.599618854472023,37,82,10,11
1614906458438,32.80157886099704,-117.21230955743026,-21.617933039554437,37,82,10,11
1614906458556,32.80155305647795,-117.21229521299065,-21.63899328423356,36,81,11,11
1614906458690,32.80152719447482,-117.21228085215193,-21.6650378995464,35,80,11,11
1614906458802,32.801501314911995,-117.21226649682653,-21.693825711362695,35,80,11,11
1614906458892,32.801475369991685,-117.21225214956404,-21.723714758591598,35,79,11,11
1614906459274,32.801371037440404,-117.21219495062435,-21.833327316601807,33,76,11,11
1614906459390,32.80134483136052,-117.21218067848035,-21.857296755608974,33,75,11,11
1614906459502,32.80131855431593,-117.21216644964056,-21.87925771763628,32,73,11,11
1614906459620,32.80129222753528,-117.21215223943328,-21.90464106093372,31,72,11,11
1614906459754,32.801265848171234,-117.2121380409913,-21.926670670130896,31,71,11,11
1614906459872,32.8012394515027,-117.21212387226807,-21.94894895134506,30,70,11,11
1614906459984,32.80121304810813,-117.21210969056995,-21.97918990210007,30,69,11,11
1614906460228,32.801107574637726,-117.21205310223307,-22.07462210862876,29,67,11,11
1614906460345,32.80108125934282,-117.21203902519942,-22.104820227172226,29,66,11,11
1614906460458,32.801054978615,-117.21202494578426,-22.134226327948433,29,66,11,11
1614906460577,32.80102873741556,-117.21201084775308,-22.159257051661907,29,65,11,11
1614906460709,32.80100257075026,-117.21199672836012,-22.18989379018164,29,65,11,11
1614906460824,32.800976439542794,-117.21198256411118,-22.217192818454205,29,66,11,11
1614906460934,32.800950370323044,-117.21196832296842,-22.23942486754891,30,66,11,11
1614906461070,32.80092435332337,-117.21195402597242,-22.26057670782098,30,67,11,11
1614906461282,32.800846494144004,-117.21191072354542,-22.327158296069413,31,67,11,11
1614906461393,32.800820591688115,-117.2118961582342,-22.35304000453738,32,67,11,11
1614906461511,32.800794661555315,-117.21188152671344,-22.37499593784515,32,68,11,11
1614906461625,32.800768724048,-117.2118668282481,-22.40205787736285,33,68,11,11
1614906461766,32.80074274911226,-117.21185206205578,-22.430604531756387,33,69,11,11
1614906461879,32.800716715630216,-117.21183722823342,-22.457566513398938,33,69,11,11
1614906462164,32.800611556104826,-117.21177730769965,-22.552618226787086,35,71,11,11
