1632265722694,33.05291206493616,-117.07284247570746,81.77847952110935,44,109,15,11
1632265722814,33.05288663578863,-117.07284849171282,81.85716219551837,44,108,15,11
1632265722927,33.05286109980437,-117.07285449826006,81.93771247092725,43,107,15,11
1632265723061,33.05283566630495,-117.07286040926788,82.0187538881822,43,106,15,11
1632265723183,33.05281019423751,-117.0728662799837,82.10262822859305,43,105,15,11
1632265723296,33.052784731852185,-117.07287211666328,82.18577213964825,42,103,15,11
1632265723411,33.052759276234,-117.07287790396542,82.2690146215511,41,102,15,11
1632265723668,33.052657219889426,-117.07290063914886,82.63096756028656,41,101,15,11
1632265723786,33.052631706380176,-117.07290619515437,82.72166771703846,41,101,15,11
1632265723899,33.052606208199606,-117.07291165833918,82.81441893171518,41,100,15,11
1632265724031,33.052580681288006,-117.07291710168447,82.90144707834759,40,99,15,11
1632265724144,33.052554973435434,-117.07292255559051,82.98811774157082,40,99,15,11
1632265724257,33.05252945475735,-117.07292788761606,83.07079077762698,40,98,15,11
1632265724371,33.05250390401254,-117.07293316058121,83.15072921555887,40,98,15,11
1632265724559,33.0524272223941,-117.07294874989788,83.38243418285896,39,97,15,11
1632265724649,33.0524014466033,-117.07295386566746,83.45864193637688,39,96,15,11
1632265724817,33.05237588873336,-117.07295891682648,83.52858554811453,39,95,15,11
1632265724932,33.052350307735004,-117.07296386787051,83.60864357833232,38,94,15,11
1632265725081,33.05232472468136,-117.07296878826239,83.68809039163705,38,93,15,11
1632265725200,33.05229913963992,-117.07297371374038,83.77066777540406,38,93,15,11
1632265725308,33.052273536175235,-117.07297857289099,83.85599613733072,38,92,15,11
1632265725458,33.05219668752348,-117.07299283551355,84.10032454402679,36,89,15,11
1632265725540,33.052171073486214,-117.0729975396907,84.18832766120165,37,89,15,11
1632265725664,33.05214544507677,-117.07300217954214,84.28060259284263,37,89,15,11
1632265725810,33.05211981137617,-117.07300679868119,84.3717447170468,36,88,15,11
1632265725923,33.05209417679341,-117.07301138597992,84.46153972556041,36,88,15,11
1632265726057,33.052068519075014,-117.07301593231283,84.54837155406405,36,87,15,11
1632265726170,33.05204286968006,-117.07302044109386,84.62911614325567,36,87,15,11
1632265726320,33.05201722989952,-117.07302488239824,84.71037397801263,36,86,15,11
1632265726496,33.051940239436334,-117.07303781775452,84.94904225172307,35,84,15,11
1632265726609,33.051914558413046,-117.07304204377465,85.02911282194994,35,84,15,11
1632265726701,33.051888870293475,-117.07304618639544,85.11369774528576,35,84,15,11
1632265726853,33.05186315396765,-117.07305030291093,85.2001163820523,35,84,15,11
1632265726966,33.051837454175576,-117.07305432265197,85.28286509973485,36,85,15,11
1632265727115,33.051811749354364,-117.07305830596928,85.368113000434,36,85,15,11
1632265727230,33.05178601690474,-117.07306224757022,85.45502791009031,36,86,15,11
1632265727496,33.051683072239854,-117.07307749068178,85.79086668536914,38,88,15,11
1632265727610,33.051657293147954,-117.07308121515439,85.87469795721675,38,89,15,11
1632265727700,33.05163151726998,-117.07308484512554,85.95548909974259,38,89,15,11
1632265727851,33.05160576008031,-117.07308846076191,86.038925957019,39,90,15,11
1632265727973,33.05157999217074,-117.0730920160057,86.12651540704381,39,91,15,11
1632265728107,33.05155419156892,-117.07309553192947,86.21174101901678,40,91,15,11
1632265728238,33.05152843061506,-117.07309901839417,86.29481486763069,40,92,15,11
1632265728565,33.0514251636869,-117.07311246907257,86.60716766433433,40,93,15,11
1632265728682,33.05139934150121,-117.07311569989113,86.68378411093438,40,93,15,11
1632265728769,33.051373544417466,-117.07311889911529,86.75720009308384,40,93,15,11
1632265728919,33.05134760051037,-117.0731220647026,86.82593149469739,40,93,15,11
1632265729033,33.05132177580137,-117.073125183096,86.89793767579032,40,93,15,11
1632265729167,33.0512959485477,-117.07312827523798,86.96063820744422,40,93,15,11
1632265729355,33.051192442843146,-117.07314027073001,87.20763531539079,39,92,15,11
1632265729523,33.05116661655759,-117.07314314409842,87.27238987174442,39,92,15,11
1632265729639,33.05114075468818,-117.07314596606277,87.340260966754,40,93,15,11
1632265729769,33.05111491544614,-117.07314873970998,87.40434758948845,40,93,15,11
1632265729951,33.05108904638961,-117.07315147435045,87.47294966951367,40,93,15,11
1632265730155,33.050985356138185,-117.07316173829672,87.71829544014908,40,93,15,11
1632265730269,33.050959486279744,-117.07316416760617,87.7779112186026,40,93,15,11
1632265730429,33.05093361596986,-117.07316652858421,87.83822105627932,39,93,15,11
1632265730759,33.050830085345055,-117.07317533431184,88.07943820178679,39,92,15,11
1632265730872,33.0508041897036,-117.07317738568204,88.13653875583033,38,91,15,11
1632265731006,33.05077830924576,-117.07317938652744,88.19017944648226,38,91,15,11
1632265731204,33.0507523935842,-117.07318136192343,88.24662171987644,38,90,15,11
1632265731316,33.050726502753506,-117.07318328855028,88.29527645795181,37,90,15,11
1632265731566,33.05062288015789,-117.07319059082693,88.46145618573584,35,85,15,11
1632265731750,33.050596978795234,-117.07319230707186,88.50053388541896,34,83,15,11
1632265731862,33.05057104627916,-117.07319398285017,88.54386871585842,34,82,15,11
1632265731977,33.05054512307285,-117.07319562244211,88.58468264491684,33,80,15,11
1632265732125,33.050519208146696,-117.07319722256373,88.62376229729081,33,79,15,11
1632265732239,33.050493281995,-117.07319881759132,88.66282843314148,32,78,15,11
1632265732458,33.05038960420875,-117.07320454234464,88.80180051440198,29,71,15,11
1632265732631,33.05036368515873,-117.07320586420698,88.84592616580844,29,71,15,11
1632265732719,33.05033776190852,-117.07320712257507,88.8937049389937,29,71,15,11
1632265732868,33.050311840394535,-117.07320837535805,88.93939005455275,29,71,15,11
