1611883872636,32.8810674569363,-117.2298656173456,70.53121738357136,90,139,14,11
1611883872735,32.88106226830922,-117.22987650070539,70.53478179315164,90,139,14,11
1611883872891,32.88105705064153,-117.22988734803235,70.53950123765074,90,139,14,11
1611883872974,32.88105180504554,-117.22989816713567,70.54534628164602,90,138,14,11
1611883873077,32.88104654917122,-117.22990899825004,70.5572797620645,89,138,14,11
1611883873221,32.88104125821191,-117.22991993596165,70.57046043158208,89,137,14,11
1611883873292,32.88103595460501,-117.22993073209436,70.58213385746883,89,137,14,11
1611883873383,32.881030730966685,-117.22994152536228,70.5764371881874,89,137,14,11
1611883873528,32.881025532992275,-117.22995232919595,70.56220081701554,89,136,14,11
1611883873628,32.881020308309246,-117.2299631383753,70.55694828810098,89,136,14,11
1611883873710,32.88101506068086,-117.22997393665769,70.55602152565582,88,136,13,11
1611883873804,32.88100978303557,-117.22998481010949,70.55427300373574,88,135,13,11
1611883873889,32.88100455861756,-117.22999559020644,70.54919952818973,88,135,13,11
1611883874025,32.88099931859982,-117.23000636009365,70.54880723699239,88,135,13,11
1611883874125,32.88099407477264,-117.2300171336667,70.55023232570973,87,134,13,11
1611883874207,32.880988833573355,-117.23002791491446,70.55424850330397,87,134,13,11
1611883874298,32.88098361672349,-117.23003869872619,70.5610893036159,87,134,13,11
1611883874379,32.88097838015711,-117.2300495870701,70.56566486154988,87,133,13,11
1611883874523,32.88097319467826,-117.23006037323277,70.56845024621269,87,133,13,11
1611883874615,32.880968009900705,-117.23007116004038,70.57339846740348,86,133,13,11
1611883874707,32.880962831187254,-117.23008194619372,70.5790750512164,86,133,13,11
1611883874802,32.88095769409991,-117.23009275078542,70.58470056822885,86,133,13,11
1611883874885,32.88095258264985,-117.23010353469942,70.58957928545233,86,132,15,11
1611883875020,32.88094746359223,-117.23011442261412,70.59275455167389,86,132,15,11
1611883875124,32.88094242424301,-117.23012518181119,70.59476715330358,86,132,15,11
1611883875263,32.880937449739434,-117.23013593391498,70.59717250542569,86,132,15,11
1611883875337,32.8809324895749,-117.2301466631795,70.59885132553232,85,131,15,11
1611883875428,32.880927587483505,-117.23015734570723,70.59807397437423,85,131,15,11
1611883875564,32.880922718012556,-117.23016798237462,70.59630130954461,85,131,15,11
1611883875673,32.88091783381021,-117.23017870818646,70.59872681753173,85,131,15,11
1611883875757,32.88091305059547,-117.23018932026287,70.60850304796061,85,131,15,11
1611883875862,32.88090831613653,-117.23019988266833,70.61589431615795,85,130,15,11
1611883875932,32.88090358836578,-117.23021040168541,70.61828795387208,85,130,15,11
1611883876079,32.880898910060566,-117.2302208955002,70.62208661071075,85,130,15,11
1611883876183,32.8808942647289,-117.23023134955885,70.6262576733057,84,130,15,11
1611883876266,32.88088961925497,-117.23024186892306,70.62669767361962,84,130,15,11
1611883876349,32.880885068531754,-117.2302522255217,70.621216823161,84,129,15,11
1611883876431,32.88088055462274,-117.23026256922762,70.61732148479086,84,129,15,11
1611883876558,32.880876071562845,-117.23027288085903,70.61917933931574,84,129,15,11
1611883876670,32.88087158890976,-117.23028313875507,70.62455728191388,84,129,15,11
1611883876763,32.88086713242599,-117.23029333711564,70.62699355465446,84,129,15,11
1611883876860,32.88086265339307,-117.23030358717743,70.62549304214404,83,129,15,11
1611883876996,32.88085822323538,-117.23031365172581,70.62508439790355,83,129,15,11
1611883877077,32.88085381787016,-117.23032367597648,70.62420302033804,83,128,15,11
1611883877237,32.880849439051836,-117.23033367976748,70.62407522059367,83,128,15,11
1611883877326,32.880845108049684,-117.23034364537169,70.62459548139135,83,128,15,11
1611883877411,32.880840770009236,-117.23035353402473,70.6245409234186,83,128,15,11
1611883877503,32.88083644627394,-117.23036339625564,70.62524974559678,83,128,15,11
1611883877639,32.8808321142238,-117.23037320155237,70.63049653303429,83,128,15,11
1611883877767,32.88081491172657,-117.23041213175331,70.63299879539488,83,127,14,11
1611883877865,32.88081062003712,-117.23042179749265,70.62878805729108,83,127,14,11
1611883877983,32.880806350196295,-117.23043149153945,70.62071785894689,83,127,14,11
1611883878072,32.88080204069514,-117.23044115220229,70.61662837209369,83,127,14,11
1611883878160,32.8807977731961,-117.23045084197514,70.61192751496608,83,127,14,11
1611883878259,32.88079348121069,-117.23046053697192,70.60610078620878,83,127,14,11
1611883878370,32.880789190520474,-117.23047025094135,70.60094414410207,83,127,14,11
1611883878485,32.880784865609144,-117.23047998101538,70.6065631681552,83,127,14,11
1611883878577,32.880780554211704,-117.23048973238056,70.60565532135492,83,127,14,11
1611883878680,32.88077624534124,-117.2304995060925,70.60154617767905,83,126,14,11
1611883878796,32.88077188836432,-117.23050929584447,70.5990992600804,83,126,14,11
1611883878908,32.880767531047034,-117.23051914808477,70.60203274909335,84,126,13,11
1611883879017,32.880763172224604,-117.23052902995911,70.60545301090056,83,126,13,11
1611883879156,32.88075881864964,-117.23053894112473,70.60370419413992,84,126,13,11
1611883879243,32.88075444038911,-117.23054884924814,70.59692072829193,84,126,15,11
1611883879327,32.88075003823294,-117.2305587695212,70.59059790355009,84,126,15,11
1611883879462,32.880745627042245,-117.2305687266721,70.58582876159814,84,126,15,11
1611883879573,32.88074118916112,-117.2305787046881,70.58433638458108,84,126,15,11
1611883879658,32.8807367730938,-117.23058871409495,70.58796885475071,84,126,13,11
1611883879753,32.880732332964236,-117.2305987492546,70.59168069659313,84,126,13,11
1611883879836,32.880727889139514,-117.23060880345821,70.59522610323113,84,126,13,11
1611883879982,32.88072343612432,-117.23061884940851,70.60244780005506,84,126,13,11
1611883880084,32.88071899081741,-117.23062892344082,70.60664221037236,84,126,12,11
1611883880172,32.880714547851156,-117.2306390388039,70.62003809795935,84,126,12,11
1611883880257,32.880710072054896,-117.23064913400232,70.63807660302251,84,126,13,11
1611883880340,32.88070561759386,-117.23065922116014,70.64907202195471,84,126,13,11
1611883880453,32.88070118524184,-117.23066929095374,70.65278896207865,84,126,13,11
1611883880584,32.880696784785854,-117.23067929969974,70.65535724190224,84,126,13,11
1611883880664,32.880692454116314,-117.23068922464063,70.6541711928543,84,126,13,11
1611883880767,32.88068817795717,-117.23069899936542,70.65304080805556,84,126,12,11
1611883880847,32.880683961433064,-117.23070862135633,70.65095755811492,84,125,12,11
1611883880935,32.88067981638931,-117.23071809109767,70.65246633998485,84,125,12,11
1611883881085,32.880675753685345,-117.23072740363244,70.65975487497155,85,125,12,11
1611883881229,32.88067176085049,-117.23073653944108,70.6678996686051,85,125,12,11
1611883881314,32.88066785395797,-117.23074548091648,70.67487107278093,85,125,12,11
1611883881406,32.88066403790022,-117.23075425845853,70.67949560795383,85,125,12,11
1611883881542,32.88066030290246,-117.23076286748108,70.68187110561114,85,125,13,11
1611883881653,32.88065665207427,-117.23077128802633,70.6869138444586,85,125,13,11
1611883881733,32.88065308321548,-117.23077952928897,70.69141390701576,85,125,13,11
1611883881823,32.880649573009954,-117.23078755485908,70.69580163082396,85,125,13,11
1611883881983,32.88064616376002,-117.23079541720293,70.69746329445867,85,125,13,11
1611883882060,32.88064284018094,-117.2308030911814,70.69838197931942,85,125,13,11
1611883882167,32.880639592526684,-117.23081057056605,70.69948047821669,85,125,13,11
1611883882251,32.880636414671464,-117.23081787089374,70.70189809662736,85,125,13,11
1611883882335,32.88063331619204,-117.230824975485,70.70279661895988,85,125,13,11
1611883882417,32.88063031366991,-117.23083189879475,70.70366520408632,85,125,13,11
1611883882525,32.880627409708325,-117.23083863330729,70.70615205971863,85,125,13,11
1611883882656,32.88062457492639,-117.23084515268113,70.70636992274055,86,125,13,11
1611883882745,32.880621822064654,-117.23085145263974,70.71086313099003,85,125,11,11
