1616534374990,32.85524507862944,-117.25371381424684,-28.218809613456568,62,110,13,11
1616534375174,32.855258436270624,-117.2537132580205,-28.254374410172485,62,110,13,11
1616534375293,32.855271871372715,-117.25371267201979,-28.255352557994676,60,108,13,11
1616534375488,32.855325662471394,-117.25370993479913,-28.231347053076547,59,106,13,11
1616534375601,32.855339058670225,-117.25370918907807,-28.221552156781154,59,105,13,11
1616534375778,32.85535236564961,-117.25370830662793,-28.23497609024236,58,104,13,11
1616534375891,32.85536571165863,-117.25370743366129,-28.239737970333465,57,103,13,11
1616534376057,32.85537910904147,-117.2537064532491,-28.218373321840446,57,102,12,11
1616534376189,32.85539254768124,-117.25370544651472,-28.196948706217544,56,102,12,11
1616534376305,32.85540609681313,-117.25370437942333,-28.190148611886862,56,101,12,11
1616534376519,32.85545971182095,-117.2537000040812,-28.19409089676403,55,99,10,11
1616534376598,32.85547326085663,-117.25369887741644,-28.176564434372107,54,98,10,11
1616534376764,32.85548678046853,-117.2536977144984,-28.168529802869944,54,98,11,11
1616534376907,32.85550032498268,-117.25369654086673,-28.16274865669711,54,97,11,11
1616534377077,32.85551389711199,-117.25369535245109,-28.15891727423941,54,97,11,11
1616534377282,32.85556860054131,-117.25369046792605,-28.152961485517398,53,96,11,11
1616534377377,32.855582346510324,-117.25368925092589,-28.158014340801017,53,96,11,11
1616534377543,32.855596118296766,-117.25368802955393,-28.15557026427744,53,96,11,11
1616534377678,32.855609961644966,-117.2536868142802,-28.149342498145565,53,96,11,11
1616534377834,32.855623861190736,-117.25368562922876,-28.14177297412382,53,95,11,11
1616534378085,32.85567979758698,-117.25368094919001,-28.138964380115592,51,93,14,11
1616534378205,32.85569394778755,-117.25367976331529,-28.125035241170615,51,92,14,11
1616534378313,32.85570812809521,-117.25367860533387,-28.11248483994524,49,90,14,11
1616534378405,32.855722311241,-117.25367750516004,-28.113488763104307,48,88,14,11
1616534378650,32.85573651733315,-117.25367643769681,-28.12083217008678,48,88,14,11
1616534378786,32.85577951411461,-117.25367324013096,-28.1060788669817,45,83,14,11
1616534378901,32.85579381834986,-117.25367224073048,-28.117022140035388,45,83,14,11
1616534379045,32.85580825647196,-117.2536712629452,-28.09320387591132,45,83,14,11
1616534379159,32.85582277801404,-117.25367029952687,-28.061440901500756,45,83,14,11
1616534379273,32.855837336226394,-117.25366934957799,-28.050537904328962,45,83,14,11
1616534379386,32.85585185740196,-117.25366844879012,-28.05339394977506,45,83,14,11
1616534379478,32.855866428242955,-117.25366758320453,-28.05025536388128,45,83,14,11
1616534379645,32.85588104298878,-117.25366669460314,-28.04302337185287,46,84,14,11
1616534379896,32.855940040039094,-117.25366352514273,-28.036339023432,46,84,14,11
1616534380035,32.8559548568773,-117.25366283286866,-28.037065285682427,46,84,14,11
1616534380152,32.85596971484975,-117.25366215863555,-28.027682263625632,46,84,14,11
1616534380266,32.8559846784246,-117.25366154576696,-28.01677062231956,45,83,14,11
1616534380379,32.85599958837165,-117.25366093661903,-28.00420104869958,45,82,14,11
1616534380592,32.856044325432606,-117.25365924973657,-27.959544352950193,44,81,13,11
1616534380722,32.85605921120764,-117.2536587470096,-27.94138968143852,43,80,13,11
1616534380870,32.8560741388621,-117.25365820317795,-27.92122000906812,42,79,13,11
1616534381037,32.85608897672516,-117.25365771419192,-27.910830654235205,42,78,13,11
1616534381174,32.85610375986685,-117.2536572776672,-27.900995745212377,42,78,12,11
1616534381291,32.85611854336319,-117.25365683602766,-27.88513884423788,41,77,12,11
1616534381463,32.85617733495583,-117.25365503760857,-27.816083216745223,40,76,12,11
1616534381615,32.8561919570839,-117.25365457516484,-27.792898322019564,40,75,12,11
1616534381748,32.85620652523093,-117.2536541307219,-27.772136053244303,40,75,11,11
1616534381896,32.85622107477618,-117.25365361575119,-27.755939219252394,40,75,11,11
1616534382022,32.85623559952896,-117.25365311308882,-27.73521303472016,39,74,11,11
1616534382201,32.85625016555517,-117.25365258834533,-27.710141747341833,40,75,11,11
1616534382383,32.85630813045076,-117.25364979621294,-27.645916550335684,40,76,10,11
1616534382552,32.85632261116342,-117.25364898642029,-27.622415272422014,40,75,10,11
1616534382715,32.856337203692284,-117.25364815396271,-27.594360919993846,39,74,10,11
1616534382982,32.856395234357194,-117.25364502256328,-27.44374745799711,40,75,9,11
1616534383111,32.85640969427688,-117.25364433285405,-27.409475825482115,40,76,8,11
1616534383238,32.85642437993041,-117.25364349212377,-27.358178060062446,41,76,8,11
1616534383360,32.856438963533044,-117.25364264865999,-27.30346326171806,42,76,10,11
1616534383472,32.856453542914515,-117.25364186698407,-27.256119462567487,41,76,10,11
1616534383603,32.85646816253705,-117.25364114788773,-27.208099631820872,42,76,10,11
1616534383750,32.85648277974564,-117.25364039554256,-27.16443844017339,40,74,10,11
1616534383876,32.856526788385736,-117.2536382250427,-27.01861409837969,38,68,9,11
1616534384025,32.85654152223706,-117.25363747206822,-26.973833547490276,39,69,9,11
1616534384143,32.856556267770635,-117.25363670439162,-26.930367833018355,40,70,9,11
1616534384259,32.85657103452111,-117.25363592942287,-26.887215913512623,41,70,9,11
1616534384341,32.85658582989129,-117.25363513694316,-26.83903881668025,42,70,9,11
1616534384455,32.85660064000459,-117.25363434143975,-26.791671080746525,43,71,11,11
1616534384780,32.85666015278045,-117.2536310111337,-26.59748727931139,46,69,11,11
1616534384949,32.856675073882506,-117.25363018949285,-26.555564054623662,46,69,11,11
1616534385086,32.85669001656227,-117.25362935106108,-26.50840330366091,46,69,11,11
1616534385199,32.85670500094461,-117.25362854536243,-26.456485717935244,47,69,11,11
