1483235042467,32.87500064893029,-117.19753228849466,76.49519467405314,77,121,15,11
1483235042545,32.87500064575169,-117.19753228404343,76.49481982169179,77,120,15,11
1483235042630,32.875000645484306,-117.19753227195756,76.49441614826043,77,120,15,11
1483235042753,32.87500064470076,-117.19753225715309,76.4939501458101,77,120,15,11
1483235042864,32.87500064507904,-117.19753224981665,76.49321883529417,77,120,15,11
1483235042971,32.875000649083766,-117.19753223769895,76.49243398222805,77,120,15,11
1483235043065,32.87500064926057,-117.19753222153491,76.49177180199212,77,121,15,11
1483235043149,32.87500065077874,-117.19753220621931,76.49123471320895,77,120,15,11
1483235043293,32.87500065326278,-117.19753219204077,76.49065118911649,77,120,15,11
1483235043372,32.875000656056024,-117.19753218516912,76.48971251924917,77,120,15,11
1483235043477,32.87500066012156,-117.19753217166156,76.48905678896304,77,120,15,11
1483235043555,32.87500066245534,-117.19753216060298,76.48849472260656,77,120,15,11
1483235043638,32.87500066026907,-117.19753214992504,76.48781253069441,77,121,15,11
1483235043784,32.875000665206606,-117.19753213179685,76.48689863589945,77,120,15,11
1483235043865,32.875000668307614,-117.19753212284992,76.48633074216197,77,120,15,11
1483235044043,32.87500067066157,-117.19753210836926,76.48585306659206,77,120,15,11
1483235044225,32.8750006770646,-117.19753209519111,76.4848678458891,77,120,15,11
1483235044365,32.87500067458364,-117.19753207964364,76.48437673262501,77,120,15,11
1483235044441,32.8750006738649,-117.19753206542688,76.48374583936892,77,120,15,11
1483235044522,32.8750006756645,-117.19753205722154,76.48272740631951,77,120,15,11
1483235044623,32.87500067551333,-117.19753203873475,76.48182341637414,77,120,15,11
1483235044706,32.8750006755612,-117.1975320200237,76.4815018292703,77,120,15,11
1483235044789,32.87500067429751,-117.19753201232383,76.4808450441888,77,120,15,11
1483235044920,32.87500067554771,-117.19753199820566,76.47977448361891,77,120,15,11
1483235045011,32.87500067611064,-117.19753198116577,76.47873437241579,77,121,15,11
1483235045115,32.87500067443589,-117.19753197320556,76.47797465792242,77,120,15,11
1483235045210,32.87500067211195,-117.19753195876291,76.47725228964057,77,120,15,11
1483235045282,32.87500067178544,-117.1975319518391,76.47677232129622,77,120,15,11
1483235045435,32.87500067257953,-117.19753193737593,76.47612800498212,77,120,15,11
1483235045521,32.87500066851616,-117.19753193617458,76.47570768231517,77,120,15,11
1483235045624,32.87500066676233,-117.19753191947993,76.47519721778012,77,121,15,11
1483235045705,32.8750006629697,-117.19753191670235,76.47486403085517,77,120,15,11
1483235045874,32.875000657318076,-117.19753189108552,76.47237296878588,77,120,15,11
1483235045967,32.87500065409277,-117.19753189108485,76.47142878897337,77,121,15,11
1483235046120,32.87500065126728,-117.19753188149004,76.4707989080245,77,120,15,11
1483235046201,32.875000651548675,-117.19753187379874,76.47044371303522,77,120,15,11
1483235046281,32.8750006488608,-117.19753186687856,76.47010870832891,77,120,15,11
1483235046383,32.87500064380468,-117.19753186452908,76.46935995004267,77,120,15,11
1483235046475,32.87500064235345,-117.19753185904085,76.46882853091225,77,120,15,11
1483235046576,32.87500063864374,-117.19753185478794,76.46857571041309,77,121,15,11
1483235046720,32.87500063690739,-117.19753184377893,76.46813622127942,77,120,15,11
1483235046801,32.87500063879206,-117.19753183787374,76.46764067669996,77,120,15,11
1483235046906,32.87500063242805,-117.19753183075612,76.46712604575713,77,120,15,11
1483235046987,32.87500062952332,-117.19753182313508,76.46666007657028,77,120,15,11
1483235047139,32.875000623587894,-117.19753181938658,76.46640147633026,77,120,15,11
1483235047228,32.87500062290038,-117.19753180803801,76.46582969460393,77,121,15,11
1483235047314,32.875000623951486,-117.19753179620305,76.4654434751715,77,120,15,11
1483235047416,32.87500061981816,-117.19753179208335,76.46501178166436,77,120,15,11
1483235047495,32.87500062460484,-117.19753178226323,76.4648165959967,77,120,15,11
1483235047580,32.87500061267924,-117.197531780444,76.4643807925821,77,120,15,11
1483235047706,32.875000609860955,-117.19753177088892,76.46394329557117,77,120,15,11
1483235047799,32.875000611385666,-117.19753176208349,76.46359086346513,77,121,15,11
1483235047965,32.875000608269815,-117.19753175582248,76.46278040857958,77,120,15,11
1483235048059,32.87500060615721,-117.19753175580749,76.46212720924865,77,120,15,11
1483235048200,32.8750006043279,-117.19753174681102,76.46173261656959,77,120,15,11
1483235048278,32.87500059987936,-117.19753174646873,76.4617418134841,77,120,15,11
1483235048361,32.87500059603111,-117.19753174817612,76.46106040542824,77,120,15,11
1483235048461,32.87500059393881,-117.19753174472832,76.46038120086656,77,121,15,11
1483235048551,32.875000591155406,-117.19753174151316,76.45998917613352,77,120,15,11
1483235048633,32.875000585913874,-117.19753174255351,76.45903004661854,77,120,15,11
1483235048756,32.8750005825695,-117.19753174065187,76.4591357845677,77,120,15,11
1483235048847,32.87500058540625,-117.1975317448609,76.45836162347686,77,120,15,11
1483235048962,32.87500058084381,-117.19753174575477,76.45783858117375,77,120,15,11
1483235049043,32.87500058117471,-117.19753175266361,76.4568714360313,77,121,15,11
1483235049139,32.87500057437659,-117.19753175277887,76.45658564077848,77,120,15,11
1483235049276,32.87500057485452,-117.19753175759985,76.4556128560105,77,120,15,11
1483235049365,32.875000570967906,-117.19753176378389,76.45498132998102,77,120,15,11
1483235049468,32.87500056678045,-117.19753177189787,76.45415905577059,77,120,15,11
1483235049549,32.87500056472384,-117.1975317748265,76.45358653547261,77,120,15,11
1483235049631,32.87500055876982,-117.19753178640497,76.45259372415903,77,121,15,11
1483235049764,32.8750005523581,-117.19753179962933,76.4515962864981,77,120,15,11
1483235049844,32.875000547391984,-117.19753180332447,76.45085655155661,77,120,15,11
1483235050005,32.875000547682596,-117.1975318089865,76.44957578816522,77,120,15,11
1483235050124,32.87500053673771,-117.19753182451856,76.44885878201394,77,120,15,11
1483235050206,32.87500053847423,-117.19753183295605,76.44817269843075,77,120,15,11
1483235050323,32.8750005319108,-117.19753184335046,76.44748766521676,77,121,15,11
1483235050435,32.875000525597756,-117.19753185437405,76.44689839147088,77,120,15,11
1483235050535,32.87500052747185,-117.1975318632735,76.44637014695904,77,120,15,11
1483235050624,32.875000525741086,-117.19753186575642,76.44538134440963,77,120,15,11
1483235050708,32.87500051269519,-117.19753188979371,76.44459018522798,77,120,15,11
1483235050828,32.875000514450036,-117.19753190188236,76.44362550792349,77,120,15,11
1483235050922,32.8750005083969,-117.19753191074778,76.44317926927687,77,121,15,11
1483235051024,32.87500049760428,-117.19753192522543,76.44273500547776,77,120,15,11
1483235051115,32.87500049200914,-117.19753193870964,76.44183372465258,77,120,15,11
1483235051203,32.875000488844535,-117.19753195223359,76.44181751059837,77,120,15,11
1483235051342,32.87500047995385,-117.19753197536838,76.44100400990527,77,120,15,11
1483235051423,32.875000477267726,-117.19753198200806,76.44001474239894,77,120,15,11
1483235051534,32.87500047288303,-117.1975319858084,76.43974288976432,77,120,15,11
1483235051615,32.87500047162566,-117.19753199296937,76.43908811735379,77,120,15,11
1483235051698,32.8750004620073,-117.19753200880487,76.43806263115094,77,120,15,11
1483235051818,32.87500046298603,-117.19753201438097,76.43692111292934,77,120,15,11
1483235051978,32.875000454688916,-117.19753202539637,76.43631439556334,77,120,15,11
1483235052142,32.875000456813616,-117.19753201868626,76.43525395110423,77,121,15,11
1483235052223,32.87500045850907,-117.19753202474706,76.43461040710469,77,120,15,11
1483235052323,32.875000445218625,-117.19753202798837,76.43396517145372,77,120,15,11
1483235052474,32.8750004359306,-117.19753202942309,76.43084659652754,78,121,15,11
1483235052583,32.87500043221937,-117.19753202361127,76.43019337448149,77,120,15,11
