1611882930314,32.84546225347597,-117.19466153961562,34.43003859884382,77,120,15,11
1611882930434,32.845462449494434,-117.19463374199756,34.388852529392345,77,120,15,11
1611882930577,32.84546272281756,-117.19460589757072,34.34985141928105,77,120,15,11
1611882930656,32.84546306167226,-117.19457801592992,34.31028550711478,77,120,15,11
1611882930737,32.845463447586056,-117.1945500775511,34.274238839546776,77,120,15,11
1611882930974,32.845465639156025,-117.19443764551933,34.11925841326818,77,120,15,11
1611882931069,32.8454663429843,-117.19440950552045,34.07473599292699,77,120,15,11
1611882931176,32.84546711175505,-117.1943813123974,34.035463581751245,77,120,15,11
1611882931288,32.84546794828944,-117.19435308570961,33.99633727112424,77,120,15,11
1611882931422,32.845468865678875,-117.19432453191371,33.9608180071347,77,120,15,11
1611882931514,32.84546984577441,-117.19429623670172,33.91902843295747,77,120,15,11
1611882931595,32.84547090217513,-117.19426789583721,33.883830049299306,77,120,15,11
1611882931679,32.84547200951303,-117.19423953922498,33.84923651057037,77,120,15,11
1611882931786,32.845473183536114,-117.19421115178082,33.823327356900606,77,120,15,11
1611882931873,32.84547442070355,-117.19418267446342,33.816398356468156,77,120,15,11
1611882932029,32.845475717940545,-117.19415386035784,33.80498849439846,77,120,15,11
1611882932112,32.84547702791328,-117.19412531577566,33.775555167255625,77,120,15,11
1611882932192,32.84547837047702,-117.19409676273462,33.73286600422986,77,120,15,11
1611882932305,32.84547978249495,-117.19406815441613,33.69265026527472,77,120,15,11
1611882932436,32.8454812388298,-117.19403951090757,33.65577828616577,77,120,15,11
1611882932534,32.845482738775,-117.19401082246596,33.625732924231876,77,120,15,11
1611882932615,32.84548429005348,-117.19398207122603,33.59856052225255,77,120,15,11
1611882932697,32.84548585461853,-117.19395330902809,33.566682546933606,77,120,15,11
1611882932804,32.845487422942966,-117.19392447159996,33.53937313670674,77,120,15,11
1611882933004,32.8454890265007,-117.19389561776768,33.50640401440506,77,120,15,11
1611882933087,32.84549066602772,-117.19386672012881,33.474814129373094,77,120,15,11
1611882933165,32.84549235874455,-117.19383777210845,33.44241454734656,77,120,15,11
1611882933251,32.8454941001435,-117.19380878512746,33.41861315440063,77,120,15,11
1611882933364,32.845495890054046,-117.19377973708397,33.392587895087125,77,120,15,11
1611882933496,32.84549773065026,-117.19375066740254,33.36112098580615,77,120,15,11
1611882933586,32.84549962791218,-117.19372153163356,33.33720342022581,77,120,15,11
1611882933670,32.845501582447554,-117.19369235766696,33.30837096248106,77,120,15,11
1611882933752,32.845503595469594,-117.1936631422659,33.28224308950077,77,120,15,11
1611882933857,32.84550565054545,-117.19363387454312,33.26061363615099,77,120,15,11
1611882934005,32.845507776217836,-117.1936045507612,33.247025907925405,77,120,15,11
1611882934085,32.84550997393702,-117.19357511844264,33.24044394948368,77,120,15,11
1611882934177,32.84551222259642,-117.19354567400296,33.2168245705322,77,120,15,11
1611882934256,32.845514533723886,-117.19351617996598,33.192226319597324,77,120,15,11
1611882934370,32.845516885476684,-117.19348661815008,33.16860755815866,77,120,15,11
1611882934503,32.84551928667086,-117.19345696824664,33.15267864451162,77,120,15,11
1611882934596,32.84552175871557,-117.19342726880112,33.13448779480769,77,120,15,11
1611882934675,32.84552428830257,-117.19339749418032,33.121690507294495,77,120,15,11
1611882934760,32.84552687815735,-117.19336766060718,33.11108306933851,77,120,15,11
1611882934926,32.84552952176954,-117.19333779484637,33.10076191632939,77,120,15,11
1611882935002,32.84553222744662,-117.19330786430965,33.09553815595897,77,120,15,11
1611882935146,32.845534963659716,-117.19327792286555,33.08795882709914,77,120,15,11
1611882935230,32.84553780167765,-117.19324803377299,33.082661938617875,77,120,15,11
1611882935310,32.84554069106047,-117.19321818778093,33.084927933629636,77,120,15,11
1611882935429,32.845543639136984,-117.19318844188263,33.08287461210085,77,120,15,11
1611882935568,32.84554664359493,-117.1931588619051,33.077149046454956,77,120,15,11
1611882935658,32.845549668381864,-117.19312946452494,33.081857274945314,77,120,15,11
1611882935730,32.84555267614367,-117.1931003266798,33.07686836320057,77,120,15,11
1611882935823,32.84555567798313,-117.19307143751065,33.07238356085718,77,120,15,11
1611882935987,32.84555867295417,-117.19304277935674,33.07406863925188,78,120,15,11
1611882936068,32.84556167131386,-117.19301439214061,33.074709523567904,78,120,15,11
1611882936153,32.84556467690207,-117.19298624695719,33.07958635977854,78,120,15,11
1611882936232,32.84556770742562,-117.19295838989999,33.08042275935814,78,120,15,11
1611882936317,32.84557077954926,-117.19293080873643,33.083942210648836,78,120,15,11
1611882936433,32.84557387065231,-117.19290349927965,33.08635145646739,78,120,15,11
1611882936563,32.84557697295434,-117.19287649592901,33.07859575680705,79,120,15,11
1611882936659,32.84558007045242,-117.19284976465245,33.07240493887797,79,120,15,11
1611882936740,32.84558317441932,-117.19282332591386,33.063797048010635,79,120,15,11
1611882936840,32.84558628793685,-117.19279714321023,33.060892806518034,79,120,15,11
1611882937015,32.84558940207253,-117.19277125666491,33.05212465847486,79,120,15,11
1611882937096,32.84559253511054,-117.19274563960148,33.0430100157147,80,120,15,11
1611882937238,32.84559567591806,-117.1927202818043,33.0328735025124,80,120,15,11
1611882937319,32.84559881363237,-117.19269521092335,33.014987503913574,80,120,15,11
1611882937422,32.84560193595994,-117.19267037184976,33.0068234834965,81,120,15,11
1611882937526,32.8456050200689,-117.19264579732217,32.99604372431838,81,120,15,11
1611882937657,32.845608059272145,-117.19262147424556,32.9860071659552,81,120,15,11
1611882937749,32.84561104558806,-117.19259738294197,32.97700060776705,81,121,15,11
1611882937876,32.84562288446114,-117.19250303517694,32.936883901780206,82,121,15,11
1611882937986,32.845625879478135,-117.19247984278635,32.92889975889935,83,121,15,11
1611882938079,32.84562887192398,-117.1924567735236,32.921160368196425,83,121,15,11
1611882938160,32.84563187611561,-117.19243379567885,32.91110448566945,83,121,15,11
1611882938264,32.84563489604148,-117.19241085833777,32.904693212652425,84,121,15,11
1611882938416,32.84563791202768,-117.19238793857257,32.898410783846145,84,121,15,11
1611882938562,32.8456409297532,-117.19236506734597,32.882442537522635,84,121,15,11
1611882938650,32.84564396226007,-117.19234220401941,32.86863937654547,84,121,15,11
1611882938732,32.845646996341856,-117.19231933992224,32.86059644700665,85,121,15,11
1611882938837,32.84565002620311,-117.19229648952587,32.851714209661004,85,121,15,11
1611882938981,32.845653061597254,-117.19227361163007,32.848845014529914,85,121,15,11
1611882939123,32.84565608787786,-117.19225075832745,32.83675738314163,85,121,15,11
1611882939206,32.845659111940016,-117.1922278840184,32.82888433092795,85,121,15,11
1611882939364,32.84566211238485,-117.19220500071931,32.819463849822725,86,121,15,11
1611882939477,32.84566509992679,-117.19218212520164,32.80625070581745,86,121,15,11
1611882939608,32.845668080417944,-117.19215923978453,32.79725200423673,86,121,15,11
1611882939702,32.84567105812258,-117.19213630578085,32.80001037505803,86,121,15,11
1611882939783,32.84567404095272,-117.1921133688092,32.799289339970805,86,121,15,11
1611882939868,32.845677032345186,-117.19209041062015,32.797332881882035,86,121,15,11
1611882939970,32.84568005097831,-117.19206741332101,32.79782627941898,86,121,15,11
1611882940050,32.84568310014545,-117.19204441511992,32.78992298447375,86,121,15,11
1611882940190,32.84568621067408,-117.19202138340695,32.78696062733266,86,122,15,11
1611882940271,32.84568932825904,-117.1919982942821,32.78959895239772,86,122,15,11
1611882940362,32.84569244664817,-117.19197517606239,32.78809512863571,85,122,15,11
