1612399096323,32.75605823527259,-117.23395818737463,-27.31685352661175,77,121,15,11
1612399096470,32.75605822030354,-117.23395818281521,-27.316679712848124,77,121,15,11
1612399096571,32.756058207911025,-117.23395818251339,-27.31613525223813,77,121,15,11
1612399096662,32.756058188324175,-117.23395818309248,-27.315623033142213,77,121,15,11
1612399096743,32.75605817845102,-117.23395818066933,-27.31491642813703,77,121,15,11
1612399096833,32.7560581669156,-117.23395818685086,-27.314242247166515,77,121,15,11
1612399096936,32.75605815001029,-117.23395818640192,-27.31426930112145,77,121,15,11
1612399097084,32.75605814327599,-117.23395818412463,-27.314131183282804,77,121,15,11
1612399097162,32.75605812936122,-117.23395818209107,-27.31417142906288,77,121,15,11
1612399097243,32.75605812472566,-117.23395818447477,-27.31381352455745,77,121,15,11
1612399097325,32.75605811152384,-117.23395818589404,-27.313530270052905,77,121,15,11
1612399097466,32.756058104638655,-117.2339581831005,-27.313388921646844,77,121,15,11
1612399097567,32.756058093444146,-117.23395818724494,-27.31305938396143,77,121,15,11
1612399097662,32.75605808901516,-117.23395818856639,-27.313431784191394,77,121,15,11
1612399097736,32.756058079920805,-117.2339581874702,-27.313556868664097,77,121,15,11
1612399097826,32.75605807775889,-117.23395818936493,-27.313362987347567,77,121,15,11
1612399097919,32.75605806836754,-117.23395819467764,-27.313561845962347,77,121,15,11
1612399098083,32.75605806506452,-117.23395819984302,-27.31362570936712,77,121,15,11
1612399098167,32.756058058623836,-117.23395820063696,-27.313561698081614,77,121,15,11
1612399098321,32.75605805129078,-117.23395821383838,-27.31411897496717,77,121,15,11
1612399098428,32.75605804360866,-117.23395821494108,-27.314233067415874,77,121,15,11
1612399098542,32.75605804277872,-117.23395821976642,-27.31447688980325,77,121,15,11
1612399098617,32.756058039556756,-117.23395821769715,-27.314539582238062,77,121,15,11
1612399098794,32.75605804190336,-117.23395821928715,-27.314798135116106,77,121,15,11
1612399098880,32.75605803808114,-117.23395822795892,-27.314647476734535,77,121,15,11
1612399098961,32.756058037773826,-117.23395822669423,-27.314977255641455,77,121,15,11
1612399099060,32.7560580383111,-117.23395822993007,-27.31541632878554,77,121,15,11
1612399099142,32.75605803486532,-117.23395822827501,-27.315193396715728,77,121,15,11
1612399099287,32.756058036652746,-117.2339582334994,-27.315646523713877,77,121,15,11
1612399099409,32.75605803989188,-117.23395823288696,-27.315907629748047,77,121,15,11
1612399099502,32.75605803631781,-117.23395822784502,-27.316163536723874,77,121,15,11
1612399099574,32.75605804072503,-117.23395823562596,-27.315788917321097,77,121,15,11
1612399099673,32.75605803427272,-117.23395823108477,-27.315952786666944,77,121,15,11
1612399099843,32.75605803569874,-117.23395823892463,-27.316153796354143,77,121,15,11
1612399099925,32.75605803974845,-117.23395824183102,-27.316425090527087,77,121,15,11
1612399100010,32.75605803772758,-117.23395824205633,-27.316220086813665,76,121,15,11
1612399100091,32.756058039781124,-117.23395825074164,-27.31570451537504,77,121,15,11
1612399100231,32.75605804341739,-117.23395825032206,-27.315786103591726,77,121,15,11
1612399100370,32.75605804631216,-117.23395825905543,-27.315899408758558,77,121,15,11
1612399100462,32.75605804562127,-117.23395826106864,-27.31575783843748,77,121,15,11
1612399100559,32.75605804414038,-117.2339582684787,-27.31551914714899,77,121,15,11
1612399100658,32.756058050776296,-117.2339582687216,-27.315895573827422,76,121,15,11
1612399100750,32.756058054721855,-117.23395827243185,-27.31584738892391,76,121,15,11
1612399100857,32.75605805537359,-117.23395827369608,-27.315467156417125,77,121,15,11
1612399101008,32.756058058184394,-117.2339582846704,-27.31495100971804,77,121,15,11
1612399101089,32.75605806395089,-117.23395828857954,-27.315247685506403,77,121,15,11
1612399101172,32.75605806971177,-117.23395829418305,-27.315394652415932,77,121,15,11
1612399101254,32.75605806870047,-117.23395830158265,-27.31529111090752,76,121,15,11
1612399101407,32.75605807282977,-117.23395830966545,-27.315465668603494,76,121,15,11
1612399101488,32.756058077452096,-117.23395832322429,-27.315200018014934,77,121,15,11
1612399101579,32.75605807937825,-117.23395832673371,-27.31513082199175,77,121,15,11
1612399101649,32.75605808180875,-117.23395833370365,-27.315315072374,77,121,15,11
1612399101745,32.756058082605435,-117.2339583353436,-27.31533280752025,77,121,15,11
1612399101844,32.75605808750177,-117.23395834120628,-27.315047615299537,76,121,15,11
1612399101976,32.75605808634307,-117.23395834889335,-27.314910374529397,76,121,15,11
1612399102078,32.756058085415205,-117.23395836737342,-27.315111358180125,76,121,15,11
1612399102168,32.75605808659141,-117.23395842184011,-27.31564838202572,77,121,15,11
1612399102319,32.75605808208995,-117.23395851055405,-27.316425098240913,77,121,15,11
1612399102457,32.756058062694606,-117.23395864768473,-27.31695608916026,77,121,15,11
1612399102546,32.756058049926374,-117.23395884278031,-27.317260292257217,76,121,15,11
1612399102637,32.75605802349601,-117.23395909602908,-27.316893045571767,76,121,15,11
1612399102721,32.75605800251877,-117.23395940719159,-27.31687516193159,76,121,15,11
1612399102813,32.756057972707936,-117.23395977964425,-27.316641867506704,77,121,15,11
1612399102915,32.756057936787265,-117.23396019569327,-27.316560457623854,77,121,15,11
1612399102995,32.75605789615255,-117.23396067245307,-27.316854546698707,77,121,15,11
1612399103142,32.756057842455284,-117.23396120450423,-27.317005588585015,76,121,15,11
1612399103223,32.75605779957386,-117.23396177950731,-27.317574190956584,76,121,15,11
1612399103313,32.756057745082344,-117.2339624187101,-27.317532992829907,77,121,15,11
1612399103460,32.75605768954842,-117.23396310326906,-27.318063166546118,77,121,15,11
1612399103543,32.756057620173856,-117.23396383669085,-27.318199246764696,77,121,15,11
1612399103634,32.75605755163151,-117.23396462104168,-27.318393139920918,77,121,15,11
1612399103716,32.756057478445356,-117.2339654638876,-27.31873994920367,76,121,15,11
1612399103812,32.75605740070639,-117.23396636017885,-27.319495048186482,76,121,15,11
1612399103912,32.7560573063705,-117.23396733057575,-27.319846623081382,77,121,15,11
1612399104028,32.7560572132744,-117.23396837941999,-27.320824310665657,77,121,15,11
1612399104147,32.756057107852875,-117.23396951653608,-27.321624248858818,77,121,15,11
1612399104228,32.756056995047636,-117.23397074750723,-27.322055227662034,77,121,15,11
1612399104366,32.75605688097452,-117.23397208174376,-27.322875546999,76,121,15,11
1612399104517,32.756056744459094,-117.23397350390084,-27.323369938246795,77,121,15,11
1612399104611,32.75605660812856,-117.23397502661469,-27.324356682934965,77,121,15,11
1612399104702,32.756056459059806,-117.23397663556234,-27.32546952214907,77,121,15,11
1612399104828,32.75605578021685,-117.23398400066877,-27.329199181541462,77,121,15,11
1612399104930,32.75605559029333,-117.23398605694594,-27.33039104367854,77,121,15,11
1612399105029,32.75605539318328,-117.2339881942621,-27.331709745223566,77,121,15,11
1612399105142,32.756055190702234,-117.23399041886103,-27.33294477543085,77,121,15,11
1612399105282,32.75605496886807,-117.23399273474392,-27.334299469575598,77,121,15,11
1612399105372,32.756054750085504,-117.23399514180224,-27.335729120996444,77,121,15,11
1612399105471,32.75605451862701,-117.23399763739633,-27.3373318542897,77,121,15,11
1612399105551,32.7560542779569,-117.23400021704204,-27.339505692165673,77,121,15,11
1612399105653,32.75605402658272,-117.2340029092552,-27.342123972297742,77,121,15,11
1612399105744,32.756053759782915,-117.23400569110099,-27.34296320710404,77,121,15,11
1612399105901,32.756053494085535,-117.23400859297834,-27.344745746136784,77,121,15,11
1612399105984,32.75605321154779,-117.23401159903037,-27.346565787404625,77,121,15,11
1612399106063,32.75605291134783,-117.23401473177066,-27.34873298699219,77,121,15,11
1612399106224,32.75605260990969,-117.23401799764424,-27.3514016753344,77,121,15,11
1612399106339,32.75605229028529,-117.23402139607848,-27.352836588129623,77,121,15,11
1612399106421,32.75605195894955,-117.23402495311662,-27.354623097061918,77,121,15,11
1612399106512,32.75605160984617,-117.23402867042049,-27.356805942091878,77,121,15,11
