1612397793133,32.88010817370743,-117.23531025460916,75.11571226504013,77,122,15,11
1612397793281,32.88010817611167,-117.23531025546674,75.11804490047884,77,122,15,11
1612397793371,32.88010816839235,-117.23531026683929,75.12072596519755,77,122,15,11
1612397793489,32.88010816163455,-117.2353102756336,75.12274900605152,77,122,15,11
1612397793580,32.880108163674784,-117.23531028612808,75.12526269696261,77,122,15,11
1612397793678,32.88010815320481,-117.23531028731028,75.12743423809441,77,122,15,11
1612397793757,32.88010815107077,-117.23531029904017,75.13026604033743,77,122,15,11
1612397793838,32.880108148110395,-117.23531030736872,75.1323619267041,77,122,15,11
1612397794032,32.88010814729804,-117.23531030762484,75.13494444564942,77,122,15,11
1612397794114,32.88010814428958,-117.23531031674099,75.13733749212282,77,122,15,11
1612397794197,32.880108141211444,-117.23531032186172,75.13990990304642,77,122,15,11
1612397794329,32.88010813964427,-117.23531032421059,75.14195117341308,77,122,15,11
1612397794418,32.88010813238416,-117.2353103336346,75.14454174626349,77,122,15,11
1612397794523,32.880108126411464,-117.2353103357583,75.14690204504866,77,122,15,11
1612397794605,32.88010812572589,-117.23531034464636,75.14911566567035,77,122,15,11
1612397794698,32.88010812131674,-117.23531033993895,75.15131436383004,77,121,15,11
1612397794836,32.880108112237984,-117.23531034249031,75.15372187505172,77,122,15,11
1612397794999,32.880108106184046,-117.23531034712853,75.1562020469195,77,122,15,11
1612397795100,32.880108108103116,-117.23531034997093,75.15919599630158,77,122,15,11
1612397795184,32.88010810302094,-117.23531035168834,75.16154919073796,77,122,15,11
1612397795267,32.88010809815725,-117.23531036436309,75.16457808047664,77,122,15,11
1612397795398,32.880108092988785,-117.2353103591286,75.16716282574303,77,121,15,11
1612397795490,32.88010810103493,-117.23531036219346,75.16966745803111,77,121,15,11
1612397795591,32.88010808899066,-117.23531036969295,75.17156329568243,77,122,15,11
1612397795673,32.880108086221654,-117.23531036962812,75.17379855130099,77,122,15,11
1612397795773,32.880108085748226,-117.23531036250058,75.17555542035821,77,122,15,11
1612397795854,32.88010808376354,-117.23531036871996,75.17817118930071,77,122,15,11
1612397795925,32.880108080278426,-117.235310374207,75.1805053490627,77,121,15,11
1612397796096,32.880108073531964,-117.23531037294748,75.18256368691557,77,121,15,11
1612397796173,32.880108067705784,-117.23531038056302,75.184625186057,77,121,15,11
1612397796257,32.880108064001305,-117.23531038225315,75.18693595171321,77,122,15,11
1612397796389,32.88010806106438,-117.23531038374558,75.18894196191047,77,122,15,11
1612397796486,32.8801080589039,-117.2353103862648,75.19103736407538,77,122,15,11
1612397796589,32.88010805474879,-117.23531039183952,75.19321997125878,77,121,15,11
1612397796676,32.88010805494326,-117.23531039051521,75.19520721512814,77,121,15,11
1612397796763,32.8801080496004,-117.23531039646565,75.19724332159859,77,121,15,11
1612397796844,32.88010803797359,-117.23531039590233,75.1989533523893,77,121,15,11
1612397797059,32.8801080399713,-117.23531039730332,75.20115221122475,77,122,15,11
1612397797152,32.88010804126052,-117.23531040453706,75.20342365547639,77,122,15,11
1612397797246,32.88010803959461,-117.23531040110402,75.20531967473556,77,121,15,11
1612397797329,32.880108041149974,-117.23531040003168,75.20740906982037,77,121,15,11
1612397797452,32.88010803035568,-117.23531039970251,75.20931718709033,77,121,15,11
1612397797542,32.8801080307063,-117.23531039968312,75.2113412776748,77,121,15,11
1612397797654,32.88010802579675,-117.2353104025475,75.21341466665885,77,121,15,11
1612397797739,32.88010802828488,-117.23531039989346,75.21522062899899,77,121,15,11
1612397797822,32.880108024286585,-117.23531039721406,75.21685428505616,77,121,15,11
1612397797903,32.88010802594299,-117.23531040169046,75.21896816154296,77,121,15,11
1612397798055,32.88010801875588,-117.23531040113514,75.22075062517813,77,121,15,11
1612397798224,32.880108019455406,-117.23531040099216,75.22250053670933,77,121,15,11
1612397798302,32.88010802171587,-117.23531040205775,75.2246741738353,77,121,15,11
1612397798385,32.880108013978116,-117.23531040019618,75.22669548377046,77,121,15,11
1612397798508,32.88010801714211,-117.23531039837093,75.22824702615928,77,121,15,11
1612397798600,32.880108015006115,-117.23531039989516,75.23015582106491,77,121,15,11
1612397798741,32.88010801666605,-117.23531039758001,75.23704382233437,77,121,15,11
1612397798825,32.880108020844084,-117.23531039581661,75.23886661581507,77,121,15,11
1612397798960,32.88010802037997,-117.2353103936868,75.24086863187362,77,121,15,11
1612397799054,32.88010801934593,-117.23531039717628,75.24268654562778,77,121,15,11
1612397799135,32.880108026652294,-117.2353104013766,75.24483991224953,77,121,15,11
1612397799259,32.8801080264262,-117.23531040232585,75.24690932754724,77,121,15,11
1612397799350,32.88010802981371,-117.2353104037552,75.24840698818306,77,121,15,11
1612397799463,32.88010803489505,-117.2353104020275,75.25048849100416,77,121,15,11
1612397799554,32.88010803749857,-117.23531040957916,75.25252405046541,77,121,15,11
1612397799646,32.88010803455602,-117.2353104147357,75.25466277821853,77,121,15,11
1612397799732,32.88010804180476,-117.2353104132146,75.25630209402513,77,121,15,11
1612397799819,32.880108046302475,-117.23531040620432,75.25762643798362,77,121,15,11
1612397800024,32.88010804439921,-117.23531041079546,75.25974317541937,77,121,15,11
1612397800118,32.88010804832312,-117.2353104103851,75.26155386330471,77,121,15,11
1612397800201,32.88010805126761,-117.23531040640472,75.26307221307029,77,121,15,11
1612397800322,32.8801080555337,-117.23531041449361,75.26512295507833,77,121,15,11
1612397800468,32.880108060041486,-117.23531040948795,75.2669031783843,77,121,15,11
1612397800570,32.8801080682756,-117.2353104086074,75.26837136677308,77,121,15,11
1612397800661,32.88010806438872,-117.23531040640327,75.27007161881284,77,121,15,11
1612397800748,32.88010806555891,-117.23531040398369,75.2719827852278,77,121,15,11
1612397800977,32.88010807380726,-117.23531040608654,75.27382037303028,77,121,15,11
1612397801058,32.88010807820747,-117.23531040149015,75.27506396372534,77,121,15,11
1612397801164,32.88010807723833,-117.23531040089547,75.27704592041971,77,121,15,11
1612397801287,32.880108078407154,-117.23531039772512,75.27845593861423,77,121,15,11
1612397801371,32.88010807730509,-117.2353103885004,75.28007425410124,77,121,15,11
1612397801489,32.880108081340595,-117.2353103902928,75.28211753525193,77,121,15,11
1612397801588,32.880108084985345,-117.23531038897325,75.2833187699967,77,121,15,11
1612397801688,32.88010808237361,-117.23531038849943,75.28476029681052,77,121,15,11
1612397801779,32.88010808130604,-117.23531038412426,75.28659680145338,77,121,15,11
1612397801868,32.88010808132693,-117.23531039115858,75.28827786019447,77,121,15,11
1612397801956,32.880108077755246,-117.23531038634334,75.2899903907401,77,121,15,11
1612397802037,32.88010807926938,-117.23531038296817,75.29177924607623,77,121,15,11
1612397802199,32.88010808046019,-117.23531038822281,75.29338185405817,77,121,15,11
1612397802280,32.88010807675225,-117.23531038321403,75.29535134425946,77,121,15,11
1612397802358,32.88010808566391,-117.23531037833989,75.29706020925562,77,121,15,11
1612397802478,32.88010810806657,-117.23531037023838,75.29867634160976,77,121,15,11
1612397802568,32.880108156906246,-117.23531035450031,75.30097716546848,77,121,15,11
1612397802668,32.88010822616085,-117.23531032278555,75.30303390828557,77,121,15,11
1612397802834,32.880108815960874,-117.23530994540539,75.31037970031699,78,121,15,11
1612397802991,32.88010902471265,-117.23530974973784,75.31239294085097,78,121,15,11
1612397803075,32.88010924834259,-117.23530950441827,75.31360537707367,78,121,15,11
1612397803157,32.88010947727912,-117.23530922002844,75.3148825871216,79,121,15,11
1612397803288,32.880109722839,-117.23530886947198,75.31629710134077,79,121,15,11
