1616973743254,32.83442555486787,-117.18647709756058,79.35782734162854,32,67,12,11
1616973743423,32.83442547049361,-117.1864580439009,79.37048964245713,32,67,12,11
1616973743621,32.83442538388976,-117.18643916525936,79.37922356202176,32,67,12,11
1616973743744,32.8344253012931,-117.18642026004137,79.38475313953262,32,67,12,11
1616973743876,32.834425227227385,-117.18640134458957,79.38811798153382,32,66,12,11
1616973743991,32.83442517240168,-117.18638239927232,79.39547203630389,32,66,12,11
1616973744108,32.8344250825804,-117.18636343936465,79.39710080998957,31,66,12,11
1616973744291,32.83442482707937,-117.18628740465441,79.42130037337395,32,66,12,11
1616973744389,32.83442478088031,-117.18626834670431,79.42952036320007,33,67,11,11
1616973744553,32.83442471514432,-117.18624928537157,79.44659971380815,33,67,11,11
1616973744712,32.83442465227741,-117.1862302271976,79.46546317242527,33,68,11,11
1616973744849,32.83442461593599,-117.18621114759813,79.47768916962215,34,68,9,11
1616973744965,32.83442459240315,-117.18619200031691,79.49498387255525,34,69,8,11
1616973745180,32.83442412244326,-117.18611541643413,79.60689883597384,36,70,8,11
1616973745363,32.83442405463577,-117.18609623094534,79.63207994919124,35,70,8,11
1616973745453,32.83442398148166,-117.1860770267372,79.64714909981036,36,70,8,11
1616973745635,32.83442394934187,-117.18605779866903,79.65798628507213,35,69,8,11
1616973745757,32.83442385638001,-117.18603854362847,79.66522409155375,35,69,8,11
1616973745877,32.834423760604984,-117.18601928371285,79.66787439119973,34,68,8,11
1616973746076,32.83442335605919,-117.18594205996718,79.63365099487378,33,66,11,11
1616973746156,32.83442322471849,-117.1859227240424,79.62772229157582,33,66,11,11
1616973746367,32.83442310396657,-117.18590335403847,79.63826391029744,34,66,11,11
1616973746483,32.834422989181114,-117.18588393944911,79.65409569093325,34,66,11,11
1616973746650,32.83442289132421,-117.18586454331766,79.66539949563513,34,66,11,11
1616973746763,32.83442278413546,-117.18584514495085,79.67478949164169,35,66,11,11
1616973746875,32.83442266855082,-117.185825703758,79.6897623660614,35,66,10,11
1616973747082,32.83442219043181,-117.18574786583575,79.7587496857651,36,67,11,11
1616973747320,32.83442210580583,-117.18572837964244,79.77160876592575,35,67,11,11
1616973747432,32.834422055006414,-117.18570887464426,79.7836111128721,35,67,11,11
1616973747553,32.83442199885963,-117.18568937268897,79.79431652182366,35,67,11,11
1616973747788,32.83442167449514,-117.18561134264938,79.8185207123934,33,64,11,11
1616973747902,32.83442160874471,-117.18559178631901,79.83695088715324,33,64,11,11
1616973748015,32.83442154793307,-117.1855722213825,79.8543056466795,33,64,12,11
1616973748094,32.8344214872766,-117.18555266728552,79.85807508055674,33,64,12,11
1616973748312,32.83442143527777,-117.18553311065777,79.86435626170977,33,63,12,11
1616973748432,32.83442139458092,-117.18551354207446,79.8721577101269,33,63,12,11
1616973748544,32.83442133351579,-117.18549399171853,79.87444388010552,33,63,12,11
1616973748786,32.83442115024903,-117.1854157578028,79.90599404759438,32,62,12,11
1616973748904,32.834421080480695,-117.18539620819399,79.91718730600789,31,62,12,11
1616973749014,32.83442101842563,-117.18537665408199,79.93005207315178,31,62,12,11
1616973749127,32.83442091508692,-117.18535710936088,79.9407658653897,31,61,12,11
1616973749364,32.834420832767925,-117.18533757613704,79.94882830134034,31,61,12,11
1616973749581,32.83442043368623,-117.18525946165552,79.96093587648998,29,58,12,11
1616973749729,32.83442033239598,-117.18523994377911,79.9661275429098,28,58,12,11
1616973749866,32.834420217413545,-117.18522046053283,79.96782993610228,28,57,12,11
1616973749986,32.834420085441515,-117.1852009018352,79.97359638035533,28,57,12,11
1616973750103,32.83441994307961,-117.185181387361,79.98228808136963,28,56,12,11
1616973750216,32.83441978977074,-117.18516190559212,79.98514557361354,27,56,12,11
1616973750353,32.83441963447206,-117.18514243331792,79.98983626280145,27,56,12,11
1616973750594,32.83441896767918,-117.18506450428187,80.00602235875314,27,55,12,11
1616973750726,32.83441879807733,-117.18504503730125,80.01629338857367,28,56,12,11
1616973750840,32.834418605606686,-117.18502559433321,80.02193961434706,28,56,12,11
1616973750962,32.83441840016404,-117.18500613708345,80.02720936883159,29,57,12,11
1616973751072,32.83441819458963,-117.18498669097974,80.03943636751457,29,57,12,11
1616973751154,32.83441796727978,-117.18496715301876,80.04686496242778,29,57,12,11
1616973751435,32.83441771797325,-117.18494769099092,80.05825112792772,29,57,12,11
1616973751547,32.83441748863092,-117.18492823254662,80.0703334935075,30,58,12,11
1616973751661,32.83441727447923,-117.18490880623011,80.07579022680059,30,58,12,11
1616973751731,32.834416684620656,-117.18485037818944,80.08379992526713,30,58,11,11
1616973751869,32.834416507323674,-117.18483095019079,80.09207831529223,30,58,11,11
1616973751983,32.834416319986424,-117.184811507885,80.09778765567422,29,58,11,11
1616973752095,32.83441615385686,-117.18479205687262,80.1033649008717,29,58,11,11
1616973752179,32.83441597727006,-117.18477262516316,80.10223643264491,29,57,11,11
1616973752391,32.83441581540954,-117.18475321125092,80.09031383997643,28,57,11,11
1616973752592,32.834414977399405,-117.18467530178228,80.11832515663981,30,59,12,11
1616973752740,32.83441476387432,-117.18465587561604,80.1149890695439,31,60,12,11
1616973752852,32.83441455401751,-117.1846364528643,80.11121471827144,31,60,12,11
1616973752972,32.834414337371236,-117.18461685031431,80.11110242028238,31,60,11,11
1616973753087,32.83441412689376,-117.18459740622421,80.10999663437842,31,60,11,11
1616973753199,32.83441392354351,-117.1845779795456,80.10840781479554,31,61,11,11
1616973753480,32.83441323755833,-117.18450000365895,80.08485937408709,30,60,11,11
