1612139470669,32.801195164822225,-117.14057657854545,90.59594587684808,79,122,15,11
1612139470762,32.80119435753576,-117.14057365508148,90.59757610412608,79,122,15,11
1612139471089,32.80119206474745,-117.14056518780805,90.60136075232903,79,122,15,11
1612139471234,32.80119137052052,-117.14056262687423,90.60201711002951,78,122,15,11
1612139471357,32.8011907432354,-117.14056022621,90.60221098611215,78,122,15,11
1612139471460,32.80119013075787,-117.14055798632998,90.60237945159736,78,122,15,11
1612139471550,32.80118955387025,-117.14055588410397,90.60227572833038,78,122,15,11
1612139471620,32.801189025304716,-117.14055396528627,90.60097823304787,78,122,15,11
1612139471778,32.8011885464698,-117.14055222280822,90.60022480661418,78,122,15,11
1612139471867,32.80118811962085,-117.1405506429243,90.5992966630251,78,122,15,11
1612139471971,32.80118777022037,-117.14054927191266,90.59867095196421,78,122,15,11
1612139472063,32.80118747446111,-117.14054810600598,90.59831191516844,78,122,15,11
1612139472142,32.80118720837237,-117.14054714928747,90.5978791823158,78,122,15,11
1612139472228,32.801186998002514,-117.14054639778347,90.59640359639255,78,122,15,11
1612139472373,32.80118684464917,-117.14054583782058,90.59571925568449,78,122,15,11
1612139472462,32.801186739770024,-117.14054546357855,90.59529289689941,78,122,15,11
1612139472552,32.801186686341495,-117.14054527497171,90.5954205808401,78,122,15,11
1612139472721,32.801186682674604,-117.14054527269649,90.59555817308271,79,122,15,11
1612139472800,32.80118670746877,-117.14054536059813,90.59377536167305,79,122,15,11
1612139472883,32.80118671244448,-117.14054539611,90.59295465644948,79,122,15,11
1612139472997,32.801186706276205,-117.1405453777581,90.59346636222546,79,122,15,11
1612139473094,32.801186703824534,-117.1405453662624,90.59333723967758,79,122,15,11
1612139473172,32.80118670203391,-117.14054535598527,90.59173456742695,79,122,15,11
1612139473309,32.801186701211776,-117.14054531369652,90.59128340761166,79,122,15,11
1612139473437,32.80118667267476,-117.14054520957956,90.5913501329191,79,122,15,11
1612139473567,32.801186367534214,-117.14054398675371,90.58756563664191,79,122,15,11
1612139473658,32.801186212912334,-117.14054339400401,90.58663068686641,79,122,15,11
1612139473759,32.80118602373374,-117.14054266030406,90.5859955723825,78,122,15,11
1612139473896,32.80118578785622,-117.14054179183995,90.58503227011816,78,122,15,11
1612139473988,32.801185518666216,-117.1405407938074,90.58306181301114,78,122,15,11
1612139474077,32.80118520498902,-117.14053961418881,90.58117506643049,78,122,15,11
1612139474207,32.80118482486152,-117.14053821842325,90.57873629561436,78,122,15,11
1612139474315,32.801184376486695,-117.14053660588714,90.5763399532772,78,122,15,11
1612139474407,32.801183869998326,-117.14053477559337,90.57369773445332,78,122,15,11
1612139474488,32.801183305856384,-117.1405327470563,90.57037153574888,78,122,15,11
1612139474635,32.801182689736756,-117.14053048547287,90.56706010492108,78,121,15,11
1612139474717,32.801182016571104,-117.14052801323069,90.56270577647047,78,121,15,11
1612139474820,32.80118127488111,-117.14052531734166,90.55936617475294,78,122,15,11
1612139474912,32.80118044789547,-117.140522420634,90.55272174905048,79,122,15,11
1612139474991,32.801179560349546,-117.14051932774075,90.54407802933738,79,122,15,11
1612139475133,32.801178642597925,-117.14051599643673,90.54383442858294,79,122,15,11
1612139475271,32.80117766126461,-117.140512469613,90.54530352482462,79,122,15,11
1612139475359,32.80117661227732,-117.14050872751206,90.54864383389206,79,122,15,11
1612139475467,32.8011754969545,-117.14050479547245,90.54438456498487,80,122,15,11
1612139475548,32.80117433640894,-117.1405006987621,90.53677000460515,80,122,15,11
1612139475642,32.80117316300173,-117.14049640760614,90.53265486892957,80,122,15,11
1612139475783,32.80117196267793,-117.1404919640673,90.5213946856362,80,122,15,11
1612139475888,32.8011707534035,-117.14048738179748,90.51049506569349,80,122,15,11
1612139475986,32.80116955351742,-117.1404826741082,90.49737779618343,81,122,15,11
1612139476065,32.80116836356065,-117.14047784465937,90.47125345143462,81,122,15,11
1612139476147,32.801167193833244,-117.14047285963429,90.44016972785072,81,122,15,11
1612139476270,32.80116609203902,-117.14046772961703,90.41488289099802,81,122,15,11
1612139476371,32.80116502439114,-117.14046243848433,90.39861186285931,82,122,15,11
1612139476461,32.8011640778205,-117.14045696429322,90.40003164616033,82,122,15,11
1612139476542,32.801163254992126,-117.14045132226809,90.41896198917816,82,122,15,11
1612139476653,32.801162571409286,-117.14044552438914,90.44368062016241,82,122,15,11
1612139476772,32.801162121938546,-117.14043958445919,90.46766660999415,82,122,15,11
1612139476881,32.80116187675927,-117.14043350506643,90.49573503590602,83,122,15,11
1612139476970,32.80116186268606,-117.14042728456812,90.52693583464274,83,122,15,11
1612139477061,32.801162147328654,-117.14042096259513,90.55414305243998,83,122,15,11
1612139477200,32.80116273258746,-117.1404145593644,90.58127684895618,83,122,15,11
1612139477326,32.801163640841224,-117.14040808961936,90.60572677956384,83,122,15,11
1612139477450,32.80116486721171,-117.1404015803779,90.62424820582216,84,122,15,11
1612139477541,32.80116644373524,-117.1403950717736,90.63897108869746,84,122,15,11
1612139477631,32.801168409123186,-117.14038860795242,90.64925946136867,84,122,15,11
1612139477775,32.80117074744999,-117.14038220855296,90.65643975869574,84,122,15,11
1612139477860,32.801173453173,-117.14037588609446,90.66045180184949,84,122,15,11
1612139477962,32.801176553543506,-117.14036967514934,90.66410160825946,84,122,15,11
1612139478055,32.80118003880414,-117.14036361023201,90.66946222644205,84,122,15,11
1612139478147,32.80118390198545,-117.14035770159222,90.67661045662238,84,122,15,11
1612139478230,32.80118811899175,-117.1403519610952,90.68380329713435,84,122,15,11
1612139478350,32.80119268607438,-117.14034641391525,90.68764881481839,84,122,15,11
1612139478452,32.80119760463939,-117.14034110455984,90.69235507304501,84,122,15,11
1612139478560,32.8012028385024,-117.1403360213454,90.6958417934033,84,122,15,11
1612139478657,32.80120838384933,-117.14033120320966,90.69871296861402,84,122,15,11
1612139478799,32.80121404045829,-117.14032677822833,90.69867526352586,87,124,15,11
1612139478893,32.80122026627607,-117.14032242408419,90.69660843174964,90,126,15,11
1612139478984,32.80122607032623,-117.14031871820377,90.69333255354329,92,127,15,11
1612139479082,32.80123272370869,-117.1403148638275,90.68665888036807,95,129,15,11
1612139479166,32.801239567338015,-117.14031125059066,90.67723991952714,98,131,15,11
1612139479306,32.80124658750819,-117.14030781813676,90.67064459179451,101,132,15,11
1612139479428,32.80125376514022,-117.14030452689694,90.66929980614236,104,134,15,11
1612139479561,32.80128288949302,-117.14029253951426,90.69458157442918,116,142,15,11
1612139479672,32.80129058135667,-117.14028947374717,90.7064386609649,120,144,15,11
1612139479764,32.801298351582446,-117.1402863616451,90.71928888825491,123,146,15,11
1612139479864,32.80130619990802,-117.14028321087491,90.73206167545592,127,148,15,11
1612139479956,32.80131332251651,-117.14028034568014,90.74255407201906,130,150,15,11
1612139480056,32.80132130434309,-117.14027713635959,90.7537185314525,134,152,15,11
1612139480181,32.8013293560682,-117.14027387458535,90.76365487866222,138,154,15,11
1612139480283,32.801337476638146,-117.1402705362169,90.77683961610406,141,156,15,11
1612139480373,32.80134590639008,-117.1402671933133,90.79357461167939,134,154,15,11
1612139480460,32.801354000966626,-117.14026389330994,90.8084805406984,129,153,15,11
1612139480607,32.80136215210448,-117.14026048494874,90.82099326687602,123,152,15,11
1612139480702,32.801370346885555,-117.14025691862746,90.8331675767188,119,151,15,11
