1618180438774,32.794683555162344,-117.20878923257229,-29.975186252947783,53,101,10,11
1618180438907,32.79469660472191,-117.20879519383132,-29.977053815781403,53,101,10,11
1618180438995,32.79470966147346,-117.20880119968639,-29.989258600302374,53,102,10,11
1618180439146,32.79472262496808,-117.2088072018652,-30.00188295873839,53,103,10,11
1618180439255,32.79473561722833,-117.20881326653685,-29.991748921673125,53,103,10,11
1618180439390,32.79474858175507,-117.2088193932043,-29.984007136164305,53,103,9,11
1618180439627,32.79480040788197,-117.2088441789234,-29.959769853236477,50,103,9,11
1618180439775,32.794813309954705,-117.2088504235582,-29.955785716762506,51,104,9,11
1618180439891,32.79482620709987,-117.20885666309496,-29.95389024999047,51,104,10,11
1618180439981,32.79483908974322,-117.20886297172207,-29.949630120793092,50,104,10,11
1618180440126,32.79485198323783,-117.20886927003961,-29.948720225551014,50,104,10,11
1618180440243,32.794864944735224,-117.2088756219966,-29.950771855954596,50,105,10,11
1618180440374,32.79487774328542,-117.20888202820161,-29.956159016420674,50,105,10,11
1618180440539,32.794916282589654,-117.2089010666089,-29.956811444205282,51,107,10,11
1618180440659,32.79492912021834,-117.20890748049857,-29.961983457825138,51,107,10,11
1618180440807,32.79494205074036,-117.20891391371732,-29.961758071603388,51,107,10,11
1618180440923,32.79495483951932,-117.20892032895289,-29.96192013407003,50,106,10,11
1618180441044,32.79496763250608,-117.20892673060494,-29.96892623879514,50,107,11,11
1618180441158,32.794980354870766,-117.20893333000394,-29.966631712925544,51,108,10,11
1618180441277,32.794993143634414,-117.20893982299378,-29.96278032887207,50,107,10,11
1618180441539,32.795044160550326,-117.2089661088186,-29.961199140792758,50,107,9,11
1618180441652,32.79505690888169,-117.20897268476591,-29.968892390056624,50,107,8,11
1618180441790,32.79506961636623,-117.20897930492028,-29.975367927670117,50,107,7,11
1618180441902,32.79508231526856,-117.2089859358704,-29.987774424634143,50,107,6,11
1618180442003,32.79509499182406,-117.20899265208574,-29.990522789986297,51,107,7,11
1618180442147,32.795107656609055,-117.20899936468291,-29.99185841899776,52,108,8,11
1618180442258,32.79512030236791,-117.20900612165912,-29.99362295775652,53,108,7,11
1618180442400,32.795132929947165,-117.20901288454775,-29.99667851106745,54,109,7,11
1618180442494,32.795170704420585,-117.20903325541717,-30.009735380740363,57,111,7,11
1618180442641,32.79518324890296,-117.20904005138067,-30.019485131340666,57,111,7,11
1618180442783,32.79519578935603,-117.20904687680847,-30.021079028506183,58,111,7,11
1618180442895,32.7952083371351,-117.20905374124777,-30.01405955773085,58,110,7,11
1618180443015,32.79522080917707,-117.20906063631743,-30.019015019728492,58,110,6,11
1618180443102,32.79523326283718,-117.20906749824843,-30.029881866148504,58,109,6,11
1618180443255,32.79524566012198,-117.20907441337856,-30.04071542713613,59,110,9,11
1618180443392,32.795258062856036,-117.20908127192227,-30.046988535831773,61,111,9,11
1618180443636,32.7953074031665,-117.20910893767056,-30.069676716579483,62,112,9,11
1618180443770,32.79531969138629,-117.20911589579205,-30.069462778723654,62,112,9,11
1618180443886,32.79533195645193,-117.20912283847943,-30.072726545243693,61,111,9,11
1618180444000,32.795344186569714,-117.20912982308646,-30.071595334872445,60,110,9,11
1618180444091,32.795356399758155,-117.2091368336643,-30.073771098522172,58,108,8,11
1618180444234,32.79536857019772,-117.20914385113636,-30.078162806051456,57,107,8,11
1618180444376,32.7953807337937,-117.2091508748404,-30.085115372937306,57,107,11,11
1618180444536,32.795417025924905,-117.20917206551614,-30.115760184078223,56,107,11,11
1618180444647,32.79542907707632,-117.20917917817131,-30.1234945992439,56,107,11,11
1618180444786,32.79544114194928,-117.20918632387254,-30.125401656177427,55,106,11,11
1618180444902,32.79545320619896,-117.20919348840776,-30.12357182348969,55,106,11,11
1618180445022,32.79546521815275,-117.20920073207128,-30.125355234952938,55,106,11,11
1618180445109,32.795477220879306,-117.20920793940103,-30.13745531561188,55,106,10,11
1618180445255,32.79548920903292,-117.20921523434716,-30.145041185593964,55,105,10,11
1618180445392,32.79550113929487,-117.20922264131579,-30.15683175041507,54,105,10,11
1618180445635,32.7955485076947,-117.20925283987339,-30.192660197748626,53,104,10,11
1618180445769,32.79556029004941,-117.20926055238137,-30.189868805089088,53,104,10,11
1618180445886,32.79557210808395,-117.20926822707467,-30.186104383679904,53,104,10,11
1618180445997,32.79558393248589,-117.20927590183992,-30.18715203380737,54,104,10,11
1618180446087,32.79559577704008,-117.20928357166507,-30.19389813670928,54,104,10,11
1618180446231,32.795607612860934,-117.2092911596681,-30.202752818650353,54,105,10,11
1618180446364,32.79561945603744,-117.20929877481547,-30.210749450521867,54,105,10,11
1618180446639,32.795666989074284,-117.20932924520346,-30.231225975361653,55,106,11,11
1618180446775,32.79567887742444,-117.2093369153296,-30.236745450238622,55,107,11,11
1618180446888,32.795690750543905,-117.2093445414841,-30.244838418989378,55,107,10,11
1618180447012,32.795702622985374,-117.20935218603753,-30.24747262260168,55,107,10,11
1618180447107,32.79571448609046,-117.20935988675836,-30.250294541327637,56,108,10,11
1618180447259,32.79572637280995,-117.20936754874428,-30.248165449542224,55,107,9,11
1618180447393,32.79573831793228,-117.2093752702435,-30.24310701586465,55,106,10,11
1618180447631,32.79578587420933,-117.2094061065492,-30.264852010785614,52,103,9,11
1618180447768,32.795797727774676,-117.20941394546904,-30.268938992441306,50,102,9,11
1618180447884,32.79580966538433,-117.20942185123957,-30.27606545632823,50,102,9,11
1618180448003,32.795821532127626,-117.20942963867654,-30.288066341097544,51,103,8,11
1618180448093,32.79583340448568,-117.20943747213155,-30.29424287475297,52,103,8,11
1618180448242,32.79584531540449,-117.20944536878173,-30.294935503319966,51,103,9,11
1618180448376,32.795857172522545,-117.20945325644493,-30.300911174564728,51,102,9,11
1618180448496,32.79589286847301,-117.20947701895314,-30.308429201669384,49,100,9,11
1618180448644,32.79590471642188,-117.2094849595557,-30.313393718960693,48,99,11,11
1618180448808,32.79591659318629,-117.20949295056404,-30.314181591422024,48,99,11,11
1618180448925,32.79592846636156,-117.20950092528625,-30.312817000632663,48,99,11,11
