1613160234321,32.728244333307295,-117.24404093893128,38.92260004544303,21,45,15,11
1613160234481,32.728229863098356,-117.24404465844344,38.933862328268646,21,45,15,11
1613160234569,32.728215352592144,-117.2440483573305,38.946857566053275,22,46,15,11
1613160234741,32.7282007011149,-117.244052081167,38.95353981243179,22,46,15,11
1613160234852,32.72818614589915,-117.24405581500247,38.96665345894648,22,46,15,11
1613160235122,32.728127605615484,-117.24407084638987,39.028389361270854,22,46,15,11
1613160235235,32.72811275937138,-117.24407463408372,39.055765588498836,22,46,15,11
1613160235403,32.72809799888066,-117.24407837638236,39.08788101509859,22,46,15,11
1613160235517,32.728083212242744,-117.24408214151045,39.111390275064366,22,46,15,11
1613160235616,32.728068433035695,-117.24408589190071,39.1221996925761,22,46,15,11
1613160235797,32.72805363939452,-117.244089672131,39.134836980812146,22,46,15,11
1613160235910,32.72803877152913,-117.24409348445688,39.163556938025565,22,46,15,11
1613160236030,32.72802373913136,-117.2440973000148,39.1918405140331,22,46,15,11
1613160236223,32.72796395204018,-117.24411244673769,39.2672694927826,23,47,15,11
1613160236371,32.7279489094703,-117.24411626761078,39.293872742420476,23,48,15,11
1613160236516,32.72793374918695,-117.24412018754796,39.31411665520473,23,48,15,11
1613160236605,32.72791867871734,-117.24412403636966,39.32951241336005,24,48,15,11
1613160236771,32.72790359267299,-117.24412790921366,39.342325989951945,24,48,15,11
1613160236895,32.72788852185989,-117.24413178564244,39.351960726100764,24,48,15,11
1613160237126,32.72782799436435,-117.24414743041416,39.422779932592015,23,47,15,11
1613160237304,32.727812832955514,-117.24415137123394,39.44643831076139,23,48,15,11
1613160237443,32.72779767591308,-117.24415534693213,39.468557845937475,23,48,15,11
1613160237590,32.727782480665994,-117.24415934694284,39.49820885073636,23,48,15,11
1613160237681,32.72776727587418,-117.24416335213395,39.53047847379784,24,49,15,11
1613160237847,32.72775207291366,-117.24416737825298,39.55707892721731,24,49,15,11
1613160238019,32.72769115473625,-117.24418373886283,39.66511825244906,24,49,15,11
1613160238153,32.727675897917855,-117.24418788634698,39.6965917435843,24,50,15,11
1613160238322,32.72766061685515,-117.24419207132271,39.728898642827886,24,50,15,11
1613160238465,32.7276453710712,-117.24419625653421,39.7523891366564,24,50,15,11
1613160238610,32.72763010853531,-117.24420046848518,39.780029854223,24,50,15,11
1613160238827,32.72756892630794,-117.24421737766254,39.91305034743937,23,49,15,11
1613160238942,32.727553593916326,-117.24422163175247,39.955386996757696,23,49,15,11
1613160239054,32.72753824537128,-117.24422590433775,39.99752213527049,23,49,15,11
1613160239160,32.72752289994398,-117.24423013590688,40.030414664724226,23,49,15,11
1613160239363,32.72750757285684,-117.24423435459957,40.05394786321074,23,49,15,11
1613160239531,32.727492251263506,-117.24423861714776,40.08458477839008,23,49,15,11
1613160239702,32.727430700960866,-117.24425536834977,40.23287929930921,23,49,15,11
1613160239826,32.72741530601408,-117.2442595362891,40.26815661473531,23,49,15,11
1613160239940,32.72739989120194,-117.24426373369919,40.31129131742965,23,48,15,11
1613160240050,32.72738447166263,-117.2442679263354,40.35103370447655,23,48,15,11
1613160240240,32.72736905014861,-117.2442721172008,40.390806594649746,23,48,15,11
1613160240352,32.72735362858542,-117.24427631757433,40.43193944833617,23,48,15,11
1613160240585,32.72729187241689,-117.24429309981093,40.604955319627415,24,50,15,11
1613160240740,32.72727640883118,-117.24429728324677,40.64669264965517,24,50,15,11
1613160240908,32.72726093178263,-117.24430146186104,40.68661851563,24,50,15,11
1613160241022,32.7272454777628,-117.24430561554044,40.72136571940681,24,50,15,11
1613160241137,32.7272300274211,-117.24430975725073,40.764667616648644,24,50,15,11
1613160241416,32.727168075943446,-117.244326407165,40.95587531497481,26,52,15,11
1613160241531,32.72715264711399,-117.24433058876856,40.99694998344692,26,52,15,11
1613160241748,32.72713719674909,-117.24433474278051,41.04091355306541,26,52,15,11
1613160241894,32.727121697256614,-117.24433891863963,41.09415444066957,26,53,15,11
1613160242018,32.727106197544025,-117.24434308527636,41.14120579498998,25,52,15,11
1613160242220,32.72704435361383,-117.24435970117734,41.29747737654235,24,51,15,11
1613160242399,32.72702888769181,-117.24436383916257,41.33312484063693,24,51,15,11
1613160242513,32.72701344111497,-117.24436793276128,41.36790449876381,24,51,15,11
1613160242623,32.7269979989666,-117.24437203400002,41.408785910451115,24,51,15,11
1613160242738,32.726982549536935,-117.2443761320476,41.454657971678124,24,51,15,11
1613160243018,32.72692098693924,-117.24439264374446,41.62826551968907,23,50,15,11
1613160243164,32.726905640468935,-117.24439677357053,41.67098326060178,23,50,15,11
1613160243339,32.72689030538894,-117.24440090872827,41.71288372417317,23,50,15,11
1613160243469,32.7268749741996,-117.24440504154987,41.75977542223065,23,50,15,11
1613160243618,32.726859656348175,-117.24440917073218,41.80462826922318,24,50,15,11
1613160243815,32.726798557543454,-117.24442563788703,41.99353341635988,25,52,15,11
1613160243931,32.72678335880633,-117.24442973501631,42.03329097164739,25,52,15,11
1613160244046,32.72676817761249,-117.2444337970249,42.08003873028189,25,52,15,11
1613160244178,32.72675297416278,-117.24443791050426,42.141384167625816,26,53,15,11
1613160244279,32.72673777216933,-117.24444201928863,42.20397074584446,26,54,15,11
1613160244586,32.726677215315895,-117.24445832461014,42.402018540828095,27,54,15,11
