4925066503677,32.87228685026627,-117.23080691125888,48.39345012695515,96,146,15,11
4925066503781,32.87227839038816,-117.23080537101424,48.40259960980332,96,146,15,11
4925066503864,32.8722701026444,-117.23080376465624,48.413772785745714,96,145,15,11
4925066504000,32.872261989795454,-117.23080211048264,48.425683345629224,95,145,15,11
4925066504092,32.87225406341016,-117.23080041188122,48.43602979179808,95,144,15,11
4925066504233,32.87224631685096,-117.23079869096149,48.448683397518074,94,144,15,11
4925066504326,32.87223873944024,-117.23079696836759,48.46247771900089,94,143,15,11
4925066504411,32.872231331927644,-117.23079524334548,48.47729263453757,94,143,15,11
4925066504515,32.87222409133026,-117.23079354412828,48.49327794094798,94,143,15,11
4925066504665,32.872217018643596,-117.23079186940849,48.50978139785355,93,142,15,11
4925066504745,32.87221012035871,-117.23079024800121,48.52248693561641,93,142,15,11
4925066504826,32.87220338177965,-117.23078866544259,48.532549855450306,93,142,15,11
4925066504905,32.87219680555441,-117.23078710520758,48.53961185677394,92,141,15,11
4925066505061,32.872190374106154,-117.23078555857452,48.548490033149136,92,141,15,11
4925066505152,32.87218409935709,-117.23078403539955,48.560854158691576,92,141,15,11
4925066505235,32.872177996212855,-117.23078253915844,48.57096798825943,91,140,15,11
4925066505322,32.8721720576226,-117.23078110018645,48.582942542908675,91,140,15,11
4925066505416,32.87216629259719,-117.23077968541898,48.59628113054831,91,139,15,11
4925066505520,32.87216071016295,-117.23077831124034,48.60897098509859,91,139,15,11
4925066505664,32.87215530082507,-117.23077699185153,48.622575083677525,91,139,15,11
4925066505755,32.87215006017427,-117.23077571368896,48.6364275372814,90,138,15,11
4925066505835,32.87214497151383,-117.23077451095595,48.646708318360396,90,138,15,11
4925066505905,32.8721400321483,-117.23077332569113,48.65692689677001,90,138,15,11
4925066506047,32.872135222341676,-117.2307721663146,48.66785904587538,90,137,15,11
4925066506139,32.87213049213046,-117.23077102502484,48.678203387316174,90,137,15,11
4925066506280,32.87212579928174,-117.23076987293456,48.690437334725566,90,137,15,11
4925066506360,32.872121117647865,-117.23076874770636,48.70450296013375,89,137,15,11
4925066506451,32.87211644257314,-117.23076763236685,48.7155123939383,89,136,15,11
4925066506551,32.87211176271104,-117.23076650422841,48.728762591489414,89,136,15,11
4925066506705,32.87210708893723,-117.23076541259022,48.7441727226056,89,136,15,11
4925066506798,32.872102436403814,-117.23076437302953,48.75969175847825,89,135,15,11
4925066506879,32.87209783381413,-117.23076338043279,48.77412352988714,89,135,15,11
4925066506961,32.87209330322183,-117.23076241597924,48.789241453542495,89,135,15,11
4925066507091,32.87208886246108,-117.23076149127829,48.80433755648138,89,135,15,11
4925066507185,32.872084529917664,-117.2307606340184,48.81697386885341,88,134,15,11
4925066507265,32.8720803112647,-117.23075984694063,48.830286964687296,88,134,15,11
4925066507353,32.87207623276564,-117.23075914100504,48.84600732135062,88,134,15,11
4925066507432,32.87207232647724,-117.23075847918159,48.85845260318961,88,134,15,11
4925066507538,32.87206859717563,-117.23075788920974,48.8705640326471,88,134,15,11
4925066507676,32.87206503226087,-117.23075736749361,48.881031290737994,88,133,15,11
4925066507767,32.872061624103,-117.2307569084392,48.89024473037151,88,133,15,11
4925066507863,32.872058372915006,-117.23075650387062,48.8998596156401,88,133,15,11
4925066507942,32.87205530472003,-117.23075611531775,48.907859733024914,88,133,15,11
4925066508082,32.87205240638735,-117.23075578763779,48.91258110301462,88,132,15,11
4925066508174,32.87204966231627,-117.23075549890936,48.91555848249087,88,132,15,11
4925066508314,32.87204706526126,-117.23075526646795,48.92240386639196,88,132,15,11
4925066508402,32.872044614083926,-117.23075507952859,48.93179826260458,88,132,15,11
4925066508483,32.87204230661927,-117.230754911847,48.939512811678,88,132,15,11
4925066508637,32.87204013397389,-117.23075476616114,48.94640043614395,88,131,15,11
4925066508737,32.872038091255355,-117.23075463898971,48.95378263553707,88,131,15,11
4925066508821,32.872036176849754,-117.23075453076602,48.96000785252858,88,131,15,11
4925066508902,32.87203437725108,-117.23075443522582,48.966262039494076,88,131,15,11
4925066508985,32.87203268305662,-117.23075435067236,48.973556222637804,88,131,15,11
4925066509126,32.87203105816587,-117.23075426590134,48.9799164400198,88,131,15,11
4925066509217,32.87202944251759,-117.2307542035019,48.987247132961244,88,131,15,11
4925066509297,32.8720278382727,-117.23075414377521,48.995095709556274,88,130,15,11
4925066509390,32.87202623734756,-117.23075409430494,49.002780071849934,88,130,15,11
4925066509471,32.87202463867624,-117.23075407151516,49.00935622817141,88,130,15,11
4925066509625,32.87202303809106,-117.23075405206434,49.01713105517021,88,130,15,11
4925066509732,32.87202143444572,-117.23075404993742,49.02707356435024,88,130,15,11
4925066509811,32.872019836161435,-117.23075405568353,49.036872271436515,88,130,15,11
4925066509903,32.87201823887409,-117.23075407295593,49.04616568345804,88,130,15,11
4925066509986,32.87201664796285,-117.23075411926277,49.05515807847655,88,130,15,11
4925066510133,32.87201504058215,-117.23075415470625,49.06516788806233,88,129,15,11
4925066510215,32.87201339401156,-117.23075416650224,49.07401378460606,88,129,15,11
4925066510355,32.87201168559646,-117.2307542262358,49.08316198588969,87,129,15,11
4925066510435,32.872009859883526,-117.2307543286362,49.09142037146927,87,129,15,11
4925066510577,32.87200790388659,-117.23075446566725,49.10074116855209,87,129,15,11
4925066510680,32.87200581760253,-117.2307546459981,49.111047186266504,87,129,15,11
4925066510774,32.872003606228276,-117.23075487351076,49.121769471683926,86,128,15,11
4925066510860,32.87200128639192,-117.23075516090265,49.13159277714933,86,128,15,11
4925066510949,32.871998857066025,-117.23075552849778,49.14126766969468,86,128,15,11
4925066511052,32.871996322912565,-117.23075601656114,49.15152664539995,86,128,15,11
4925066511179,32.87199370551334,-117.23075663886748,49.15881839832191,85,128,15,11
4925066511266,32.87199097219873,-117.23075738500077,49.167949356074935,85,128,15,11
4925066511346,32.87198815325668,-117.23075829070024,49.17560622527226,85,128,15,11
4925066511432,32.87198519377293,-117.2307593945668,49.18462121466548,85,127,15,11
4925066511517,32.87198214111398,-117.23076072755342,49.19536937492249,84,127,15,11
4925066511677,32.87197900596434,-117.23076233160468,49.19695248864339,84,127,15,11
4925066511759,32.871975694696495,-117.23076414201839,49.19811515026809,84,127,15,11
4925066511850,32.871972245344146,-117.23076619139343,49.20430974439463,85,127,15,11
4925066511936,32.87196871747114,-117.23076856220013,49.21436475802532,84,127,15,11
4925066512047,32.871965093653785,-117.23077121805987,49.223194804350314,85,127,15,11
4925066512159,32.87196139754354,-117.23077417642259,49.23006034100679,85,127,15,11
4925066512262,32.87195765452538,-117.23077747356525,49.24073807864318,85,127,15,11
4925066512400,32.87195391899203,-117.23078114057445,49.24725165110177,85,127,15,11
4925066512480,32.87195016191354,-117.23078511801624,49.25167626776282,85,127,15,11
4925066512586,32.871946422283074,-117.2307894486452,49.25792728345631,85,127,15,11
4925066512694,32.87194271014452,-117.23079416521063,49.264572478454156,86,126,15,11
4925066512807,32.871939063899305,-117.23079928809227,49.264009946208105,86,126,15,11
4925066512888,32.87193550345006,-117.23080482496646,49.256855510472725,86,126,15,11
4925066512978,32.87193205419299,-117.23081080054737,49.25534702446528,86,126,15,11
4925066513085,32.87192869380514,-117.23081718239055,49.26079073181254,87,126,15,11
4925066513204,32.87192545513228,-117.2308239549514,49.261603873334735,87,126,15,11
4925066513302,32.87192238607684,-117.23083114231261,49.25650891057596,87,126,15,11
4925066513383,32.871919496697046,-117.23083874979407,49.24719943124894,87,126,15,11
4925066513467,32.87191677451639,-117.23084676815878,49.23634879151396,88,126,15,11
4925066513613,32.87191417996676,-117.2308551629946,49.22801207400988,88,126,15,11
4925066513715,32.8719117143817,-117.23086381306618,49.21327393182415,91,128,15,11
