1612485048424,32.80183698040902,-117.25709574833856,-16.275346548825446,85,122,15,11
1612485048510,32.801840030470736,-117.25709670724031,-16.263005257340286,85,123,15,11
1612485048591,32.80184290118547,-117.25709758356722,-16.24837077803474,85,123,15,11
1612485048751,32.801845568815565,-117.25709838349323,-16.24086891230771,85,123,15,11
1612485048831,32.80184804688379,-117.25709913881136,-16.238456116708992,85,122,15,11
1612485048926,32.801850368614694,-117.25709985844024,-16.23409105789515,85,123,15,11
1612485049055,32.8018525281712,-117.25710053976353,-16.229206393374227,85,123,15,11
1612485049132,32.80185453848692,-117.25710117782596,-16.223948531240513,85,123,15,11
1612485049223,32.801856400851015,-117.25710176413143,-16.219361861153956,85,123,15,11
1612485049378,32.8018581254275,-117.25710227816762,-16.215445681436517,85,123,15,11
1612485049475,32.8018596881674,-117.25710275681169,-16.214212818000178,85,123,15,11
1612485049557,32.80186109148722,-117.25710320462422,-16.21040428000654,85,123,15,11
1612485049647,32.80186233306503,-117.2571035816427,-16.207138205858897,85,123,15,11
1612485049811,32.80186340993041,-117.25710390272326,-16.204448066057925,85,123,15,11
1612485049938,32.801864320984144,-117.25710417493825,-16.20194265662325,85,123,15,11
1612485050034,32.8018650667949,-117.25710440281138,-16.198762698483662,85,123,15,11
1612485050118,32.801865654053806,-117.25710456358432,-16.196055079964356,85,123,15,11
1612485050201,32.80186608904059,-117.25710466991946,-16.19440151420395,85,123,15,11
1612485050300,32.80186638731034,-117.2571047436158,-16.193224914665908,85,123,15,11
1612485050455,32.80186657807551,-117.25710478356346,-16.192276865099206,85,123,15,11
1612485050547,32.801866700196605,-117.25710480010378,-16.192220349272958,85,123,15,11
1612485050630,32.80186678557688,-117.2571048049775,-16.1921162120883,85,123,15,11
1612485050711,32.80186685866648,-117.25710480789795,-16.1919636390166,85,123,15,11
1612485050871,32.80186694319586,-117.25710481800928,-16.1918677321273,85,123,15,11
1612485050945,32.80186705576828,-117.25710483714401,-16.19134027769157,85,123,15,11
1612485051038,32.80186720162789,-117.25710486867222,-16.189998538866156,85,123,15,11
1612485051118,32.80186737865587,-117.25710491176204,-16.188145050182044,85,123,15,11
1612485051218,32.80186758399596,-117.25710496336481,-16.186323099921978,85,123,15,11
1612485051320,32.801867815794886,-117.25710502430186,-16.184211649299364,85,123,15,11
1612485051464,32.8018680786138,-117.25710511897041,-16.181722225804567,84,123,15,11
1612485051556,32.80186839217866,-117.2571052227871,-16.180234446629473,84,123,15,11
1612485051638,32.80186881060142,-117.25710535840376,-16.17920353509451,84,123,15,11
1612485051717,32.80186935960556,-117.25710555082844,-16.176848298587576,83,123,15,11
1612485051879,32.801870052714605,-117.25710578050943,-16.173842374086554,83,123,15,11
1612485052008,32.80187088434202,-117.25710605704448,-16.168890031923755,83,122,15,11
1612485052100,32.80187187894364,-117.2571063788637,-16.163546344897156,82,122,15,11
1612485052175,32.801873045406744,-117.25710676202898,-16.159521028306,82,122,15,11
1612485052270,32.80187439917869,-117.25710718895105,-16.157695085767084,82,122,15,11
1612485052372,32.801875943870535,-117.25710768834625,-16.15380456194608,82,122,15,11
1612485052514,32.80187769753126,-117.25710825759228,-16.14839176753354,81,122,15,11
1612485052604,32.80187964794769,-117.25710889499962,-16.142511381153497,81,122,15,11
1612485052739,32.80188958783069,-117.25711205179464,-16.11146335124024,81,122,15,11
1612485052852,32.80189259385657,-117.2571130179955,-16.095402773889052,81,122,15,11
1612485052957,32.801895803538365,-117.25711404362802,-16.08394982529043,81,122,15,11
1612485053047,32.80189921530818,-117.25711515841216,-16.075523276830026,81,122,15,11
1612485053148,32.80190282014877,-117.25711632681411,-16.06587209443888,82,122,15,11
1612485053295,32.80190662113284,-117.25711753918682,-16.054344116914283,82,122,15,11
1612485053396,32.80191061958533,-117.2571188004385,-16.04446150930788,82,122,15,11
1612485053479,32.80191479122595,-117.25712011629336,-16.036003229953877,82,122,15,11
1612485053562,32.80191913560625,-117.25712151238777,-16.023654325782342,82,122,15,11
1612485053785,32.801923644454284,-117.25712296217316,-16.014971529967244,82,122,15,11
1612485053856,32.801928311850354,-117.25712446247041,-16.005960422891626,83,122,15,11
1612485053948,32.80193313947568,-117.25712599253131,-15.991184074638646,83,122,15,11
1612485054034,32.80193811351726,-117.25712754827528,-15.977104845689864,83,122,15,11
1612485054126,32.80194323347737,-117.25712915261612,-15.960350977341568,83,122,15,11
1612485054228,32.801948497411026,-117.2571307788778,-15.943024926119737,83,122,15,11
1612485054383,32.80195389859839,-117.25713242803644,-15.926411724576385,84,122,15,11
1612485054472,32.80195942865812,-117.25713409982319,-15.909863895087192,84,122,15,11
1612485054556,32.80196508832355,-117.25713578234948,-15.89080646698585,84,122,15,11
1612485054637,32.801970877490284,-117.25713749856939,-15.870416289995463,85,122,15,11
1612485054795,32.801976767740236,-117.25713920813223,-15.855637287525996,85,122,15,11
1612485054870,32.80198277701142,-117.25714094370944,-15.839616676191685,85,122,15,11
1612485054960,32.80198890364377,-117.25714269412,-15.81984809227904,85,122,15,11
1612485055068,32.801995103752844,-117.25714445471084,-15.806909426462317,86,122,15,11
1612485055164,32.802001390133114,-117.25714620626573,-15.791256434653844,86,122,15,11
1612485055255,32.80200775411488,-117.25714794410798,-15.772218295388766,86,122,15,11
1612485055405,32.80201417698061,-117.25714972550514,-15.763851499629249,86,122,15,11
1612485055501,32.80202069083909,-117.25715154562803,-15.755030859767624,86,122,15,11
1612485055590,32.80202733448011,-117.2571533873636,-15.743873055578387,87,122,15,11
1612485055674,32.80203411018988,-117.2571552953395,-15.733453515697631,87,122,15,11
1612485055831,32.8020410575019,-117.25715725341387,-15.719011013478845,87,122,15,11
1612485055963,32.80204816149915,-117.2571592469734,-15.703969020511805,87,122,15,11
1612485056056,32.80205542461969,-117.25716130875736,-15.688015047323601,87,122,15,11
1612485056138,32.80206284572294,-117.25716346447086,-15.6705784150876,87,122,15,11
1612485056232,32.802070423162775,-117.25716570704361,-15.65882829388342,87,122,15,11
1612485056324,32.80207815375648,-117.25716802334675,-15.643714429712091,88,122,15,11
1612485056427,32.80208604746834,-117.25717038131995,-15.625933765435333,88,122,15,11
1612485056583,32.80209409169344,-117.25717282132324,-15.611787521112484,88,122,15,11
1612485056666,32.80210229649316,-117.25717534703631,-15.597397150120274,88,122,15,11
1612485056754,32.802110676209765,-117.25717791861089,-15.579265836982703,88,122,15,11
1612485056917,32.80211921860663,-117.25718055632248,-15.557691456831837,88,122,15,11
1612485057004,32.80212790131723,-117.25718328605576,-15.539344344459838,88,122,15,11
1612485057095,32.80213672287676,-117.2571861081051,-15.52393091476046,88,122,15,11
1612485057187,32.802145711051786,-117.25718895733338,-15.507931470691423,89,122,15,11
1612485057264,32.8021548609354,-117.25719184742029,-15.491322063987665,89,122,15,11
1612485057368,32.80216416226076,-117.25719484898346,-15.470072311894638,88,122,15,11
1612485057533,32.802173621600296,-117.25719787257476,-15.444581844268027,89,122,15,11
1612485057613,32.80218323498172,-117.25720093872683,-15.419494748494603,89,122,15,11
1612485057731,32.802223274713064,-117.25721384553009,-15.296985629376886,89,122,15,11
1612485057851,32.8022336525104,-117.25721719660059,-15.272728857580546,89,122,15,11
1612485057955,32.802244177151316,-117.257220584395,-15.247025328708155,89,123,15,11
1612485058052,32.80225483249131,-117.25722401355532,-15.222674497400458,89,123,15,11
1612485058161,32.8022655832526,-117.25722746835066,-15.195943673369772,89,123,15,11
1612485058314,32.80227646950109,-117.25723093336428,-15.15705631474092,89,123,15,11
1612485058407,32.80228751041084,-117.25723451394482,-15.086052942723335,89,123,15,11
1612485058491,32.80229867566917,-117.25723814377301,-15.002163082049996,89,123,15,11
