1618182294547,32.80819847841637,-117.23423651926096,8.733869623867472,50,54,10,11
1618182294706,32.80820492167563,-117.23420546218246,8.64388016294955,53,56,9,11
1618182294838,32.808207063347034,-117.23419509351623,8.615821279207267,54,57,7,11
1618182294957,32.80820928223254,-117.2341846401682,8.588563998136527,55,58,7,11
1618182295070,32.80821141211698,-117.23417422469879,8.565278672098518,56,59,7,11
1618182295204,32.80821358538277,-117.23416384259119,8.539716171889289,57,61,7,11
1618182295314,32.808215784798264,-117.23415347672652,8.507377634148364,59,62,7,11
1618182295427,32.80821796200989,-117.23414315369595,8.478823070223772,59,63,7,11
1618182295549,32.80822015261566,-117.23413289252508,8.455769753190841,59,63,7,11
1618182295792,32.80822907656102,-117.23409278238252,8.398867458056323,56,65,7,11
1618182295940,32.80823129920192,-117.23408304735466,8.394204326582125,55,66,7,11
1618182296050,32.80823348669965,-117.23407342012261,8.390824577333287,55,67,6,11
1618182296191,32.80823565977608,-117.23406383528825,8.39097453072234,56,68,6,11
1618182296304,32.80823778319687,-117.2340544515206,8.37983947446707,57,69,6,11
1618182296417,32.808239905980585,-117.23404520768042,8.360403853906899,57,70,6,11
1618182296568,32.80824205652547,-117.23403605288134,8.344215019757156,58,71,6,11
1618182296732,32.80824861537966,-117.23400885019565,8.313912974393388,62,75,10,11
1618182296828,32.80825077133494,-117.23400006019105,8.302860248724855,63,76,10,11
1618182296976,32.808252872403195,-117.23399135059663,8.275949947764655,64,78,10,11
1618182297065,32.80825497425575,-117.23398270487354,8.265328489222176,64,79,10,11
1618182297222,32.80825712477305,-117.23397392561988,8.299087233220748,65,80,10,11
1618182297333,32.80825930711645,-117.233965125552,8.356391724297685,64,80,10,11
1618182297464,32.80826133643572,-117.23395636577446,8.413270785165887,64,81,10,11
1618182297640,32.808267591972225,-117.23393073829794,8.506124073130438,65,85,10,11
1618182297750,32.808269941941035,-117.23392217628889,8.558486232086068,65,86,10,11
1618182297846,32.80827210444784,-117.23391345126126,8.629994488183899,65,87,10,11
1618182298002,32.80827421086681,-117.23390472970151,8.693092495018814,65,88,10,11
1618182298113,32.80827647353246,-117.2338961101282,8.768430454174803,66,89,9,11
1618182298251,32.80827874435622,-117.23388745185152,8.831463218214898,65,90,8,11
1618182298364,32.80828091075389,-117.23387879625527,8.87510096307346,65,90,8,11
1618182298479,32.808283041581795,-117.23387008455684,8.926151353686734,64,91,8,11
1618182298641,32.80828937509133,-117.23384426385047,9.0773860242548,63,93,8,11
1618182298761,32.80829152846474,-117.23383561037026,9.164377139222672,63,94,9,11
1618182298869,32.80829364517819,-117.23382689105941,9.265185125656972,64,95,9,11
1618182299018,32.80829562656608,-117.2338181141772,9.362674866599049,64,96,9,11
1618182299141,32.8082977135851,-117.23380933406314,9.448397417252213,63,96,9,11
1618182299277,32.80829979917798,-117.23380050501743,9.536810735909164,63,97,9,11
1618182299390,32.8083019258917,-117.23379159641809,9.63694818028315,62,97,9,11
1618182299615,32.80831029723281,-117.23375537801144,10.002080964423458,59,97,9,11
1618182299759,32.80831234852875,-117.23374611233342,10.105182016721141,58,97,9,11
1618182299872,32.80831445398265,-117.23373680273333,10.200233440174683,57,97,10,11
1618182299962,32.80831649258501,-117.23372743883046,10.29255764348206,55,96,10,11
1618182300113,32.80831856909417,-117.23371800741197,10.379073814880888,53,95,10,11
1618182300250,32.808320642861574,-117.23370851026066,10.470564392710957,52,94,10,11
1618182300362,32.80832267771217,-117.23369884695683,10.573387279854806,50,93,10,11
1618182300474,32.8083247426282,-117.23368918914788,10.676865190276917,49,91,10,11
1618182300641,32.808330807572084,-117.23366005381109,10.967243614666764,46,88,10,11
1618182300758,32.8083328518117,-117.23365022145738,11.093263248762916,45,88,10,11
1618182300886,32.80833487410402,-117.2336403393943,11.21691843457135,44,86,10,11
1618182300976,32.80833690908717,-117.23363053786362,11.331856162328162,44,86,11,11
1618182301120,32.80833892152546,-117.23362070636544,11.446441238790204,43,85,11,11
1618182301256,32.80834096542117,-117.23361085265132,11.566870118287643,43,85,10,11
1618182301368,32.808343040768165,-117.23360097615144,11.693952445424355,42,84,10,11
1618182301490,32.808345081050305,-117.23359107810154,11.819216691449268,42,84,10,11
1618182301620,32.80834710738667,-117.23358116413809,11.939448137783732,42,84,10,11
1618182301813,32.80834917078977,-117.23357134107964,12.054376644975918,43,84,10,11
1618182301927,32.80835736991475,-117.23353198277333,12.600623036095268,43,84,9,11
1618182302073,32.80835944159817,-117.23352212583414,12.738807682924055,43,84,9,11
1618182302205,32.808361541352646,-117.233512355978,12.878857463116153,43,84,9,11
1618182302318,32.80836359183243,-117.23350259651447,13.009646330803093,43,84,9,11
1618182302432,32.80836567317931,-117.23349292544918,13.145594271708724,43,84,9,11
1618182302637,32.80837196670547,-117.23346387113226,13.553157906111045,42,82,9,11
1618182302761,32.80837403595848,-117.23345429211965,13.680212950155846,41,81,9,11
1618182302891,32.80837607606336,-117.23344471908725,13.802386168228091,41,80,9,11
1618182302984,32.80837812333402,-117.23343521591008,13.910794963150023,41,79,9,11
1618182303132,32.808380202113845,-117.23342572728608,14.03250029590301,41,79,9,11
1618182303262,32.80838224830365,-117.23341621900717,14.16006902519295,41,79,9,11
1618182303377,32.808384334534914,-117.23340667042974,14.29050996894763,41,79,9,11
1618182303487,32.808386368847145,-117.23339724434487,14.421491004979242,41,78,9,11
1618182303634,32.80839252221783,-117.23336920139053,14.770983529642992,40,77,9,11
1618182303755,32.80839451122645,-117.23335987716048,14.896520653742684,40,77,9,11
1618182303873,32.80839652344587,-117.23335061411517,15.02559962751164,40,76,9,11
1618182303999,32.808398643790426,-117.23334140537074,15.162408966038209,40,76,9,11
1618182304110,32.80840069946252,-117.23333221076847,15.289580549353081,40,75,9,11
1618182304251,32.80840260805622,-117.23332306019013,15.420803997532941,40,75,9,11
1618182304384,32.808404627972934,-117.23331395740432,15.544118439119877,40,75,9,11
1618182304497,32.808406688297254,-117.23330500411016,15.65893160582297,39,75,9,11
1618182304519,32.808410680841476,-117.2332873255122,15.914658808834817,39,74,9,11
1618182304656,32.80841266825089,-117.23327854205519,16.047456672926245,39,73,9,11
