1631742382214,32.87188214479006,-117.23072892907771,50.75278742403341,51,81,11,11
1631742382346,32.87187997596192,-117.23074058996733,50.70601912592352,50,81,11,11
1631742382459,32.87187789472193,-117.23075220418805,50.658706198914984,49,80,11,11
1631742382605,32.871871655898396,-117.23078745165502,50.537931311772,48,80,11,11
1631742382695,32.8718696028307,-117.23079925239189,50.49486978041309,47,79,11,11
1631742382841,32.87186757194776,-117.23081109690683,50.44699782195788,46,78,11,11
1631742382953,32.87186554303482,-117.2308230189714,50.40152263169395,45,78,11,11
1631742383086,32.87186354071968,-117.2308349611884,50.36158026699803,45,78,11,11
1631742383216,32.87186159618648,-117.23084698093211,50.319122195637895,44,77,11,11
1631742383332,32.87185961180151,-117.23085902154006,50.28308166829527,44,78,11,11
1631742383444,32.87185769356356,-117.23087105845843,50.2420955539668,44,77,11,11
1631742383626,32.87185201828828,-117.2309073192639,50.11578234031917,44,78,11,11
1631742383716,32.8718501635462,-117.23091945030686,50.07612338321535,43,77,11,11
1631742383864,32.87184830163756,-117.23093155278755,50.03870243086691,44,78,11,11
1631742383985,32.87184648548004,-117.23094367434962,49.99865452299099,43,78,11,11
1631742384116,32.87184468993184,-117.23095585895749,49.956906985830884,43,78,11,11
1631742384229,32.87184292789351,-117.23096798944475,49.91495025799991,43,77,11,11
1631742384363,32.871841179943935,-117.23098012750181,49.87415925463886,43,77,11,11
1631742384602,32.87183453427782,-117.23102863742596,49.68045770246649,40,74,11,11
1631742384716,32.87183292640995,-117.23104078112742,49.635656149949014,39,74,11,11
1631742384808,32.87183139193166,-117.23105297444246,49.58923038060413,39,73,11,11
1631742384951,32.87182988422706,-117.2310652082246,49.54569233094758,39,73,11,11
1631742385087,32.87182841068801,-117.23107746421437,49.499548532750254,38,72,11,11
1631742385215,32.87182697485487,-117.23108981686885,49.45058331276424,38,72,11,11
1631742385329,32.871825588897195,-117.23110217854888,49.40279326939982,38,72,11,11
1631742385516,32.87182172363981,-117.23113952475596,49.259640115100076,37,71,11,11
1631742385628,32.871820538251306,-117.23115209502272,49.21505376722054,37,70,11,11
1631742385744,32.871819360442764,-117.23116481232248,49.170881833035395,37,70,11,11
1631742385834,32.871818302735555,-117.23117748208665,49.11916871558604,37,70,11,11
1631742385980,32.87181730207796,-117.23119023792799,49.0667396626482,37,70,11,11
1631742386113,32.87181635498483,-117.23120312653899,49.01371769258431,36,69,11,11
1631742386224,32.87181547101897,-117.23121610255751,48.96108322633733,36,69,13,11
1631742386339,32.871814611371036,-117.23122914721364,48.90672327919188,35,68,13,11
1631742386593,32.8718118487048,-117.23128247345953,48.69106956423845,35,67,13,11
1631742386736,32.8718113110179,-117.23129607476739,48.637354365685034,36,68,13,11
1631742386822,32.87181083226289,-117.23130977679706,48.58002552417291,36,67,12,11
1631742386970,32.87181041515829,-117.23132357156585,48.522748152905564,36,67,12,11
1631742387104,32.87181005085218,-117.23133743895772,48.46765715570187,36,67,12,11
1631742387218,32.87180974210143,-117.23135136097996,48.41052541380567,36,68,12,11
1631742387346,32.87180952042057,-117.23136529454567,48.351890124195116,37,68,12,11
1631742387491,32.871809051799175,-117.23140711202633,48.17687023179908,37,68,12,11
1631742387637,32.871808966687304,-117.23142106185307,48.12326681971088,37,68,12,11
1631742387749,32.87180892179308,-117.23143496567823,48.066905611313935,37,68,12,11
1631742387839,32.87180888861445,-117.23144885718777,48.01004781695552,36,67,12,11
1631742387984,32.87180886426376,-117.23146271652385,47.955671610194784,35,66,12,11
1631742388119,32.871808838131585,-117.23147656481419,47.89739278455246,34,66,12,11
1631742388240,32.87180877388653,-117.23149034861775,47.83786700553552,35,66,12,11
1631742388363,32.87180868180528,-117.23150407047133,47.78329211433511,35,66,12,11
1631742388576,32.8718082827093,-117.23155863880724,47.5841365496324,35,67,12,11
1631742388743,32.87180812753352,-117.2315720269954,47.52561696368696,35,67,12,11
1631742388865,32.87180795946767,-117.23158532582312,47.46949199428824,36,67,12,11
1631742388978,32.871807815658855,-117.23159856507573,47.41864455271784,36,67,12,11
1631742389110,32.87180762253012,-117.2316116836964,47.370836763548155,36,67,12,11
1631742389222,32.871807453762216,-117.23162472908064,47.319827264996675,36,68,12,11
1631742389336,32.871807244170085,-117.23163775077985,47.26988202672971,36,68,12,11
1631742389530,32.871806724221415,-117.23167652031455,47.12919121349387,37,69,12,11
1631742389618,32.87180656707202,-117.23168944545337,47.08314990371097,37,70,12,11
1631742389820,32.871806431288725,-117.2317024113438,47.03631230869696,37,70,12,11
1631742389934,32.87180629268133,-117.23171542384074,46.99119918104118,37,70,12,11
1631742390055,32.871806180737174,-117.23172848450848,46.946376251515176,37,70,12,11
1631742390188,32.87180612307358,-117.23174160482068,46.90089050589285,38,71,12,11
1631742390300,32.87180608916911,-117.23175472010847,46.855919266453434,38,71,12,11
1631742390491,32.87180616690142,-117.23180778742598,46.67300309983174,37,70,12,11
1631742390692,32.871806265156195,-117.23182119040588,46.62290431747636,36,70,12,11
1631742390808,32.87180641953705,-117.23183463706545,46.57188416848459,36,69,12,11
1631742390920,32.87180660190303,-117.23184813963736,46.52382717133258,36,70,12,11
1631742391012,32.871806802611985,-117.23186173728374,46.47799438506647,36,69,12,11
1631742391187,32.87180703517142,-117.23187535082485,46.4297818711745,36,69,12,11
1631742391398,32.871808382132954,-117.23192990135249,46.25539195305837,36,70,12,11
1631742391547,32.87180878957701,-117.23194353971212,46.21276951344733,35,69,12,11
1631742391750,32.87180922148093,-117.23195703895688,46.175623608330774,35,68,12,11
1631742391861,32.871809703503416,-117.23197046499294,46.13323513041985,35,68,12,11
1631742391989,32.87181016335247,-117.23198380254152,46.093273953963795,35,69,12,11
1631742392206,32.8718121915814,-117.23203643985391,45.94685521167743,36,69,12,11
1631742392318,32.87181271721167,-117.23204938997742,45.91134254914149,36,70,12,11
