1616281575227,32.80588305403872,-117.22018815696859,-27.199058682726207,32,54,11,11
1616281575370,32.80588277860979,-117.22018942879716,-27.199078477797613,32,54,11,11
1616281575484,32.805882479216976,-117.22019079409743,-27.198439023270303,32,54,11,11
1616281575745,32.805880997316486,-117.22019760962806,-27.19711166243366,33,54,11,11
1616281575851,32.80588054966731,-117.22019969094987,-27.195916909832224,33,54,11,11
1616281575998,32.80588006947308,-117.22020193101066,-27.19401227583503,34,55,11,11
1616281576128,32.805879551823566,-117.22020432924168,-27.19212704628205,34,55,11,11
1616281576265,32.80587899407366,-117.22020687426094,-27.19103293721916,35,55,11,11
1616281576378,32.805878402724886,-117.2202095670773,-27.189608476582393,35,56,11,11
1616281576646,32.805875772666134,-117.22022177284255,-27.18519113464625,36,56,11,11
1616281576768,32.80587503767028,-117.22022518481782,-27.184870325162205,37,56,11,11
1616281576855,32.80587426946718,-117.22022877073229,-27.182510215595514,37,56,11,11
1616281577004,32.80587345656786,-117.22023251440362,-27.179897497334824,38,56,11,11
1616281577102,32.80587259788776,-117.22023642455632,-27.17596445972829,38,57,11,11
1616281577264,32.80587167047857,-117.22024052972647,-27.165865432327145,39,57,11,11
1616281577428,32.80587074028181,-117.22024481053434,-27.15711851961855,40,58,11,11
1616281577728,32.80586676789567,-117.22026360937986,-27.137825855705074,42,59,11,11
1616281577837,32.8058655940403,-117.22026863000501,-27.13808130759417,42,59,11,11
1616281577925,32.805864383495724,-117.22027382034294,-27.13838012702325,43,60,11,11
1616281578071,32.80586323435425,-117.22027919817937,-27.134673956910962,43,60,11,11
1616281578202,32.805862074599595,-117.22028469221874,-27.13932214310074,44,60,11,11
1616281578448,32.8058570920488,-117.22030746331123,-27.13353854161695,45,61,11,11
1616281578552,32.805855860465684,-117.22031327534158,-27.13947018188363,45,61,11,11
1616281578737,32.805854661573484,-117.22031914804846,-27.142386728761057,45,62,11,11
1616281578850,32.805853395134136,-117.22032500384722,-27.13838134372077,45,62,11,11
1616281578939,32.80585208066562,-117.22033092342598,-27.132846182231244,45,63,11,11
1616281579091,32.80585079573183,-117.22033684227863,-27.12736825621644,44,63,10,11
1616281579223,32.80584947063004,-117.2203427802012,-27.125632195960797,44,63,10,11
1616281579448,32.80584423209132,-117.22036661683946,-27.123214739954168,41,62,10,11
1616281579553,32.80584290290338,-117.2203726780017,-27.12662447833548,40,62,10,11
1616281579796,32.80584156066491,-117.22037877239259,-27.129274452286953,39,61,10,11
1616281579910,32.80584019342605,-117.22038497086055,-27.131000113925552,38,60,10,11
1616281579999,32.80583881061007,-117.22039119965169,-27.131031137217704,37,59,10,11
1616281580217,32.805833165720266,-117.22041678711739,-27.131902610115628,34,57,11,11
1616281580362,32.80583170138656,-117.2204233503036,-27.132814922764982,33,56,11,11
1616281580474,32.805830234354445,-117.22042997400793,-27.132116241622853,33,55,11,11
1616281580617,32.80582875682531,-117.22043664865255,-27.132909499877503,33,55,11,11
1616281580766,32.805827276282166,-117.22044339243428,-27.13368193351058,33,55,11,11
1616281580887,32.80582578860788,-117.22045017877078,-27.13268507116912,33,55,11,11
1616281580974,32.80582427559944,-117.22045704852441,-27.132426630945325,33,55,11,11
1616281581207,32.805818071005795,-117.22048515332192,-27.136572695705592,32,54,11,11
1616281581351,32.80581648900519,-117.22049239916696,-27.13683653911573,32,54,11,11
1616281581509,32.80581487022737,-117.22049973561222,-27.13747529223817,32,53,11,11
1616281581616,32.805813221648464,-117.22050722344115,-27.13445223649924,32,53,11,11
1616281581828,32.805811556978135,-117.22051478584464,-27.13845793651365,31,53,11,11
1616281581936,32.805809873050954,-117.22052244885569,-27.144324590133827,31,52,11,11
1616281582025,32.80580815906901,-117.22053024185462,-27.145448025093557,31,52,11,11
1616281582208,32.80580103495948,-117.22056262184212,-27.15151316075951,30,50,11,11
1616281582358,32.80579921088225,-117.2205710077071,-27.151294066904534,31,51,11,11
1616281582518,32.80579736090415,-117.22057951263575,-27.150937458860785,31,51,11,11
1616281582619,32.80579548366786,-117.22058811707822,-27.154312240452892,31,50,11,11
1616281582764,32.80579359335877,-117.2205968346148,-27.156581144720285,30,50,11,11
1616281582880,32.80579168933508,-117.22060564458616,-27.159983387674288,30,49,11,11
1616281582967,32.80578975581057,-117.22061456863898,-27.16930468378959,29,48,11,11
1616281583112,32.80578780890222,-117.22062359444504,-27.176366554133082,28,47,11,11
1616281583204,32.80578183068023,-117.22065132844277,-27.186622595053436,28,45,11,11
1616281583351,32.80577979623059,-117.22066080909518,-27.187729861540465,28,45,11,11
1616281583505,32.80577774256295,-117.22067041229899,-27.188908804736208,28,45,11,11
1616281583628,32.80577566660361,-117.2206801394226,-27.18969534376063,29,45,11,11
1616281583831,32.80577356222691,-117.2206899878018,-27.190457170462068,29,46,11,11
1616281583943,32.80577143702807,-117.22069995431075,-27.193108103222382,30,46,11,11
1616281584031,32.80576929070701,-117.22071005040435,-27.196395228412563,30,46,11,11
1616281584210,32.80576049417269,-117.22075157924306,-27.200149133234202,30,45,11,11
1616281584355,32.80575824071973,-117.22076222238738,-27.201710633331952,30,45,11,11
1616281584469,32.80575596031771,-117.22077295196199,-27.204321032871988,29,44,11,11
1616281584644,32.80575365322287,-117.22078384109304,-27.2064421609919,28,44,11,11
1616281584792,32.80575134426278,-117.2207947337504,-27.20808105936277,28,44,11,11
1616281584902,32.805749013387114,-117.22080570016564,-27.210169796229792,28,44,11,11
1616281585006,32.805746669154736,-117.2208167612117,-27.212614891437433,28,44,11,11
1616281585246,32.80573710707385,-117.22086172041506,-27.22211651285379,27,43,11,11
1616281585366,32.8057346848523,-117.22087308650114,-27.22252216321413,28,43,11,11
