1615680782138,32.880109673155765,-117.23537626552445,76.6393386575833,41,76,10,11
1615680782296,32.88010969146905,-117.2353762792069,76.63904946677073,41,76,10,11
1615680782409,32.880109697159014,-117.23537628317447,76.63813997397324,41,77,10,11
1615680782520,32.880109692141914,-117.23537627217864,76.63802428227258,41,77,10,11
1615680782638,32.880109688816404,-117.23537625440312,76.63883136468087,41,77,10,11
1615680782894,32.8801096896908,-117.23537627289191,76.63536101144936,41,78,10,11
1615680782975,32.880109672305665,-117.23537623406735,76.63456678019011,41,79,10,11
1615680783143,32.880109673858925,-117.23537622652009,76.6342843042181,41,79,10,11
1615680783298,32.880109679560626,-117.23537625236906,76.63291477485858,42,79,10,11
1615680783418,32.88010968491042,-117.23537623947298,76.6316587155719,42,80,10,11
1615680783531,32.880109684111524,-117.23537623597306,76.63111695761815,42,80,10,11
1615680783676,32.880109681179114,-117.2353762201528,76.62980737318878,42,80,10,11
1615680783873,32.880109690165504,-117.23537621960438,76.62878308463213,42,81,10,11
1615680784008,32.880109672986556,-117.23537620178172,76.62735969636489,42,81,10,11
1615680784146,32.88010969172735,-117.23537620440808,76.62686856572918,42,81,10,11
1615680784276,32.88010967952996,-117.23537619931412,76.62635066954626,43,81,10,11
1615680784390,32.88010968677131,-117.2353762101211,76.62550449368631,43,82,10,11
1615680784503,32.88010967819739,-117.23537618430787,76.62404395459792,43,82,10,11
1615680784648,32.88010968246217,-117.23537619465075,76.62487091583553,43,82,10,11
1615680784891,32.880109657619656,-117.23537616116352,76.62137056595466,43,83,10,11
1615680785027,32.8801096716252,-117.23537617033732,76.6221280029991,43,83,10,11
1615680785178,32.88010965610912,-117.23537615896247,76.62029770072803,43,83,10,11
1615680785297,32.88010966121957,-117.23537616454787,76.61958743360374,43,83,10,11
1615680785377,32.88010965408812,-117.23537613293195,76.61785661360722,43,83,10,11
1615680785522,32.88010967166315,-117.23537614562693,76.61939271978143,43,84,10,11
1615680785658,32.88010965042122,-117.23537614119624,76.6173504943943,43,84,10,11
1615680785877,32.880109655951244,-117.23537614533308,76.61507385698981,43,84,10,11
1615680786010,32.88010963379147,-117.23537613004595,76.61376621340735,43,84,10,11
1615680786163,32.88010964228953,-117.23537612907232,76.61313987059697,43,84,10,11
1615680786288,32.88010963291423,-117.2353761338076,76.61150186945501,43,84,10,11
1615680786402,32.88010963638811,-117.2353761270999,76.61012501997483,43,84,10,11
1615680786516,32.88010964091269,-117.23537613391616,76.60966976667939,43,84,10,11
1615680786650,32.88010963958239,-117.23537613450583,76.61017280018608,43,84,10,11
1615680786914,32.88010965052972,-117.23537613278171,76.6063100300436,43,84,10,11
1615680787015,32.8801096313547,-117.23537612716653,76.60379870105444,43,83,10,11
1615680787201,32.880109632059124,-117.23537611653155,76.60265811019293,43,84,10,11
1615680787318,32.88010964238666,-117.23537612086848,76.60307868102868,43,84,10,11
1615680787401,32.88010964012095,-117.23537611435674,76.60245832311362,43,84,10,11
1615680787547,32.880109634131145,-117.23537611728712,76.59978276045038,43,84,10,11
1615680787680,32.88010963276164,-117.2353761207507,76.60019251452451,43,84,10,11
1615680787747,32.88010963642565,-117.2353761290635,76.59660365910973,42,83,10,11
1615680787872,32.88010963396287,-117.23537612180712,76.59636694971877,42,83,10,11
1615680787975,32.880109619821454,-117.23537611465619,76.59522242549883,42,83,10,11
1615680788176,32.88010961435271,-117.23537611872058,76.59402153337307,42,84,10,11
1615680788292,32.88010963842389,-117.23537613790977,76.59452924921918,42,83,10,11
1615680788408,32.8801096338035,-117.23537613236174,76.59311303740077,42,83,10,11
1615680788520,32.88010962655497,-117.23537613386483,76.59082971323086,42,83,10,11
1615680788651,32.88010962306544,-117.23537612603052,76.5910921280295,42,83,10,11
1615680788745,32.88010962271051,-117.23537613004044,76.58949487637582,42,83,10,11
1615680788890,32.880109622912656,-117.23537613595202,76.58669923457846,41,82,10,11
1615680788998,32.88010961557204,-117.23537612824563,76.5859131992488,41,82,10,11
1615680789112,32.88010960934058,-117.23537614151931,76.58437664167671,41,81,10,11
1615680789306,32.880109610537495,-117.23537614542032,76.58265370971355,41,81,10,11
1615680789388,32.88010960143404,-117.23537614086837,76.58076165487306,40,80,10,11
1615680789532,32.88010960102292,-117.23537615310704,76.57999323211618,40,79,10,11
1615680789667,32.88010961322925,-117.23537617147625,76.57915144882776,40,79,10,11
1615680789890,32.88010959293354,-117.23537617395081,76.57333219050356,39,78,10,11
1615680789993,32.88010958906419,-117.2353761682492,76.57099418789386,39,77,10,11
1615680790140,32.88010960189451,-117.23537618229012,76.57003642102883,38,77,10,11
1615680790298,32.88010958890792,-117.23537617637488,76.56873623384503,38,76,10,11
1615680790409,32.88010958881403,-117.23537617775769,76.5669655594687,38,76,10,11
1615680790522,32.880109581778186,-117.23537618999018,76.56483045289036,38,75,10,11
1615680790766,32.88010959530258,-117.23537621264033,76.56066384350049,38,75,10,11
1615680790969,32.88010959286272,-117.23537620716225,76.55937499683422,38,75,10,11
1615680791074,32.88010959760772,-117.23537622101445,76.55871251712313,38,75,10,11
1615680791218,32.88010960783731,-117.2353762277086,76.55817854268732,38,75,10,11
1615680791375,32.880109611265226,-117.2353762177012,76.5568243052226,38,75,10,11
1615680791589,32.88010962580759,-117.23537622817187,76.55263930394942,38,75,10,11
1615680791701,32.88010962945365,-117.23537624060229,76.55134582725864,38,75,10,11
1615680791858,32.88010962289784,-117.23537621905052,76.5503974719153,39,75,10,11
1615680791983,32.88010962131582,-117.23537621980536,76.54856709616243,39,75,10,11
1615680792084,32.88010963369271,-117.23537622150046,76.5480030461718,39,75,10,11
1615680792269,32.880109625642746,-117.2353762144945,76.54553412402821,39,75,10,11
