1631983637088,32.78770875255894,-116.82894248422589,170.60742920413608,557,1393,6,14
1631983637270,32.787709004905565,-116.82894273144227,170.5866075194234,560,1396,6,14
1631983637351,32.78770893113578,-116.82894268380419,170.57574673053242,563,1399,6,14
1631983637512,32.78770900192815,-116.82894275234308,170.55973599251087,566,1402,6,14
1631983637651,32.78770888631591,-116.82894272108449,170.5755553798449,569,1404,6,14
1631983637858,32.787709131263924,-116.82894293943306,170.55299554640217,572,1407,6,14
1631983638007,32.78770864451554,-116.82894251882023,170.5596413077222,586,1419,7,14
1631983638138,32.787708659002135,-116.82894248777826,170.5618427660737,590,1422,7,14
1631983638278,32.78770835819372,-116.8289421900812,170.5665634828795,593,1425,7,14
1631983638399,32.78770848487933,-116.82894231925039,170.56074039249117,596,1428,7,14
1631983638622,32.78770810947084,-116.82894186429884,170.56453069189777,608,1439,6,14
1631983638735,32.78770791549207,-116.82894175547351,170.55618704723335,611,1441,6,14
1631983638902,32.78770778682031,-116.82894162709697,170.55163492780508,616,1445,0,13
1631983638983,32.78770766494637,-116.82894150452479,170.54742000219287,621,1449,0,13
1631983639140,32.787707541871725,-116.82894138078598,170.54323126237352,627,1452,0,13
1631983639317,32.787707417772225,-116.82894125546831,170.53931411176438,632,1456,0,13
1631983639398,32.78770729328641,-116.82894112951847,170.53524297672757,638,1459,0,13
1631983639664,32.78770615718119,-116.82893997329674,170.52087053806136,660,1473,0,13
1631983639797,32.787706014683565,-116.82893983044073,170.51727588689616,665,1476,0,13
1631983639929,32.7877058714854,-116.82893968570971,170.5136862784317,672,1480,0,13
1631983640041,32.78770572759122,-116.82893953989137,170.51001963628084,678,1484,0,13
1631983640230,32.787705581464124,-116.82893939327471,170.50660168703328,684,1488,0,13
1631983640424,32.787705641667976,-116.82893935589011,170.47336907824976,708,1501,6,14
1631983640553,32.78770549753777,-116.82893920776496,170.46993170930088,715,1505,6,14
1631983640669,32.78770535188617,-116.82893905962281,170.46644044056293,721,1509,6,14
1631983640794,32.787705203939595,-116.8289389091164,170.46328752785126,728,1513,6,14
1631983640926,32.787705053566796,-116.82893875627533,170.46000156822683,736,1517,0,13
1631983641038,32.78770490631016,-116.82893860531455,170.45689633342965,742,1520,0,13
1631983641162,32.787704756893525,-116.8289384550717,170.45394092350006,749,1524,0,13
1631983641340,32.787706732443674,-116.828938189258,170.4049126928508,719,1527,6,14
1631983641585,32.787710820856816,-116.82894223383018,170.40746596456523,649,1538,7,14
1631983641699,32.787710344988405,-116.82894227720521,170.36294917018566,639,1541,7,14
1631983641823,32.78771028225101,-116.82894218714928,170.35981102378224,644,1544,7,14
1631983641965,32.787710216315716,-116.8289420927553,170.35658282349624,648,1548,0,13
1631983642086,32.78771015303579,-116.8289420033894,170.35358261067776,653,1552,0,13
1631983642224,32.787710089623765,-116.82894191436237,170.3506122306493,658,1556,0,13
1631983642367,32.787709895229376,-116.82894163924324,170.3413158608558,672,1568,0,13
1631983642475,32.78770982802993,-116.82894154632403,170.339360259824,677,1572,0,13
1631983642632,32.787709762105266,-116.82894145237312,170.33620795010904,682,1576,0,13
1631983642742,32.78770969359364,-116.82894135869992,170.3334234064249,687,1580,0,13
1631983642863,32.787709624053726,-116.82894126195202,170.33072643245913,691,1583,0,13
1631983643042,32.78770955434959,-116.82894116710649,170.32776210956055,697,1587,0,13
1631983643164,32.7877094832448,-116.82894107031323,170.32521410379698,702,1591,0,13
1631983643271,32.78770926517429,-116.82894077676312,170.3171986267079,718,1604,0,13
1631983643437,32.78770919067878,-116.82894067626685,170.31439193475174,723,1607,0,13
1631983643557,32.78770911537409,-116.82894057608574,170.31195532774555,729,1611,0,13
1631983643734,32.78770903888762,-116.82894047386559,170.3093625752533,734,1616,0,13
1631983643967,32.787708724607235,-116.82894005472458,170.29986174216972,757,1632,0,13
1631983644106,32.78770864410502,-116.82893994788662,170.29747317013903,763,1636,0,13
1631983644229,32.787708562773446,-116.82893984036134,170.29544358488423,770,1640,0,13
1631983644381,32.7877084804079,-116.8289397315933,170.29320935491813,776,1644,0,13
1631983644636,32.78770813866985,-116.82893928598355,170.28501409764425,801,1661,0,13
1631983644753,32.787708050584236,-116.82893917255876,170.2831052768977,807,1665,0,13
1631983644894,32.78770796154757,-116.82893905755044,170.28125977150302,814,1669,0,13
1631983645062,32.78770787123997,-116.82893894157004,170.27955684014407,820,1674,0,13
1631983645168,32.78770777942651,-116.82893882391208,170.27785455685503,827,1678,0,13
1631983645321,32.787707686673095,-116.82893870553023,170.27627454454304,833,1682,0,13
1631983645422,32.787707403032236,-116.82893834238253,170.27175293723363,854,1695,0,13
1631983645656,32.787707306285384,-116.82893821870948,170.2703217699699,862,1699,0,13
1631983645761,32.7877072087879,-116.82893809421272,170.26893825304123,869,1703,0,13
1631983645880,32.78770711036172,-116.8289379693402,170.2675339165383,875,1707,0,13
1631983646168,32.78770670510425,-116.82893745996327,170.26264075296925,906,1725,0,13
1631983646289,32.78770660113303,-116.82893733007461,170.26152604263507,913,1729,0,13
1631983646437,32.78770649632395,-116.82893719973293,170.2604905120247,920,1733,0,13
1631983646585,32.78770639087707,-116.82893706781256,170.2594598003631,928,1738,0,13
1631983646709,32.78770628458565,-116.8289369350255,170.2584662360674,936,1742,0,13
1631983646811,32.78770617722536,-116.82893680036554,170.25754915898705,944,1747,0,13
1631983647076,32.78770573252877,-116.8289362490708,170.25463474030113,977,1764,0,13
1631983647223,32.78770561801061,-116.82893610742381,170.25407943886304,985,1769,0,13
