1616288083319,32.85906998608245,-117.25348364378853,-22.934271837603468,46,81,10,11
1616288083484,32.85907106384282,-117.25348357051287,-22.94070154288013,45,80,10,11
1616288083627,32.85907214949182,-117.25348352076477,-22.939340284766885,44,79,10,11
1616288083801,32.85907657996341,-117.25348322654223,-22.94552205444067,43,78,10,11
1616288083945,32.85907770254791,-117.25348312580851,-22.951411258064983,42,77,10,11
1616288084059,32.85907880669648,-117.25348306233046,-22.954095223628812,42,77,10,11
1616288084170,32.859079917691204,-117.25348300082945,-22.956661675921357,42,76,10,11
1616288084369,32.85908105319036,-117.25348288096379,-22.961360072041675,41,75,10,11
1616288084491,32.859082184138316,-117.25348280126056,-22.96126488355442,41,75,10,11
1616288084718,32.859087017813174,-117.2534823949905,-22.971399864579826,39,72,10,11
1616288084831,32.85908827983732,-117.25348230809398,-22.97145616171711,38,71,10,11
1616288084984,32.85908957331459,-117.25348219722517,-22.97278777524148,38,71,10,11
1616288085097,32.85909085938703,-117.25348206414958,-22.975065025330444,38,70,10,11
1616288085211,32.859092157097464,-117.25348195539192,-22.9758251359861,38,70,10,11
1616288085439,32.85909347709428,-117.25348182755631,-22.978121608395053,37,69,10,11
1616288085634,32.85909885422004,-117.25348134044417,-22.98271090247878,38,70,10,11
1616288085770,32.859100232981284,-117.25348124339926,-22.98661598653776,38,70,10,11
1616288085854,32.85910170864545,-117.2534811102192,-22.99167678157431,39,70,10,11
1616288086000,32.85910329050914,-117.25348091222112,-22.99342542866911,39,70,10,11
1616288086114,32.859105049694,-117.25348063710999,-22.994519373841946,39,70,10,11
1616288086268,32.85910701459329,-117.25348029499314,-22.99659925828518,39,70,10,11
1616288086543,32.859117284012946,-117.25347767221376,-23.006345971625933,39,69,10,11
1616288086712,32.859120514733505,-117.25347663885506,-23.005706692038295,40,69,10,11
1616288086849,32.85912401149113,-117.25347546591226,-23.003399528866524,41,69,10,11
1616288086930,32.85912778287114,-117.25347415345826,-22.999078245828944,41,69,10,11
1616288087074,32.859131841503874,-117.25347271627724,-22.994772566216188,41,69,10,11
1616288087157,32.85913621258332,-117.25347120807544,-22.991574535252823,41,68,10,11
1616288087296,32.85915119978337,-117.25346667434866,-22.997551356506104,42,69,10,11
1616288087440,32.85915686484893,-117.2534652380962,-22.994472770653072,43,69,10,11
1616288087562,32.859162835653905,-117.25346385166893,-23.00084473089751,43,69,10,11
1616288087680,32.859169120180766,-117.25346254553695,-23.012251536726858,44,69,10,11
1616288087791,32.85917572699489,-117.25346132797743,-23.021320419309205,45,70,10,11
1616288087914,32.85918264187848,-117.25346018739125,-23.032335693259167,47,71,10,11
1616288088062,32.859189871940714,-117.25345925567777,-23.036839534957668,46,70,9,11
1616288088176,32.859197384906764,-117.25345847809056,-23.035501092602612,46,70,9,11
1616288088309,32.85922147367895,-117.25345664540765,-23.0537210514743,45,68,9,11
1616288088452,32.85923002815535,-117.25345619378291,-23.062776276880797,46,69,9,11
1616288088564,32.85923883626619,-117.25345583317977,-23.067681753780146,45,69,9,11
1616288088737,32.85924789956939,-117.25345543617402,-23.077133362823236,45,68,9,11
1616288088879,32.859257216975585,-117.25345501983313,-23.086456235506212,44,67,10,11
1616288088961,32.85926676327299,-117.2534546856835,-23.09292768136359,45,68,10,11
1616288089107,32.85927654414085,-117.25345427608016,-23.098625540895476,45,68,10,11
1616288089335,32.859317564632605,-117.25345274988601,-23.116557725255028,45,67,10,11
1616288089424,32.85932819273517,-117.25345241635519,-23.120337054622365,46,68,10,11
1616288089569,32.85933894277465,-117.25345215643367,-23.1205238354026,47,68,10,11
1616288089686,32.85934979734438,-117.2534519234397,-23.121573382404367,48,69,10,11
1616288089804,32.85936077825708,-117.25345172035144,-23.12046039657779,49,70,10,11
1616288089911,32.85937186926138,-117.25345157968114,-23.11288893675093,49,70,10,11
1616288090060,32.85938307281676,-117.25345141030104,-23.096234741357254,51,71,10,11
1616288090177,32.859394407723364,-117.25345121286152,-23.07160223009584,52,72,10,11
1616288090328,32.85942897862239,-117.25345039506828,-23.01485845290495,54,74,10,11
1616288090419,32.85944064392107,-117.25345015486091,-23.003545581158384,55,74,10,11
1616288090564,32.859452367689585,-117.25344986154569,-22.989944235147735,56,75,10,11
1616288090748,32.859464146609625,-117.2534495670682,-22.978020751390023,56,76,10,11
1616288090890,32.85947598217325,-117.25344921630365,-22.961890530737328,57,76,10,11
1616288090976,32.85948785040485,-117.25344886952558,-22.95404459533915,57,77,10,11
1616288091131,32.85949969503164,-117.25344854306705,-22.956895227411458,57,77,9,11
1616288091395,32.85954717201091,-117.25344726204695,-22.88993077452106,61,80,9,11
1616288091492,32.85955906527488,-117.2534469236916,-22.87953695368662,62,81,7,11
1616288091654,32.85957100962674,-117.25344654841162,-22.864837095933588,63,82,7,11
1616288091776,32.859582951188784,-117.25344613466524,-22.836810775540588,65,84,5,11
1616288091907,32.85959487626975,-117.25344568312873,-22.814337609297436,67,85,5,11
1616288092097,32.85964275324099,-117.25344374475996,-22.74677327477466,77,92,0,13
1616288092227,32.85965473141304,-117.25344321894345,-22.73871161332222,79,94,0,13
1616288092380,32.85966671522404,-117.25344269313699,-22.732905044674407,82,95,0,13
1616288092484,32.85967871076489,-117.25344214070314,-22.722043768664065,84,97,0,13
1616288092638,32.85969071387471,-117.25344160442359,-22.71038994337142,87,99,0,13
1616288092806,32.85972679381818,-117.25344011559405,-22.65967756631097,96,104,0,13
1616288092958,32.85973884495992,-117.25343961687807,-22.64129967021544,99,106,0,13
1616288093079,32.85975089890215,-117.2534391448648,-22.614248522794913,102,108,0,13
1616288093202,32.859762910855636,-117.25343865334439,-22.60198729748288,105,110,0,13
1616288093507,32.85981085434407,-117.25343700323553,-22.505010745147672,118,117,0,13
