1616285923282,32.87676740873774,-117.23272000213156,68.75529669637484,55,92,8,11
1616285923370,32.876768731834986,-117.2327308938381,68.77246645325131,56,93,8,11
1616285923515,32.87677005708816,-117.23274158251814,68.7902546223435,56,93,8,11
1616285923629,32.87677098342549,-117.23275236312881,68.80707622082608,57,94,8,11
1616285923752,32.876772326754434,-117.23276256200955,68.82223623423796,57,94,7,11
1616285923854,32.87677361328791,-117.2327725613746,68.8357850935861,57,94,7,11
1616285923968,32.876774535077885,-117.23278264577108,68.85167197546585,57,94,7,11
1616285924112,32.876775585436945,-117.23279240401908,68.87128241261506,58,94,7,11
1616285924224,32.87677967489283,-117.23281934292854,68.92056691280298,56,94,7,11
1616285924317,32.87678065111376,-117.23282817184982,68.93230823413955,56,94,7,11
1616285924523,32.87678191777599,-117.23283649205365,68.94165923215203,56,93,7,11
1616285924638,32.87678335886474,-117.23284442484317,68.94878380980282,55,93,7,11
1616285924750,32.8767844200522,-117.23285245617453,68.9536654703257,55,93,7,11
1616285924853,32.8767860112474,-117.23285980887405,68.95689428592543,54,92,7,11
1616285924965,32.87678729338776,-117.23286719761941,68.95926159877175,53,91,7,11
1616285925116,32.87678848246627,-117.23287445297508,68.96404131940992,52,91,7,11
1616285925325,32.87679350374186,-117.2329010580066,68.98438898852683,50,89,7,11
1616285925473,32.87679466138334,-117.23290720415787,68.98534712090651,50,89,7,11
1616285925587,32.87679570828542,-117.23291320536192,68.9855997098471,50,89,7,11
1616285925699,32.876796727706164,-117.2329190221493,68.98564333783798,50,89,7,11
1616285925802,32.876797746613825,-117.23292465189742,68.98654833634292,51,89,7,11
1616285925914,32.87679861449725,-117.232930173038,68.98869493536978,51,89,7,11
1616285926058,32.876799776351774,-117.23293539752554,68.99203797739744,51,89,7,11
1616285926183,32.876800929004624,-117.23294044905435,68.99378267875021,51,89,7,11
1616285926353,32.876804811774555,-117.23295457616291,68.99893701882101,49,87,8,11
1616285926526,32.876805948158115,-117.23295903578257,68.9987735055931,49,87,8,11
1616285926640,32.87680699037841,-117.23296337584301,68.99939945110424,50,88,8,11
1616285926755,32.876808106380196,-117.23296755996982,69.00253130285937,50,88,8,11
1616285926856,32.87680909784078,-117.23297158994109,69.0036107082621,50,88,8,11
1616285926971,32.87680998046852,-117.23297546273245,69.00415037173565,51,88,8,11
1616285927114,32.8768109771272,-117.2329791648434,69.00593219218962,51,88,8,11
1616285927232,32.876813824418576,-117.23298931426646,69.00774681717986,51,89,8,11
1616285927360,32.8768146952981,-117.2329923991728,69.00877768413567,52,89,8,11
1616285927483,32.87681554209962,-117.232995346875,69.0094849048724,52,89,8,11
1616285927597,32.87681637861985,-117.2329981622201,69.01000896501759,52,89,8,11
1616285927713,32.876817327876665,-117.23300090152851,69.01226012318887,52,89,8,11
1616285927816,32.87681823675669,-117.23300351787503,69.01365647935431,51,89,8,11
1616285927964,32.87681913329301,-117.23300603631085,69.01567215370899,51,89,8,11
1616285928079,32.87682011406652,-117.23300849858886,69.01856557256559,50,88,8,11
1616285928289,32.8768232872037,-117.23301697509194,69.0265728200766,49,86,8,11
1616285928495,32.876823962233985,-117.23301877469665,69.0265098390336,49,87,8,11
1616285928613,32.87682464507261,-117.2330204863131,69.02721068291591,49,86,8,11
1616285928726,32.87682523013879,-117.2330220127969,69.02717558263888,49,87,8,11
1616285928833,32.87682583312679,-117.23302346789102,69.02753218272576,50,87,8,11
1616285928948,32.876826423411956,-117.23302482969825,69.02822594426786,50,87,8,11
1616285929093,32.87682700168087,-117.23302609480741,69.02859627248797,50,87,8,11
1616285929302,32.8768290057365,-117.23303069281934,69.03255264108692,49,87,8,11
1616285929454,32.87682931610556,-117.23303188990198,69.03420907359204,49,87,8,11
1616285929572,32.87682962045545,-117.23303302751083,69.0361215601765,48,87,8,11
1616285929683,32.876829953313276,-117.23303421156481,69.03882851528452,47,87,8,11
1616285929817,32.8768302797114,-117.23303529043747,69.04085612677827,47,87,8,11
1616285929934,32.876830611895286,-117.23303642029629,69.04177245191836,46,86,8,11
1616285930053,32.87683095320798,-117.23303744896683,69.0448953316323,45,86,8,11
1616285930177,32.8768312709948,-117.23303838679391,69.04738341515149,45,86,8,11
1616285930289,32.87683159587846,-117.23303933878128,69.04822712422671,44,86,8,11
1616285930441,32.87683254536625,-117.2330417396354,69.0483652390208,43,84,8,11
1616285930555,32.87683285355074,-117.23304235022793,69.04858453951387,42,85,8,11
1616285930672,32.87683314820895,-117.23304287971459,69.04828365972713,43,85,8,11
1616285930806,32.876833417385285,-117.23304336504998,69.04664911992654,43,85,8,11
1616285930885,32.8768336659222,-117.2330438095938,69.04736400269014,43,85,8,11
1616285931033,32.87683394030055,-117.23304423937823,69.0479301470039,42,85,8,11
1616285931164,32.87683415202107,-117.23304473247735,69.04756765159837,41,84,8,11
1616285931425,32.87683509639846,-117.2330463509961,69.0502639889072,38,80,8,11
1616285931541,32.87683533350456,-117.23304669080866,69.05237760241037,37,79,8,11
1616285931657,32.87683553194062,-117.23304705309481,69.05222808023977,36,77,8,11
1616285931791,32.87683580836441,-117.23304726389884,69.05130734184272,36,77,8,11
1616285931906,32.87683609260062,-117.2330474406865,69.05152590118206,36,77,8,11
1616285932018,32.87683639109611,-117.23304759894131,69.0507811663073,36,77,8,11
1616285932145,32.87683669564399,-117.23304772378107,69.0498439129021,36,77,8,11
1616285932257,32.87683699226827,-117.23304781850295,69.04894543153439,37,78,8,11
1616285932385,32.87683769727181,-117.23304810678648,69.05143023907037,37,78,8,11
1616285932545,32.87683792704587,-117.23304814202403,69.05043830631917,38,79,8,11
1616285932661,32.87683810737664,-117.23304819674128,69.05120884284398,38,79,8,11
1616285932794,32.87683829535814,-117.2330481915612,69.05266659317827,38,79,8,11
1616285932875,32.87683845049459,-117.23304821336332,69.05340815161755,38,80,8,11
1616285933033,32.876838590296806,-117.23304820164508,69.05400351044007,39,80,8,11
1616285933147,32.876838761450735,-117.2330481491354,69.05465036454235,39,81,8,11
1616285933229,32.876838912023594,-117.23304807860957,69.05451840322783,39,81,8,11
1616285933531,32.87683947904925,-117.23304784271188,69.05841949530252,41,83,8,11
