1616366217878,32.872045625685615,-117.22902969996288,52.55388564685847,88,155,12,11
1616366217996,32.872050557772006,-117.22900785826755,52.56821261455853,88,156,12,11
1616366218166,32.87205548996612,-117.22898603848171,52.581718139204206,87,157,12,11
1616366218266,32.8720603608548,-117.228964183381,52.592079201436405,87,158,12,11
1616366218414,32.87206524392208,-117.22894231919143,52.59514992928237,87,158,12,11
1616366218527,32.87207011582767,-117.22892043240836,52.60442346477393,85,159,12,11
1616366218639,32.87207497809013,-117.22889835984287,52.61385589718597,84,159,12,11
1616366218738,32.87208945986621,-117.22883261941364,52.61136989529257,82,160,12,11
1616366218882,32.87209430682014,-117.22881067542782,52.613795783398594,81,161,12,11
1616366219000,32.87209911198777,-117.2287886749437,52.62884612773779,80,161,12,11
1616366219114,32.87210389719321,-117.2287664749368,52.62737354950746,80,161,12,11
1616366219218,32.872108625371325,-117.2287444904638,52.61761364720404,79,161,12,11
1616366219362,32.87211328396201,-117.2287225850804,52.601389014303,78,161,12,11
1616366219477,32.8721179639875,-117.22870063968153,52.581491728212114,77,161,12,11
1616366219589,32.8721225572879,-117.22867876581321,52.55156953655008,76,161,12,11
1616366219703,32.87212708887488,-117.22865691724016,52.515448081802,75,160,12,11
1616366219839,32.87214041297806,-117.22859134072887,52.41852777865003,72,159,12,11
1616366219983,32.8721446968867,-117.22856959861635,52.38772585187773,71,158,12,11
1616366220171,32.87214886682902,-117.22854781746949,52.366058255770746,70,157,12,11
1616366220272,32.872152937637686,-117.22852603796397,52.33793406043999,68,155,12,11
1616366220417,32.87215697576178,-117.22850413315611,52.29295533292266,67,155,12,11
1616366220530,32.872160912567224,-117.22848248041582,52.24477551009913,67,154,12,11
1616366220783,32.872175955612946,-117.22839595350274,52.093847328753014,64,152,12,11
1616366220872,32.87217960502247,-117.22837446350488,52.056229021984315,64,151,12,11
1616366221018,32.87218319420641,-117.22835297222443,52.03120082370064,63,151,12,11
1616366221137,32.87218670945369,-117.22833144571987,52.01999004591681,63,151,12,11
1616366221238,32.8721901485664,-117.2283100007162,52.01113972046336,62,149,12,11
1616366221383,32.87219354088093,-117.22828861134066,51.99071962200559,61,148,12,11
1616366221503,32.87219682948086,-117.22826720982285,51.97511482474051,60,147,12,11
1616366221614,32.872200063461726,-117.22824585020643,51.96263131577941,60,146,12,11
1616366221771,32.872209252664554,-117.2281818713093,51.89462149107882,58,144,12,11
1616366221860,32.87221214892058,-117.2281607201358,51.856752123445915,57,143,12,11
1616366222004,32.87221490491637,-117.22813947989988,51.849911426234605,57,142,12,11
1616366222179,32.87221750640204,-117.22811824638612,51.841849887700945,57,142,12,11
1616366222280,32.87221999794368,-117.22809703501477,51.82845578661233,57,142,12,11
1616366222424,32.87222237734834,-117.22807584440086,51.81067529375027,57,142,12,11
1616366222536,32.87222463943466,-117.22805468377585,51.784320195210064,58,142,12,11
1616366222818,32.872232362604755,-117.22796999643205,51.684866842502224,59,142,12,11
1616366222924,32.87223392548972,-117.22794877632697,51.665361136336244,60,142,12,11
1616366223013,32.872235349603464,-117.22792755071598,51.64005684588161,61,142,12,11
1616366223167,32.872236584640234,-117.2279062783472,51.611063192494086,62,143,12,11
1616366223267,32.87223768204757,-117.22788501081031,51.58502436845761,62,143,12,11
1616366223422,32.872238647304464,-117.2278637133645,51.55865874450413,62,142,12,11
1616366223533,32.87223949695037,-117.22784238163624,51.52958868812131,62,142,12,11
1616366223771,32.872241648575674,-117.22775700384076,51.423887315105745,61,137,12,11
1616366223882,32.87224185088882,-117.22773575712945,51.37426066172306,61,137,12,11
1616366223970,32.87224197400477,-117.22771458402407,51.33033832031714,61,135,12,11
1616366224190,32.87224200879711,-117.22769344894921,51.29356212502614,61,135,12,11
1616366224292,32.87224193995533,-117.22767242163822,51.24792104493381,62,135,12,11
1616366224436,32.872241809686564,-117.22765146914259,51.21032963451637,62,135,12,11
1616366224549,32.87224156726038,-117.22763055872832,51.184790506165676,63,135,12,11
1616366224783,32.87223963465124,-117.22754796939616,51.02053983401119,66,136,12,11
1616366224901,32.87223890211787,-117.22752754255045,50.97540087443802,68,136,12,11
1616366224988,32.8722380941969,-117.22750721787742,50.926104788216975,68,137,12,11
1616366225141,32.8722372256574,-117.22748703703944,50.868427548723645,69,137,12,11
1616366225241,32.872236286694,-117.22746695917459,50.82129902740138,69,137,12,11
1616366225387,32.87223526035544,-117.22744693404461,50.78621759525726,70,137,12,11
1616366225500,32.872234182675015,-117.22742702573464,50.75321076926664,71,137,12,11
1616366225620,32.87223303834167,-117.22740723495303,50.72217814827763,70,137,12,11
1616366225776,32.87222920380288,-117.22734848119617,50.64936212503196,71,136,12,11
1616366225886,32.87222780318029,-117.22732907287713,50.63036002771471,71,136,12,11
1616366225975,32.872226362242536,-117.22730978923929,50.60089332506061,72,137,12,11
1616366226186,32.87222486422911,-117.22729062587554,50.57021496322977,73,137,12,11
1616366226286,32.8722233234356,-117.22727153236993,50.55240939653254,73,137,12,11
1616366226432,32.872221732424784,-117.22725250476056,50.539688457270486,73,137,12,11
1616366226544,32.872220058513264,-117.22723354669611,50.51436641486247,75,138,12,11
1616366226782,32.872212733537594,-117.22715848539137,50.46025105179932,66,135,12,11
1616366226895,32.87221071453859,-117.22713971716101,50.45609134804011,64,133,12,11
1616366226988,32.87220856356157,-117.22712094672522,50.447678093217775,62,132,12,11
1616366227142,32.872206372957464,-117.22710215566342,50.442217217626336,60,130,12,11
1616366227245,32.87220415158277,-117.22708336025036,50.44075066223584,55,125,12,11
1616366227388,32.87220181610916,-117.22706450461887,50.43064595651021,55,124,12,11
1616366227501,32.87219938610689,-117.22704566352824,50.419327926335725,53,123,12,11
1616366227622,32.87219689873239,-117.2270268289471,50.39660481370096,52,122,12,11
1616366227774,32.87218893573613,-117.22697009066616,50.388794373873175,49,118,12,11
1616366227887,32.872186125338274,-117.2269510650389,50.39215970592704,49,117,12,11
1616366227978,32.87218324735144,-117.22693202918255,50.39050235920395,47,115,12,11
1616366228183,32.87218034784186,-117.2269129729951,50.384307107053516,47,114,12,11
