1616374295234,32.818758094370764,-117.1631417224698,84.44960560777635,33,50,11,11
1616374295389,32.818767475706274,-117.16314741444863,84.47659960697828,33,50,11,11
1616374295507,32.81877687469588,-117.16315300246777,84.50187967942013,33,51,11,11
1616374295596,32.818786252508275,-117.16315852750462,84.52932487757505,33,51,13,11
1616374295763,32.81879558846873,-117.16316402253983,84.55364792957864,33,51,13,11
1616374295909,32.81883291359282,-117.16318526318628,84.62691702123158,32,51,12,11
1616374296085,32.818842207844405,-117.16319045650151,84.6369543214601,32,51,12,11
1616374296218,32.818851503754416,-117.16319562900479,84.6574418128957,31,51,12,11
1616374296368,32.81886079486481,-117.16320078128824,84.67965032166381,31,51,12,11
1616374296486,32.81887011512836,-117.16320591166507,84.70090606749848,30,50,12,11
1616374296577,32.818879440010576,-117.16321103186009,84.72166149521443,28,49,13,11
1616374296745,32.81888877794621,-117.1632161731548,84.73635250022807,29,49,14,11
1616374296936,32.81892688738866,-117.1632368715696,84.78099984950005,29,51,14,11
1616374297157,32.81893669070499,-117.1632420987505,84.79170134225345,29,51,14,11
1616374297238,32.81894665567302,-117.1632473311488,84.80252363370916,29,50,14,11
1616374297385,32.818956784276985,-117.16325258356451,84.81338142416897,29,50,14,11
1616374297499,32.81896704326904,-117.1632578421239,84.8240622015931,28,50,14,11
1616374297605,32.818977448640695,-117.16326313237488,84.83349783591578,28,50,14,11
1616374297833,32.81902070756913,-117.16328428098608,84.85832913457278,28,50,13,11
1616374297967,32.819031961448104,-117.16328943730394,84.85641994147171,28,49,13,11
1616374298192,32.81904337598377,-117.16329450807497,84.85367888666156,28,49,13,11
1616374298271,32.81905493667783,-117.1632994708797,84.8486676281742,28,50,13,11
1616374298419,32.81906666102471,-117.16330431628344,84.84448082182877,29,50,13,11
1616374298533,32.819078539104936,-117.16330904650364,84.84075090383773,29,50,12,11
1616374298734,32.81912754516991,-117.16332662113832,84.8233226989307,30,51,12,11
1616374298881,32.81914017225691,-117.16333064833239,84.81362801271807,30,51,12,11
1616374299045,32.819152957634444,-117.16333454156995,84.80629408429937,30,51,12,11
1616374299328,32.81920526014801,-117.16334869890959,84.75951164696518,29,50,12,11
1616374299419,32.81921854551744,-117.16335182584226,84.74731735754833,30,50,12,11
1616374299586,32.81923191476127,-117.16335477566548,84.73424047304667,30,51,12,11
1616374299698,32.81924537925205,-117.16335759520533,84.72431325162263,30,50,12,11
1616374299809,32.81925888452022,-117.16336025976052,84.71340704783894,30,50,12,11
1616374299926,32.81927242677925,-117.16336280710297,84.69920487016594,30,50,14,11
1616374300060,32.81928601388377,-117.16336523634014,84.68569534270826,29,50,14,11
1616374300236,32.819326860197386,-117.16337180735509,84.64039300666835,28,49,14,11
1616374300362,32.81934046650482,-117.16337373433177,84.61944759492184,29,49,14,11
1616374300451,32.81935404535593,-117.1633755496723,84.59517525830375,29,50,14,11
1616374300620,32.819367618259115,-117.16337733799969,84.57309858768421,29,49,14,11
1616374300732,32.81938116283689,-117.16337906245374,84.55530127708346,29,49,14,11
1616374300848,32.8193946834475,-117.16338069732572,84.54014050937268,28,48,14,11
1616374301001,32.819435045865156,-117.16338504305908,84.5023360115542,28,49,14,11
1616374301170,32.819448405797935,-117.16338634441786,84.48117990236767,28,49,14,11
1616374301314,32.8194617380444,-117.16338758924503,84.45789184378316,28,49,14,11
1616374301429,32.8194750268285,-117.16338877417697,84.4399588666947,28,49,14,11
1616374301521,32.819488293499084,-117.16338995588757,84.42622100551512,28,49,14,11
1616374301686,32.81950151599497,-117.16339104740662,84.41001208151287,28,50,14,11
1616374301798,32.8195146755935,-117.16339214193962,84.39269359678178,28,50,14,11
1616374302048,32.81956696513864,-117.16339572784814,84.33102145982261,28,51,14,11
1616374302217,32.819579877251314,-117.16339644993568,84.30836062320279,29,51,14,11
1616374302338,32.81959280017459,-117.16339706580828,84.2863604153364,29,52,14,11
1616374302448,32.81960567537358,-117.16339766991177,84.2731034830767,29,52,13,11
1616374302542,32.81961848441487,-117.16339819806643,84.26099508906759,30,53,13,11
1616374302710,32.81963130148994,-117.16339861427433,84.24765675126139,30,54,10,11
1616374302931,32.81968205381697,-117.16339979531385,84.17479120074907,31,55,9,11
1616374303098,32.8196946157325,-117.16339997820076,84.15135123221623,31,56,9,11
1616374303181,32.81970711749762,-117.16340019759616,84.12953372575751,32,57,10,11
1616374303363,32.819719564119524,-117.1634004453892,84.11554832970528,33,57,8,11
1616374303511,32.819731968580534,-117.16340074403581,84.10333204219053,33,57,8,11
1616374303719,32.81978094432607,-117.16340274380725,84.06233737611694,34,57,8,11
1616374303833,32.81979290621381,-117.163403530396,84.04670655426321,34,56,8,11
1616374303954,32.819804726704035,-117.16340455782085,84.04256734574822,35,56,8,11
1616374304124,32.81981639640949,-117.16340567804983,84.03207387055046,35,56,9,11
1616374304215,32.81982790196718,-117.16340693869891,84.01736254644574,36,56,9,11
1616374304418,32.81983923993151,-117.1634083840821,84.0014733805528,36,56,10,11
1616374304535,32.819850405376904,-117.16340997585169,83.97911313630583,36,56,10,11
1616374304624,32.81986143123239,-117.16341176750203,83.9581794275503,37,56,10,11
1616374304796,32.819872351636846,-117.16341376267663,83.94183482058831,37,57,10,11
1616374304838,32.8199043849199,-117.16342114122249,83.87115310424767,40,58,10,11
1616374304998,32.819914875763196,-117.16342407191432,83.84840640747503,40,59,10,11
1616374305137,32.819925276801506,-117.16342725932411,83.82790519054274,41,59,10,11
1616374305218,32.81993560447034,-117.16343069590418,83.80887803451557,41,59,9,11
1616374305419,32.81994585524919,-117.16343442444808,83.79551029600474,41,59,9,11
