1616366578819,32.83929412426408,-117.23597154462445,21.55438442758381,31,66,12,11
1616366578933,32.83927073319744,-117.23596422545705,21.72412669416112,31,66,12,11
1616366579046,32.8392474743413,-117.23595693807259,21.892767444446278,31,66,12,11
1616366579163,32.8392243590717,-117.2359496571884,22.055836763103738,32,67,12,11
1616366579303,32.83920139997337,-117.23594233936085,22.20796894364425,32,67,12,11
1616366579396,32.83917858945401,-117.23593500896078,22.346385360141216,33,68,12,11
1616366579544,32.83915592539627,-117.23592768823985,22.473947510591863,34,68,12,11
1616366579770,32.83906668635304,-117.23589856197009,22.9087742020016,36,70,10,11
1616366579887,32.839044725435485,-117.23589128950994,22.999638385037404,37,70,10,11
1616366580009,32.83902285129574,-117.235884016649,23.089581273291035,37,71,8,11
1616366580127,32.83900103894151,-117.23587673255955,23.181839083195758,38,72,8,11
1616366580327,32.83897931076476,-117.23586942050295,23.26289001346586,40,73,7,11
1616366580491,32.83889290095918,-117.23584010163994,23.567589306298537,47,78,0,13
1616366580668,32.83887143797375,-117.23583267411105,23.627995532159346,49,80,0,13
1616366580832,32.83885001252954,-117.23582521974436,23.688163341087627,51,81,0,13
1616366580913,32.838828625222185,-117.23581774372983,23.746561419413226,53,83,0,13
1616366581026,32.83880728824815,-117.23581023949404,23.798075446345905,55,85,0,13
1616366581145,32.83878599961609,-117.23580270635733,23.844386608256716,57,86,0,13
1616366581311,32.83876474820595,-117.23579514602893,23.889974075837813,59,88,0,13
1616366581404,32.83874353533848,-117.23578756788943,23.932823463068033,62,89,0,13
1616366581683,32.838659028048234,-117.2357572768334,24.079577697544945,71,96,0,13
1616366581808,32.838637968953506,-117.23574974755563,24.113928304288066,74,98,0,13
1616366581891,32.83861696181608,-117.23574224496768,24.14141508108533,77,100,0,13
1616366582006,32.83859603255252,-117.2357347684939,24.16285900440791,79,101,0,13
1616366582124,32.838575162578515,-117.23572731195952,24.193799094578313,82,103,0,13
1616366582350,32.838554373316526,-117.23571989251474,24.227882007279717,85,105,0,13
1616366582518,32.83847239110113,-117.2356905727582,24.353575787775977,97,112,9,11
1616366582747,32.838452181065136,-117.23568335451115,24.39156752885726,99,114,9,11
1616366582891,32.83843209636867,-117.23567615833393,24.4293855133054,102,116,9,11
1616366583004,32.83841213622931,-117.23566899023278,24.466712538992798,105,118,9,11
1616366583125,32.83839229596432,-117.23566185240547,24.505901583712504,108,120,9,11
1616366583236,32.83837258095817,-117.23565472136059,24.548440950863338,110,122,9,11
1616366583375,32.83835299557463,-117.23564758612441,24.588968468736603,112,124,9,11
1616366583527,32.83827594414372,-117.23561880964442,24.722045548992227,119,131,12,11
1616366583713,32.838257055192535,-117.23561145961288,24.74474177087296,118,133,12,11
1616366583904,32.83823839157832,-117.23560410873327,24.76102963553205,118,134,12,11
1616366584024,32.83821997146912,-117.23559667731125,24.777702192562064,118,136,12,11
1616366584232,32.83814834114144,-117.23556720429444,24.83886034106102,122,143,12,11
1616366584376,32.83813095194064,-117.23555979794634,24.85366187908827,124,145,12,11
1616366584491,32.838113793309645,-117.23555229570381,24.87080215532149,126,147,12,11
1616366584604,32.83809690249515,-117.23554462093789,24.885366222581087,128,149,12,11
1616366584785,32.83808030687438,-117.23553671176332,24.896446466451465,129,151,12,11
1616366584945,32.8380640085878,-117.23552850893145,24.907161094602014,130,152,12,11
1616366585056,32.83804799754352,-117.2355200445478,24.915386224006895,131,154,12,11
1616366585230,32.8379864362912,-117.23548402907761,24.938249824788567,133,161,12,11
1616366585374,32.83797163701543,-117.2354745343679,24.938168402069387,132,162,12,11
1616366585490,32.83795708730404,-117.23546480915142,24.93677593217134,132,163,12,11
1616366585569,32.83794278465973,-117.23545484146457,24.936837381382535,132,165,12,11
1616366585836,32.837928749699984,-117.23544465891608,24.929668441256172,132,166,12,11
1616366585950,32.83791497774864,-117.23543425422929,24.921202973440298,133,168,12,11
1616366586163,32.837862159209074,-117.23539022905166,24.870664770992416,129,172,12,11
1616366586283,32.83784947151373,-117.23537853417754,24.846991950924494,127,173,12,11
1616366586405,32.8378370201745,-117.23536649681583,24.818205723456035,125,174,12,11
1616366586518,32.837824808276416,-117.23535408833722,24.784293480972288,123,174,12,11
1616366586631,32.83781282804564,-117.23534132513623,24.743303402524905,119,173,12,11
1616366586787,32.837801069619694,-117.2353282376447,24.69198121632328,115,173,12,11
1616366586978,32.83778950438136,-117.23531486158848,24.641712167670907,114,173,12,11
1616366587091,32.83777814725841,-117.23530119426958,24.58631679023839,113,174,12,11
1616366587207,32.837766971862926,-117.23528728008606,24.525594292660063,112,175,12,11
1616366587321,32.83775596209727,-117.23527312035964,24.466447238354963,112,175,12,11
1616366587477,32.83771383319798,-117.23521389642573,24.237112059639767,104,173,12,11
1616366587556,32.83770388240516,-117.23519844450402,24.165632640674186,101,172,12,11
1616366587820,32.83769420130224,-117.23518279372581,24.08793006657562,99,172,12,11
1616366587932,32.83768479317272,-117.23516692810524,24.001055480146732,96,170,12,11
1616366588171,32.83764979853654,-117.23510154862448,23.64764572986857,93,168,12,11
1616366588259,32.83764167507436,-117.23508483023772,23.54736697006209,92,167,12,11
1616366588404,32.837633818829836,-117.23506795031228,23.444796349992117,90,166,12,11
1616366588516,32.83762622831786,-117.23505092588003,23.340151128049907,88,164,12,11
1616366588629,32.8376189085301,-117.23503374898138,23.230226423759817,86,163,12,11
1616366588821,32.837611851994346,-117.23501639949934,23.118095983686185,85,161,12,11
1616366588980,32.83760506297735,-117.23499891276914,22.997398631069245,84,160,12,11
