1619906116170,32.77604065084501,-117.18093715061812,13.913639963078735,31,49,13,11
1619906116302,32.77604051419986,-117.18093706300863,13.915198907039454,32,49,13,11
1619906116416,32.7760403465115,-117.18093696243695,13.916357024675412,32,49,13,11
1619906116603,32.77603913446009,-117.18093622565847,13.914679086253356,31,49,13,11
1619906116781,32.77603857343968,-117.18093588174571,13.91538558865976,31,49,13,11
1619906116968,32.77603788093731,-117.18093545957623,13.914228262788411,31,48,13,11
1619906117114,32.776037054600415,-117.18093491617105,13.915736241946451,31,49,13,11
1619906117310,32.776032114203396,-117.18093165556968,13.929671942829616,34,50,13,11
1619906117423,32.77603042907943,-117.18093052673271,13.93994975078354,34,51,13,11
1619906117514,32.77602855882728,-117.18092924686266,13.946137039461735,35,51,13,11
1619906117680,32.7760264955815,-117.18092783460112,13.949467135676427,34,50,13,11
1619906117800,32.776024255832915,-117.18092623715155,13.95297167857924,34,50,13,11
1619906118005,32.776016476148364,-117.18092038629537,13.969900590603405,35,49,13,11
1619906118140,32.77601350303823,-117.1809181426945,13.98052354828905,35,49,12,11
1619906118264,32.77601033363651,-117.18091578860631,13.992501115458882,35,49,12,11
1619906118375,32.776006963015966,-117.18091329449105,14.002605281527362,35,48,12,11
1619906118485,32.77600342109044,-117.18091067008598,14.012062495462366,35,48,12,11
1619906118577,32.77599970919121,-117.18090789672601,14.023585074273793,36,48,12,11
1619906118711,32.775995849992036,-117.18090498086714,14.035125742921405,37,49,12,11
1619906118902,32.77598305249716,-117.18089567402116,14.07022215309112,33,45,12,11
1619906119016,32.77597847559365,-117.18089229081474,14.086117900844453,33,44,12,11
1619906119179,32.7759736967112,-117.18088880218242,14.105957987024459,31,43,12,11
1619906119295,32.775968745410694,-117.18088518715466,14.126512697497205,29,41,12,11
1619906119410,32.77596364977068,-117.18088144365612,14.143827551339559,29,41,12,11
1619906119521,32.77595840253568,-117.18087755345427,14.158789410156418,29,40,12,11
1619906119615,32.775952964859876,-117.18087354784961,14.175427426206026,28,39,12,11
1619906119905,32.77592955254053,-117.18085623698026,14.241027047984929,26,36,12,11
1619906120019,32.77592331030071,-117.18085159460487,14.25639732483558,26,36,12,11
1619906120152,32.77591689939587,-117.18084686179597,14.268021567056282,26,36,12,11
1619906120275,32.77591031170326,-117.18084203295297,14.278375225147109,26,36,12,11
1619906120387,32.77590354086844,-117.18083713406457,14.29565614087076,26,35,12,11
1619906120502,32.7758965888908,-117.18083215771989,14.315973879577681,26,35,13,11
1619906120595,32.77588946757137,-117.18082708060291,14.335294745337713,26,35,13,11
1619906120824,32.775866977157804,-117.18081136582035,14.408840760422587,27,35,12,11
1619906120934,32.77585912826232,-117.18080597484033,14.423018462626695,27,36,12,11
1619906121056,32.77585107452925,-117.18080050732902,14.44010508299806,27,36,12,11
1619906121194,32.77584281801316,-117.18079494125304,14.460522345621836,27,36,12,11
1619906121284,32.77583438694237,-117.18078929049604,14.486788839629911,27,36,12,11
1619906121423,32.77582572156085,-117.18078357605508,14.506006820792074,26,35,12,11
1619906121535,32.77581691004649,-117.1807777609196,14.52186073251187,26,36,13,11
1619906121634,32.77580791752906,-117.18077187562936,14.540984840792259,26,36,13,11
1619906121904,32.77577006918452,-117.18074753268918,14.631134194126496,28,38,12,11
1619906122018,32.775760141828144,-117.18074127274294,14.65362296046788,29,39,12,11
1619906122162,32.77575002875999,-117.18073494357351,14.672953812598973,30,39,12,11
1619906122274,32.77573972149833,-117.18072853790751,14.69275109422437,31,40,12,11
1619906122387,32.775729235890935,-117.18072203481735,14.715684577284016,31,41,12,11
1619906122499,32.77571857345521,-117.18071543173579,14.739593056526713,31,41,12,11
1619906122592,32.77570774093905,-117.18070874226072,14.763160354016282,31,41,12,11
1619906122767,32.77569673936408,-117.18070194810998,14.784474304662783,31,42,12,11
1619906122951,32.775662689446115,-117.18068101846593,14.851781383724663,31,42,12,11
1619906123065,32.77565101456715,-117.18067386388879,14.868953887123459,32,43,12,11
1619906123219,32.775639167291736,-117.18066660837971,14.890282186356655,33,44,12,11
1619906123329,32.77562714205979,-117.18065926371014,14.917268182062973,33,44,12,11
1619906123442,32.775614939353424,-117.1806518404289,14.944967896381455,33,44,12,11
1619906123552,32.77560256827144,-117.18064433791893,14.970240464883464,33,45,12,11
1619906123652,32.77559002254281,-117.18063680015638,14.993202856115525,32,44,12,11
1619906123916,32.7755381059617,-117.18060613261679,15.10683529490034,31,44,13,11
1619906124038,32.77552473491413,-117.18059829914645,15.140622054930635,30,44,13,11
1619906124207,32.775511230764366,-117.18059036517381,15.186909671419388,29,43,13,11
1619906124318,32.77549764294971,-117.18058236877076,15.226371736101186,29,43,13,11
1619906124430,32.775483952182576,-117.18057431141693,15.272565299302034,28,42,13,11
1619906124542,32.775470154155684,-117.18056620015359,15.325845384646255,28,42,13,11
1619906124635,32.77545626372097,-117.18055804185659,15.377627444465269,28,42,13,11
1619906124814,32.775414075785896,-117.18053339367705,15.546912899457759,29,43,13,11
1619906124958,32.775399864689696,-117.18052516638164,15.60752191617504,29,43,13,11
1619906125072,32.77538561276429,-117.18051695410999,15.671473202499644,29,43,13,11
1619906125227,32.77537131398425,-117.18050875097332,15.74335267701372,29,43,11,11
1619906125345,32.77535702340422,-117.18050054432562,15.825360199293785,28,42,12,11
1619906125455,32.77534272926697,-117.18049236198806,15.902679477227483,27,42,12,11
1619906125575,32.77532846436667,-117.18048411943718,15.983014726642402,27,41,12,11
1619906125666,32.775314194206075,-117.18047596893024,16.063901142004898,26,40,12,11
1619906125797,32.775271521225214,-117.18045152438621,16.293574101117077,26,40,12,11
1619906125943,32.77525727130204,-117.1804433927771,16.39546952700795,26,40,11,11
1619906126082,32.77524305397008,-117.18043528390527,16.48840337909513,26,40,11,11
1619906126198,32.775228850901726,-117.18042717337597,16.5762411488985,26,40,10,11
1619906126312,32.77521464932968,-117.18041907502607,16.666371150975245,26,39,9,11
