1620002276139,32.8372579959265,-117.17845168468625,81.27094358323549,23,57,12,11
1620002276259,32.83726954482686,-117.17844861547682,81.28037474905419,22,56,12,11
1620002276441,32.83728102344346,-117.17844558874202,81.28236559481545,22,56,12,11
1620002276559,32.83729247323969,-117.17844259096857,81.28524088081981,22,56,12,11
1620002276673,32.8373039093917,-117.17843959747165,81.29265198947995,22,56,12,11
1620002276791,32.83731530227999,-117.17843666440652,81.29762591518167,22,55,12,11
1620002277080,32.83736053526411,-117.17842472025097,81.33289309413966,21,54,12,11
1620002277224,32.837371696701155,-117.17842167712043,81.33154322256016,21,54,12,11
1620002277336,32.83738283031402,-117.17841868338814,81.33142373215735,21,54,12,11
1620002277483,32.8373939552617,-117.1784158345831,81.34366530929312,21,54,12,11
1620002277597,32.837405098373274,-117.17841290763768,81.35549202908402,21,54,12,11
1620002277714,32.83741611806617,-117.1784100566932,81.3692442130254,22,55,12,11
1620002278004,32.8374599105747,-117.17839876526203,81.41204970000032,21,54,12,11
1620002278169,32.8374708534268,-117.17839597358561,81.4166687609971,21,54,12,11
1620002278315,32.83748173753135,-117.17839317143752,81.41983958230863,21,53,12,11
1620002278533,32.83752556446531,-117.17838199452393,81.44783052696447,20,52,12,11
1620002278647,32.83753665234664,-117.1783791858955,81.45659950311175,20,52,12,11
1620002278761,32.83754771279311,-117.1783763475125,81.46680720009941,21,53,12,11
1620002278864,32.83755878965398,-117.17837355436657,81.47601877398098,21,53,13,11
1620002279067,32.83756989433797,-117.17837075069959,81.48049482299726,21,52,13,11
1620002279228,32.837581007101356,-117.17836795544939,81.48019332460272,21,53,13,11
1620002279431,32.83762593505777,-117.17835687799337,81.49241599780082,23,56,13,11
1620002279556,32.83763721651741,-117.17835414239991,81.49410222051466,23,56,13,11
1620002279670,32.83764853121714,-117.1783514492989,81.49636869978397,24,56,13,11
1620002279790,32.83765988817042,-117.17834878842136,81.50373963953177,23,56,13,11
1620002279923,32.837671355943726,-117.17834610633868,81.51011421496462,23,56,13,11
1620002280021,32.83769414463207,-117.17834083982657,81.50874985094201,23,56,13,11
1620002280140,32.83770561838782,-117.17833821918408,81.5161072085493,23,56,13,11
1620002280252,32.83771710805935,-117.17833562930026,81.52416984979327,22,55,13,11
1620002280392,32.83772861349685,-117.17833307483836,81.53001058728526,22,55,13,11
1620002280510,32.83774027756837,-117.17833056970582,81.53427924676244,22,55,12,11
1620002280606,32.83775185849632,-117.17832812879703,81.54102899969287,21,54,12,11
1620002280737,32.83776347129042,-117.1783257275518,81.54287325246736,21,54,12,11
1620002280849,32.83777512125972,-117.17832340074393,81.54753317776725,21,54,12,11
1620002281143,32.83782209659545,-117.17831463765192,81.56572186761171,20,53,12,11
1620002281255,32.83783391633472,-117.17831263497523,81.56718381249739,20,53,12,11
1620002281389,32.837845750191704,-117.17831069605744,81.56865561005868,20,52,12,11
1620002281514,32.83785766035793,-117.17830884652155,81.57639841767806,20,52,12,11
1620002281625,32.83786962547482,-117.178307097868,81.59071695507534,20,52,12,11
1620002281738,32.83788157363694,-117.17830547698,81.58725352421338,20,52,12,11
1620002281855,32.837893542922565,-117.1783039279968,81.57367210095586,20,51,12,11
1620002282083,32.837929599772266,-117.17829981433495,81.54806981970178,19,51,12,11
1620002282197,32.837941696640236,-117.17829862104612,81.54833443968813,19,51,12,11
1620002282346,32.83795381052236,-117.1782975232096,81.54515580232248,20,51,12,11
1620002282551,32.83796591325052,-117.17829651156114,81.53097101483573,20,51,12,11
1620002282743,32.838014481111365,-117.17829325600992,81.46171381930182,21,52,12,11
1620002282940,32.83802666058908,-117.17829264610211,81.44083836184292,21,52,12,11
1620002283055,32.83803880313133,-117.17829209705819,81.40736731836162,21,52,12,11
1620002283207,32.838050931312225,-117.17829159160546,81.37168284345526,21,52,12,11
1620002283446,32.838099427498534,-117.1782900731539,81.21380096667747,22,54,12,11
1620002283556,32.83811150290414,-117.17828974282739,81.16085984552353,22,55,12,11
1620002283670,32.83812355730287,-117.17828951908653,81.11669843467108,23,55,12,11
1620002283783,32.83813564870343,-117.17828921476257,81.08863162103802,22,55,12,11
1620002283917,32.83814774846465,-117.17828890681139,81.08228672571593,22,54,12,11
1620002284111,32.83818375402102,-117.1782881010752,80.98880566523273,20,53,12,11
1620002284260,32.838195705697586,-117.17828793831791,80.960328021215,20,52,12,11
1620002284400,32.83820756319873,-117.17828776363035,80.92429365968013,20,52,13,11
1620002284512,32.83821942437521,-117.17828756487538,80.89852823085137,20,52,13,11
1620002284622,32.83823135405218,-117.17828743494081,80.91198890602988,20,52,13,11
1620002284736,32.838243295250216,-117.1782872864941,80.9250474219232,20,52,13,11
1620002284849,32.8382551374093,-117.17828720309326,80.91579441529501,20,52,13,11
1620002284985,32.83826690260753,-117.17828714626863,80.88924632556584,20,51,12,11
1620002285108,32.8383021646464,-117.1782869589162,80.83233994684885,19,51,12,11
1620002285252,32.83831387494235,-117.17828691479701,80.81391806786245,19,51,12,11
1620002285385,32.83832555009228,-117.178286917318,80.79424139228682,19,51,12,11
1620002285505,32.83833720189567,-117.17828688854979,80.76938346962397,20,51,12,11
1620002285615,32.83834884654072,-117.17828691623023,80.75238245243804,20,51,12,11
1620002285737,32.838360456127965,-117.17828693623731,80.73915270710765,20,51,12,11
1620002285848,32.83837205496113,-117.17828699072248,80.72790937420906,20,51,12,11
1620002285982,32.83838362884549,-117.17828704188715,80.71929418358293,20,51,12,11
1620002286212,32.838395181526394,-117.17828709505737,80.7140443002569,19,50,12,11
