1483234440980,32.78525792002735,-117.16123798456253,57.09982298271379,81,122,15,11
1483234441116,32.78528417317537,-117.16122842896503,57.24900747211488,81,122,15,11
1483234441273,32.78531041582871,-117.16121886443311,57.39753648480162,81,122,15,11
1483234441354,32.78533665212113,-117.1612092722944,57.54501652324297,81,122,15,11
1483234441435,32.78536287675137,-117.16119968999436,57.69617480906765,81,122,15,11
1483234441517,32.78538910193863,-117.16119010139874,57.84718006492675,81,122,15,11
1483234441607,32.78541531424485,-117.16118051087639,57.99951213991743,81,122,15,11
1483234441751,32.78544151502284,-117.16117093654158,58.1502402474645,81,122,15,11
1483234441921,32.78546771778159,-117.16116136728606,58.301245777180426,81,122,15,11
1483234442000,32.78549392536941,-117.1611517973845,58.452568302386744,81,122,15,11
1483234442088,32.785520110907605,-117.16114223905606,58.60150510950354,81,122,15,11
1483234442166,32.78554629552578,-117.1611326911048,58.7537757275008,81,122,15,11
1483234442333,32.78557247752521,-117.1611231571712,58.90893688754129,81,122,15,11
1483234442414,32.785598652412126,-117.16111362660332,59.060325473475054,81,122,15,11
1483234442497,32.78562482002535,-117.16110410071293,59.215184397876286,81,122,15,11
1483234442585,32.78565101662864,-117.16109456285807,59.370322981960086,81,122,15,11
1483234442665,32.78567717731186,-117.16108505418099,59.531175570970944,81,122,15,11
1483234442836,32.78570332945524,-117.16107555247562,59.68777250343559,81,122,15,11
1483234442934,32.785729483067286,-117.1610660286765,59.84515279426186,81,122,15,11
1483234443015,32.785755623744215,-117.16105649722516,59.998777221903815,81,122,15,11
1483234443098,32.7857817728503,-117.16104695891711,60.15319123098925,81,122,15,11
1483234443171,32.78580795692512,-117.1610374256397,60.29846662252803,81,122,15,11
1483234443342,32.785834090808514,-117.16102792465979,60.43962964832891,81,122,15,11
1483234443430,32.78586020451344,-117.16101841550865,60.57839921144582,81,122,15,11
1483234443522,32.78588631103955,-117.16100889330848,60.720328612274166,82,122,15,11
1483234443605,32.78591239271569,-117.16099937767527,60.862271536224625,81,122,14,11
1483234443692,32.78593847986048,-117.16098986254913,61.007790732996185,81,122,14,11
1483234443838,32.78596461907991,-117.16098032021557,61.1507401491388,81,122,14,11
1483234444073,32.78606882250316,-117.16094220130782,61.71132905151249,81,122,13,11
1483234444187,32.786094838279034,-117.16093267746413,61.845014225404306,81,122,12,11
1483234444268,32.78612089997334,-117.16092307815595,61.97933190631987,81,122,12,11
1483234444374,32.786146878082704,-117.16091347695291,62.1231857854428,81,122,12,11
1483234444465,32.786172863706355,-117.16090386608234,62.26918278079695,81,122,12,11
1483234444551,32.78619882783789,-117.16089427242981,62.40872995568175,81,122,12,11
1483234444699,32.786224795149394,-117.16088469676218,62.54710187090327,81,122,12,11
1483234444798,32.786250759740895,-117.16087513196453,62.68276185500455,81,122,13,11
1483234444879,32.7862768185526,-117.16086554506738,62.82370803663625,81,122,13,11
1483234444971,32.78630277895524,-117.16085599124459,62.96106485848607,81,122,13,11
1483234445118,32.78632875526582,-117.16084643268037,63.10102125813066,81,122,12,11
1483234445230,32.7863547357576,-117.16083689786416,63.23929213770898,81,122,12,11
1483234445313,32.78638072869654,-117.16082737755146,63.37667813027022,81,122,12,11
1483234445394,32.786406722317615,-117.16081785365563,63.51333476481122,81,122,12,11
1483234445476,32.78643284212906,-117.16080829826255,63.655960351121955,81,122,12,11
1483234445558,32.78645885985432,-117.16079876882853,63.7914118268721,81,122,12,11
1483234445714,32.78648490742168,-117.16078921799112,63.927718308688696,81,122,12,11
1483234445867,32.78651097909347,-117.16077964491613,64.06023079219372,81,122,12,11
1483234445949,32.786537063468664,-117.16077006024508,64.18687051918526,81,122,14,11
1483234446023,32.78656317352558,-117.16076044517892,64.31139201037946,81,122,14,11
1483234446117,32.78658942848833,-117.16075077392503,64.44003605989727,81,122,14,11
1483234446226,32.78661559155631,-117.1607411081972,64.56534168315211,81,122,14,11
1483234446307,32.78664178148514,-117.16073141450315,64.68759389459535,81,122,14,11
1483234446404,32.786667996869525,-117.16072170480233,64.8082422802861,81,122,14,11
1483234446489,32.7866942394136,-117.1607119676645,64.92827712023825,81,122,14,11
1483234446572,32.78672051253836,-117.1607021947592,65.04914122332063,81,122,13,11
1483234446717,32.78674695031248,-117.16069235407538,65.16967706528874,81,122,13,11
1483234446811,32.78677327988112,-117.16068250573679,65.28681122430942,81,122,12,11
1483234446894,32.78679964267083,-117.16067262908427,65.40511292794866,81,122,13,11
1483234446984,32.786826042792505,-117.16066272119765,65.52282567186569,81,122,14,11
1483234447177,32.78685244986339,-117.16065278904355,65.63584052364263,81,122,13,11
1483234447277,32.78687889544224,-117.16064282629384,65.74998976885887,81,122,13,11
1483234447361,32.786905511848225,-117.16063278466667,65.86700387439272,81,122,13,11
1483234447439,32.786932017162485,-117.16062278332477,65.98585329734244,81,122,13,11
1483234447521,32.78695853965652,-117.16061279371354,66.10148850649256,81,122,13,11
1483234447607,32.78698509456617,-117.16060276694483,66.21553790471252,81,122,13,11
1483234447759,32.787011654739885,-117.16059273577187,66.32818481060731,81,122,13,11
1483234447909,32.78703823815158,-117.16058268888906,66.44204589421007,81,122,13,11
1483234447988,32.787064986377615,-117.16057257621975,66.55446060538623,81,122,13,11
1483234448078,32.787091587357494,-117.16056251179863,66.66920972628294,81,122,13,11
1483234448172,32.78711819037823,-117.16055242226933,66.78066352239625,81,122,15,11
1483234448280,32.78714480123428,-117.16054231663192,66.89059914585823,81,122,15,11
1483234448360,32.78717141493785,-117.16053221346395,66.9973076903085,81,122,15,11
1483234448441,32.787198043424496,-117.16052209733606,67.10585835789887,81,122,15,11
1483234448526,32.78722485050175,-117.16051190960951,67.20977826883257,81,122,15,11
1483234448606,32.78725149208993,-117.16050178968504,67.32075515227403,81,122,15,11
1483234448759,32.78727813662092,-117.1604916383818,67.42886815094688,81,122,15,11
1483234448854,32.78730479593285,-117.16048148256445,67.53431913247817,81,122,15,11
1483234448935,32.787331471227894,-117.16047136494772,67.63764465939101,81,122,15,11
1483234449017,32.78735817300425,-117.1604612904926,67.74155749645944,81,122,14,11
1483234449157,32.787385081373095,-117.16045119596875,67.83925421754874,81,122,14,11
1483234449305,32.787411827754774,-117.16044120169104,67.9359437337633,81,122,15,11
1483234449408,32.78743858269217,-117.16043126087895,68.02806079798054,81,122,15,11
1483234449486,32.78746537954032,-117.16042133441277,68.128268046089,81,122,15,11
1483234449569,32.78749219288554,-117.1604114309316,68.22673873537336,81,122,15,11
1483234449663,32.78751903859861,-117.1604015719064,68.32741821087332,81,122,15,11
1483234449819,32.78754610524258,-117.16039163665721,68.41959534445814,81,122,15,11
1483234449972,32.78757299712023,-117.16038177181657,68.51346315757644,81,122,15,11
1483234450062,32.78759989426831,-117.16037194435549,68.6030814312902,81,122,15,11
1483234450165,32.78762680904967,-117.16036212084532,68.69942251589767,81,122,11,11
1483234450261,32.78765376976244,-117.16035228643882,68.80170285240297,81,122,9,11
1483234450423,32.787680802949666,-117.16034242422586,68.90235246783695,84,123,0,13
1483234450514,32.78770786086158,-117.16033256853726,68.99101411376151,86,125,0,13
1483234450611,32.78773495904701,-117.16032269413094,69.07903159910776,89,127,0,13
1483234450728,32.787843620669314,-117.16028285676859,69.38882637222325,99,134,0,13
1483234450830,32.78787082812593,-117.16027285867462,69.4586326120768,102,135,0,13
1483234450930,32.78789805396519,-117.16026285052322,69.53734686672568,105,137,0,13
1483234451021,32.78792528927411,-117.1602528559323,69.62071963292811,108,139,0,13
