4925064839463,33.127012946203855,-117.10457291342152,169.4879406157451,162,167,0,13
4925064839605,33.127022026208785,-117.10454700862986,169.5055552924691,166,169,0,13
4925064839698,33.12703110459034,-117.10452105506727,169.51805592759393,171,171,0,13
4925064839784,33.12704020342283,-117.10449504725705,169.53283170115031,175,174,0,13
4925064839890,33.12704932164694,-117.1044689929817,169.55054182628382,180,176,0,13
4925064839975,33.127058450258964,-117.10444286820939,169.57525387223993,184,178,0,13
4925064840060,33.127067580110804,-117.10441669390792,169.59852448136598,188,180,0,13
4925064840204,33.12707671410053,-117.10439046296034,169.62494867139745,193,183,0,13
4925064840320,33.127085857267474,-117.10436415898158,169.65810411309087,198,185,0,13
4925064840422,33.12709499740253,-117.10433778404906,169.69316121670215,203,187,0,13
4925064840505,33.12710414525551,-117.1043113239035,169.7302227320586,208,190,0,13
4925064840650,33.1271132914542,-117.10428480314333,169.76160212226537,212,192,0,13
4925064840751,33.12712242931019,-117.10425818988388,169.7964014913319,217,194,0,13
4925064840825,33.12713156700776,-117.10423149234204,169.83267124750617,222,196,0,13
4925064840926,33.127140671280344,-117.10420470509307,169.86651684638255,227,199,0,13
4925064841010,33.12714973019585,-117.10417781545956,169.90076849998385,233,201,0,13
4925064841109,33.127158749969105,-117.10415082948374,169.9359531751368,238,204,0,13
4925064841184,33.12716774716916,-117.10412375037438,169.9730046627388,243,206,0,13
4925064841322,33.127176449632834,-117.10409644897395,170.0127099507959,243,208,15,11
4925064841420,33.127185369627874,-117.10406917509027,170.0521210094572,248,210,0,13
4925064841524,33.12719401178945,-117.10404165688087,170.09423683990008,248,212,15,11
4925064841618,33.127202381701366,-117.10401394350377,170.13859892217013,244,213,12,11
4925064841774,33.12721073887975,-117.10398618952928,170.18278518827856,238,213,10,11
4925064841864,33.127219103288446,-117.10395836971091,170.2311764154243,232,214,10,11
4925064841986,33.127252967867875,-117.10384646203413,170.36709946863365,252,224,0,13
4925064842088,33.127261363705976,-117.10381826241185,170.40627007668624,257,226,0,13
4925064842216,33.12726977092053,-117.1037900136977,170.44316207375866,262,229,0,13
4925064842318,33.127278198026325,-117.10376170281084,170.48667534545703,267,231,0,13
4925064842410,33.1272866456554,-117.10373332947613,170.53364627329134,273,233,0,13
4925064842567,33.127295111462196,-117.10370493019724,170.57027114190373,278,236,0,13
4925064842636,33.12730358397389,-117.10367649785215,170.60279557423095,284,239,0,13
4925064842741,33.127312048953655,-117.10364801424153,170.638787726702,289,241,0,13
4925064842828,33.1273204992261,-117.10361949203927,170.674149567041,295,244,0,13
4925064842926,33.12732893340647,-117.10359094876765,170.70624184149878,300,246,0,13
4925064843012,33.127337358754936,-117.10356237383897,170.7418912564433,306,249,0,13
4925064843092,33.127345781147596,-117.10353378191967,170.778593578913,312,251,0,13
4925064843210,33.127354191776796,-117.10350518037178,170.8178477611367,318,254,0,13
4925064843298,33.12736258538123,-117.10347657794648,170.86061788822232,324,257,0,13
4925064843469,33.12737096288265,-117.10344798288341,170.90627958198627,330,259,0,13
4925064843558,33.12737932701793,-117.10341942399549,170.9489750565055,336,262,0,13
4925064843655,33.127387678002854,-117.1033908880422,170.99321239658522,342,265,0,13
4925064843764,33.127396016766816,-117.10336238705018,171.03619440143507,349,267,0,13
4925064843847,33.12740433496977,-117.1033339470348,171.06917117336553,355,270,0,13
4925064843960,33.127412832808744,-117.10330558930764,171.10250585879066,359,272,9,11
4925064844105,33.12742145455,-117.10327731842825,171.13110964791775,359,274,9,11
4925064844188,33.12743014264945,-117.10324911180453,171.1525595262627,358,275,9,11
4925064844305,33.12743884119648,-117.10322098428298,171.17325432516165,358,275,9,11
4925064844384,33.12744757673587,-117.10319291626809,171.19340960656226,357,276,9,11
4925064844540,33.12745580567747,-117.10316480679262,171.21204854112844,364,279,0,13
4925064844638,33.12746401145769,-117.10313673677007,171.2379380860255,370,281,0,13
4925064844721,33.12747369951193,-117.10310910929505,171.24996736903057,356,281,15,11
4925064844823,33.1274834542354,-117.10308167126081,171.2481729699267,340,279,15,11
4925064844919,33.127493581942716,-117.10305441059718,171.25298492578597,317,277,15,11
4925064845028,33.12750353860625,-117.10302717553454,171.26027383433996,292,274,15,11
4925064845123,33.12751321468128,-117.10299990013664,171.26778598553685,270,271,15,11
4925064845193,33.1275226740881,-117.10297261632986,171.2758432405585,250,267,15,11
4925064845311,33.1275319227867,-117.10294535645366,171.28345865035334,233,264,15,11
4925064845383,33.127540983603105,-117.1029181384698,171.28578161007601,218,259,15,11
4925064845534,33.127549456358636,-117.1028908345835,171.29259617099135,215,256,15,11
4925064845623,33.12755781503497,-117.10286361915112,171.29239164974666,213,252,15,11
4925064845713,33.127566260368575,-117.10283656239658,171.281081064353,208,248,15,11
4925064845822,33.127574774976544,-117.10280958607211,171.26998484195198,202,244,15,11
4925064845908,33.12758338840551,-117.10278276464109,171.2314992242977,195,240,15,11
4925064846090,33.12759194506651,-117.1027562409993,171.15864332209503,188,235,15,11
4925064846176,33.127600423131625,-117.10272963827926,171.1561586036357,180,231,15,11
4925064846245,33.1276088738263,-117.10270292352486,171.21028363191803,174,228,15,11
4925064846359,33.127617330335156,-117.1026762264335,171.2524743946603,167,224,15,11
4925064846442,33.12762576498978,-117.10264963686855,171.2457615022497,162,220,15,11
4925064846586,33.127634168016286,-117.10262312033863,171.21643714585295,156,217,15,11
4925064846677,33.12764251750651,-117.10259661975212,171.19196080739448,151,213,15,11
4925064846764,33.1276508218977,-117.1025700969532,171.18439894860973,146,210,15,11
4925064846867,33.12765908036366,-117.10254355027855,171.1934780865899,142,207,15,11
4925064846958,33.127667333059634,-117.10251700985391,171.20400450049445,138,204,15,11
4925064847071,33.12767557728411,-117.1024905294764,171.20490175269438,134,201,15,11
4925064847161,33.12768381118382,-117.1024640641674,171.2128812119475,131,198,15,11
4925064847238,33.12769203646557,-117.10243760246297,171.2268346961431,128,195,15,11
4925064847350,33.12770025715432,-117.10241113685429,171.23688019278626,125,193,15,11
4925064847437,33.12770847732755,-117.10238472222494,171.23264691053825,122,190,15,11
4925064847517,33.12771671729839,-117.1023583456038,171.22536436846417,120,188,15,11
4925064847662,33.12772493905347,-117.10233203696069,171.21929570382767,118,185,15,11
4925064847782,33.127733114162574,-117.10230574648651,171.23193404709974,116,183,15,11
4925064847870,33.1277412640282,-117.1022794445067,171.26877270639065,113,181,15,11
4925064847954,33.12774940031095,-117.10225310079068,171.31613328839362,112,179,15,11
4925064848140,33.12775750209106,-117.10222680066629,171.3419714544649,110,177,15,11
4925064848223,33.12776557980843,-117.10220052150147,171.35396778353967,108,175,15,11
4925064848331,33.12777365284665,-117.10217421659635,171.36264317881606,107,173,15,11
4925064848412,33.12778169927884,-117.1021478997615,171.3654050699578,105,171,15,11
4925064848496,33.12778973396199,-117.10212157045346,171.3631023027631,104,169,15,11
4925064848579,33.12779776416768,-117.1020952387572,171.356658940319,103,168,15,11
4925064848741,33.127805805758484,-117.10206890382294,171.35114025425605,102,166,15,11
4925064848838,33.127813873063786,-117.10204255510895,171.34580202724732,101,165,15,11
4925064848921,33.12782193143512,-117.10201621640756,171.338613813964,100,163,15,11
4925064849006,33.12782996361702,-117.10198983749612,171.33559135351538,99,162,15,11
4925064849127,33.12783799043958,-117.1019634443093,171.33473963982658,98,160,15,11
4925064849221,33.127846003877174,-117.10193703439677,171.33077975235534,97,159,15,11
4925064849290,33.12785400972439,-117.1019105960434,171.32923813799766,97,158,15,11
4925064849402,33.127862027275754,-117.1018841466798,171.3276690893378,96,157,15,11
4925064849474,33.12787006178363,-117.1018576900787,171.32665911006458,95,155,15,11
4925064849631,33.12787811333589,-117.10183120189032,171.3265592879351,95,154,15,11
