1616533953859,32.837733743768865,-117.27296121253006,11.303040986908352,101,104,13,11
1616533954081,32.837715663465936,-117.27295529292813,11.35750457741989,102,107,13,11
1616533954196,32.837711508094365,-117.27295394928332,11.367151353901436,102,108,13,11
1616533954329,32.837707496536346,-117.27295263470778,11.375870921101638,101,109,14,11
1616533954406,32.83770362215669,-117.27295137388481,11.381442325353422,100,109,14,11
1616533954607,32.83769987688389,-117.272950171586,11.386273578065973,99,110,14,11
1616533954741,32.837696240353786,-117.2729490163994,11.392762360605168,98,110,14,11
1616533954991,32.83768281925773,-117.27294477396742,11.395430232905037,93,110,14,11
1616533955129,32.83767971121144,-117.27294379389944,11.39195258470036,91,110,14,11
1616533955241,32.837676691661535,-117.27294286091426,11.387323981144664,89,110,14,11
1616533955367,32.83767376170422,-117.27294195222856,11.379462287532874,87,109,14,11
1616533955447,32.837670888897584,-117.27294104643249,11.37867692068821,86,109,14,11
1616533955595,32.837668089658806,-117.27294015767134,11.376757702045287,86,109,14,11
1616533955726,32.83766536627126,-117.27293929584151,11.37191091326395,85,109,14,11
1616533955993,32.83765507204232,-117.27293606081247,11.345613916832686,81,107,14,11
1616533956131,32.83765261682124,-117.27293523591341,11.339332572889681,79,106,14,11
1616533956245,32.83765017602072,-117.27293446411525,11.333534183667194,77,105,14,11
1616533956369,32.837647846961566,-117.27293368110358,11.32336693233755,74,104,14,11
1616533956449,32.837645542172716,-117.2729329166011,11.318367763760515,73,103,14,11
1616533956674,32.83764330605561,-117.27293219713431,11.311934029962405,72,103,14,11
1616533956902,32.837634561003185,-117.27292938119481,11.28145823891933,67,100,14,11
1616533957044,32.83763233888608,-117.27292867510938,11.27530076518154,66,99,14,11
1616533957157,32.83763009161735,-117.2729279777869,11.269158308657296,66,99,14,11
1616533957278,32.83762775131848,-117.27292721748087,11.261058392251064,65,98,14,11
1616533957391,32.83762534687811,-117.2729264579413,11.25314207500927,63,97,14,11
1616533957516,32.83762283463515,-117.27292567165742,11.249341922157107,63,96,14,11
1616533957648,32.837620248698265,-117.2729248472136,11.242396818805691,62,95,14,11
1616533957756,32.837611984558755,-117.27292227888043,11.225961938407726,58,92,14,11
1616533957891,32.837609036420865,-117.2729213515377,11.225067267520782,57,91,14,11
1616533958038,32.83760605283064,-117.2729204084114,11.224636199543175,57,90,14,11
1616533958150,32.83760302170048,-117.27291942091766,11.223034098763847,57,90,14,11
1616533958269,32.83759988721312,-117.2729184439471,11.224387437564797,56,89,14,11
1616533958381,32.83759674462853,-117.27291740890671,11.224374423430655,56,89,14,11
1616533958470,32.837593526298825,-117.27291637059395,11.225329244359452,55,88,14,11
1616533958759,32.837580551303745,-117.27291223812337,11.232700850805108,53,85,14,11
1616533958958,32.83757730250408,-117.27291119711606,11.236832232836186,52,84,14,11
1616533959094,32.83757407018771,-117.27291017552503,11.239310417819656,50,82,14,11
1616533959207,32.83757092277085,-117.27290916150109,11.242533493504732,50,82,14,11
1616533959328,32.83756783751815,-117.27290812609014,11.245389667795193,49,81,14,11
1616533959407,32.83756479034204,-117.2729071499164,11.249060282839029,49,80,14,11
1616533959538,32.8375618395707,-117.27290619041436,11.250049447341759,48,79,14,11
1616533959652,32.837558946776355,-117.27290524871286,11.253444050765257,47,78,14,11
1616533959864,32.83755066688809,-117.27290255613325,11.258370565457092,45,75,14,11
1616533959974,32.83754805785756,-117.27290169773087,11.259971650663728,45,75,14,11
1616533960108,32.837545455744326,-117.27290088110473,11.262515436467421,45,74,14,11
1616533960223,32.83754290417998,-117.27290004705677,11.264166565733461,44,73,14,11
1616533960338,32.83754037721198,-117.27289923211444,11.265580574749407,44,73,14,11
1616533960460,32.8375378721648,-117.27289843039074,11.267940048242568,44,73,14,11
1616533960548,32.837535391145956,-117.27289759540703,11.270393983844862,44,73,14,11
1616533960791,32.83753286244433,-117.27289675141219,11.270321958045063,45,73,14,11
1616533960904,32.8375302896106,-117.27289587955342,11.27311407792416,45,74,14,11
1616533961041,32.83752759693874,-117.27289501918891,11.276009182756129,44,73,14,11
1616533961245,32.83751515718178,-117.27289099233398,11.297738989262092,44,71,12,11
1616533961359,32.83751164521403,-117.27288984761317,11.306073115897775,44,71,12,11
1616533961477,32.83750802112781,-117.27288865029341,11.318332982376942,44,71,12,11
1616533961700,32.83749350526314,-117.2728839026597,11.368561592735606,44,70,12,11
1616533961844,32.837489987778255,-117.27288268269253,11.379843137362778,44,70,12,11
1616533961956,32.837486522998084,-117.27288153282284,11.392281965827957,44,70,13,11
1616533962143,32.83748317740402,-117.27288040675904,11.40251834478885,44,70,14,11
1616533962261,32.83747988399496,-117.27287930610686,11.411874990641078,44,70,14,11
1616533962510,32.837467603586724,-117.27287525102818,11.445529654265004,44,70,14,11
1616533962623,32.83746473042034,-117.2728743212824,11.458057612752915,43,69,14,11
1616533962757,32.83746193894333,-117.2728733672764,11.466758732853851,43,69,14,11
1616533962908,32.83745921160748,-117.27287245553435,11.47350570991617,43,69,14,11
1616533962987,32.83745655936277,-117.27287156366062,11.47951561705008,43,70,13,11
1616533963211,32.837453944458055,-117.27287069149016,11.48666948811014,43,70,13,11
1616533963355,32.837444116602434,-117.27286740211744,11.524698651013564,43,69,14,11
1616533963507,32.837441793829534,-117.27286663173214,11.53069721851385,43,69,14,11
1616533963651,32.83743950173103,-117.27286587954771,11.53797277790445,43,70,14,11
1616533963792,32.8374372794169,-117.27286511190249,11.546091762606476,43,70,13,11
1616533963936,32.83743513553331,-117.27286440445548,11.55241878776734,43,70,13,11
1616533964091,32.83742899365543,-117.2728623423627,11.579596312553358,43,70,13,11
