1483325282963,32.84148110980398,-117.09802780529157,98.17736629370388,55,69,10,11
1483325283080,32.84148252544112,-117.09806212414284,98.11596084089418,57,70,10,11
1483325283194,32.84148393222052,-117.09809645484438,98.05553342720748,59,72,10,11
1483325283410,32.84148535452881,-117.09813077529644,97.99717496063408,61,73,13,11
1483325283557,32.84148675705734,-117.09816508925275,97.93826259002684,64,75,13,11
1483325283673,32.841488171338035,-117.09819939937395,97.87724464100758,65,77,13,11
1483325283829,32.841493466676035,-117.0983365562321,97.61887532699588,70,83,13,11
1483325284020,32.84149469657193,-117.09837084911457,97.55832528776847,71,84,13,11
1483325284155,32.84149594019855,-117.09840502986115,97.49497504383693,72,86,13,11
1483325284271,32.841497157035064,-117.09843924620483,97.43309356800265,73,87,13,11
1483325284460,32.84149838596145,-117.09847340128846,97.37410435172026,74,89,13,11
1483325284574,32.84149958039515,-117.09850756992513,97.31457898617391,74,90,13,11
1483325284770,32.841504606247476,-117.09864387997327,97.07229850610625,75,95,13,11
1483325284886,32.841505902563775,-117.09867784008146,97.0119543298015,75,97,13,11
1483325285046,32.84150718698891,-117.0987118366843,96.95188699544852,76,98,13,11
1483325285181,32.84150849009009,-117.09874571375661,96.88977877528735,76,99,13,11
1483325285482,32.84151376054348,-117.09888113925517,96.643605251191,77,105,13,11
1483325285597,32.84151506454179,-117.09891489039913,96.57541855739643,77,106,13,11
1483325285685,32.84151639634105,-117.0989486067679,96.50819835903997,77,107,13,11
1483325285850,32.841517776712614,-117.09898232163765,96.43638804481428,77,109,13,11
1483325285971,32.84151912811577,-117.09901592557142,96.36537471225488,77,110,13,11
1483325286086,32.84152047922755,-117.09904969139556,96.29981030924642,77,111,13,11
1483325286382,32.841525893132264,-117.09918390222855,96.03792707467882,76,115,13,11
1483325286503,32.841527320359745,-117.09921738810391,95.9747939178586,76,116,13,11
1483325286617,32.84152868378991,-117.09925094386661,95.91275142230559,74,117,13,11
1483325286705,32.84153007166913,-117.09928439982232,95.85138438324122,73,118,13,11
1483325286870,32.841531454898394,-117.09931775214253,95.79172093935118,72,118,13,11
1483325286984,32.841532877260526,-117.09935110693297,95.73093598585267,71,119,13,11
1483325287144,32.84153424909059,-117.09938439801266,95.66838227028467,69,119,13,11
1483325287239,32.84153841951273,-117.09948438558965,95.48812002068291,67,120,13,11
1483325287395,32.84153979418569,-117.09951753419135,95.42555251383192,66,120,13,11
1483325287508,32.84154115754464,-117.09955066875533,95.36381727063132,65,120,13,11
1483325287620,32.841542507227295,-117.09958376405696,95.30413723509604,64,121,13,11
1483325287719,32.841543850270234,-117.099616858915,95.24677181860345,64,121,13,11
1483325287886,32.84154520552495,-117.09965019742991,95.1879561337978,63,121,13,11
1483325288000,32.8415465533587,-117.09968321290026,95.13244365291597,62,120,13,11
1483325288281,32.841551885565366,-117.09981532735416,94.90440555618379,58,118,13,11
1483325288395,32.84155321275358,-117.09984843053353,94.84639670894772,57,118,13,11
1483325288512,32.84155451354062,-117.09988151476095,94.78274670998823,57,118,13,11
1483325288622,32.84155583733544,-117.09991460974237,94.71383694100264,56,118,13,11
1483325288710,32.84155710611014,-117.09994771592633,94.64780024902822,56,118,13,11
1483325288888,32.84155841249323,-117.09998082539505,94.59113798200002,55,118,13,11
1483325289009,32.84155970334025,-117.10001397458802,94.52918199960867,55,118,13,11
1483325289263,32.84156472237369,-117.10014648646934,94.29182224771029,53,117,13,11
1483325289409,32.84156598855717,-117.10017963009736,94.22828190488033,53,116,13,11
1483325289525,32.84156726289402,-117.10021277676864,94.16246898320446,52,116,13,11
1483325289635,32.84156853378133,-117.10024589838719,94.09996705231708,52,115,13,11
1483325289726,32.84156977892819,-117.10027908136648,94.04425485717735,51,115,13,11
1483325289890,32.841571048051584,-117.10031226401082,93.98565991252984,50,114,13,11
1483325290004,32.84157229030242,-117.10034543173992,93.92372821626223,50,113,13,11
1483325290281,32.841577275768884,-117.10047816172045,93.65826997148378,48,111,13,11
1483325290396,32.841578512498664,-117.1005113677957,93.59461941339787,48,111,13,11
1483325290519,32.84157976943824,-117.1005445744435,93.53470671453582,47,110,13,11
1483325290632,32.84158101260072,-117.10057777681153,93.47624171516227,47,109,13,11
1483325290720,32.841582262832674,-117.1006110129878,93.4120622830468,47,109,13,11
1483325290885,32.84158351345415,-117.10064423699241,93.34634208443195,47,109,13,11
1483325290967,32.841584785342285,-117.10067745631417,93.2795214262951,46,109,13,11
1483325291250,32.84159003667086,-117.10081047860899,93.0341822014807,46,107,13,11
1483325291399,32.841591371895234,-117.10084374249821,92.97187386864445,46,107,13,11
1483325291512,32.84159273500214,-117.10087700890939,92.90840841604187,46,107,13,11
1483325291636,32.84159409217273,-117.10091025948788,92.84135244351005,45,107,13,11
1483325291727,32.84159548265717,-117.10094353319114,92.77374745567018,46,107,13,11
1483325291894,32.84159685742919,-117.10097681159174,92.70976141246797,45,107,13,11
1483325292052,32.841598244088885,-117.10101020673098,92.64619300926378,45,107,13,11
1483325292279,32.84160371382375,-117.10114338733908,92.38423942559128,45,107,13,11
1483325292397,32.841605054565505,-117.10117669107251,92.31638157043177,45,107,13,11
1483325292509,32.84160641388349,-117.10121016984452,92.2490162380013,45,107,13,11
1483325292620,32.8416077473225,-117.10124348397196,92.18558129969098,45,107,13,11
1483325292711,32.84160908768215,-117.10127681332013,92.12241156907811,46,108,13,11
1483325292905,32.8416104263755,-117.10131014056368,92.05935665483577,46,108,13,11
1483325293256,32.8416157356897,-117.10144373628167,91.83153324528024,46,109,13,11
