1615684798735,32.87182927730494,-117.23359698925945,45.381338326342835,45,61,10,11
1615684798891,32.8718296743573,-117.23360515414073,45.40487926387355,43,59,10,11
1615684799125,32.87183193772865,-117.23363674494172,45.49756701747746,41,57,10,11
1615684799328,32.87183275171239,-117.23364436497523,45.52207555216843,42,57,10,11
1615684799429,32.871833704948614,-117.23365187550594,45.547972264208354,43,57,10,11
1615684799580,32.87183477733038,-117.23365927031405,45.574565715447584,44,58,10,11
1615684799694,32.87183596319454,-117.23366654293343,45.60357207536499,45,59,10,11
1615684799799,32.87183735816399,-117.23367369597727,45.63535668453149,47,60,11,11
1615684800022,32.87184487290799,-117.23370099532592,45.741390079140594,51,63,10,11
1615684800143,32.87184726437329,-117.23370749502243,45.7643231677588,52,64,10,11
1615684800299,32.871849933182766,-117.23371383797996,45.78519475032435,53,64,10,11
1615684800435,32.87185283787012,-117.23372005825175,45.805752850027794,54,65,9,11
1615684800563,32.87185594188082,-117.23372619231829,45.82374632833711,54,65,9,11
1615684800673,32.87185937277806,-117.23373209801117,45.83868199545963,54,65,9,11
1615684800762,32.87186316023495,-117.23373772740459,45.857165463947226,54,66,9,11
1615684801072,32.87188110441212,-117.23375852883228,46.110687516563814,61,70,9,11
1615684801158,32.87188629620134,-117.23376321992569,46.1860912910288,62,71,9,11
1615684801352,32.87189172337066,-117.23376776856799,46.24859732067762,63,72,8,11
1615684801495,32.87189747579916,-117.23377207418912,46.31155956207346,64,72,8,11
1615684801621,32.871903524885056,-117.23377618129393,46.36550301815487,64,73,8,11
1615684801741,32.87190981878833,-117.23378009914144,46.417633048990176,64,73,8,11
1615684801831,32.87191637649247,-117.23378377436866,46.4733488717178,63,73,8,11
1615684801926,32.87193763439383,-117.2337936862624,46.57178233082984,58,71,8,11
1615684802175,32.87194520229573,-117.23379665256257,46.60648416996325,55,68,8,11
1615684802254,32.87195292724446,-117.23379954979727,46.63113005222114,53,68,8,11
1615684802405,32.87196090256992,-117.23380239939223,46.63919608173207,52,66,8,11
1615684802506,32.87196916406606,-117.23380522857971,46.66668404463489,50,65,8,11
1615684802658,32.87197766145533,-117.23380809765204,46.711086979933384,49,64,8,11
1615684802860,32.87201375575621,-117.23382039913686,46.91360278421124,48,63,8,11
1615684802977,32.87202325570453,-117.23382379314671,46.977242065737926,49,63,9,11
1615684803168,32.87203294989631,-117.23382735613498,47.03874527963446,50,64,9,11
1615684803280,32.87204284612578,-117.2338310606694,47.10664259644605,50,64,9,11
1615684803456,32.87205291669371,-117.23383492107014,47.18398884013059,51,65,9,11
1615684803628,32.8720950744971,-117.23385206593981,47.501610124002475,51,65,9,11
1615684803782,32.87210604853189,-117.2338567810999,47.57552875928902,50,64,9,11
1615684803916,32.87211717566662,-117.233861682423,47.656358897612215,49,63,9,11
1615684804106,32.87212843216538,-117.23386677400961,47.75409923347987,49,63,9,11
1615684804231,32.872139779456546,-117.23387206158425,47.86749318971208,51,64,10,11
1615684804310,32.87215127383888,-117.23387754769503,47.98931029053758,52,65,10,11
1615684804575,32.87219856973489,-117.23390142504351,48.48181468674718,57,67,10,11
1615684804667,32.872210728598695,-117.23390779611623,48.612509667822785,57,68,10,11
1615684804822,32.872222977205055,-117.23391429632052,48.76200649947003,58,68,10,11
1615684804959,32.87223535664488,-117.23392087197374,48.91085994735758,59,69,9,11
1615684805073,32.872248002364664,-117.23392743354509,49.04298129767692,58,69,9,11
1615684805344,32.87229951884542,-117.23395478036548,49.57416553235875,55,67,9,11
1615684805511,32.872312565440545,-117.23396186623788,49.70204953505749,55,67,9,11
1615684805629,32.872325684305245,-117.23396903029469,49.831793376022496,56,67,9,11
1615684805722,32.87233898848325,-117.23397622713357,49.960444549444134,54,66,9,11
1615684805905,32.87235243944635,-117.23398345471989,50.09392181074452,52,64,9,11
1615684806005,32.87236582211357,-117.23399080722616,50.2387009690115,51,63,8,11
1615684806157,32.872379314854875,-117.23399815500534,50.3735915797341,50,62,8,11
1615684806391,32.872433475564776,-117.2340278479526,50.93773320266229,51,62,9,11
1615684806503,32.87244710601474,-117.23403529552537,51.103705591785605,51,62,9,11
1615684806637,32.872460753209225,-117.23404274480335,51.26567989421307,52,63,9,11
1615684806724,32.87247438924516,-117.23405022662179,51.43085937379187,54,64,9,11
1615684806884,32.87248817509545,-117.2340577002787,51.577170191299366,53,63,9,11
1615684807128,32.872543556438366,-117.23408740192963,52.161278925391706,51,61,8,11
1615684807351,32.872557307016876,-117.23409476120469,52.305595121003726,51,61,8,11
1615684807486,32.872571064393014,-117.23410196849085,52.46410167660614,52,62,7,11
1615684807618,32.87258482829715,-117.23410911476695,52.63379058037832,52,62,7,11
1615684807731,32.87259860053574,-117.23411612747867,52.78431033954418,52,62,7,11
1615684807958,32.87265344536202,-117.23414306900328,53.38065407381943,51,61,7,11
1615684808117,32.872667164348954,-117.23414944175302,53.53619528072606,50,59,6,11
1615684808197,32.87268085552273,-117.23415562423689,53.68433048244491,49,59,6,11
1615684808346,32.87269452573453,-117.23416167034688,53.83397278244483,49,58,6,11
1615684808481,32.872708158436154,-117.23416750841676,53.97975326136301,49,58,6,11
1615684808600,32.872721787094065,-117.2341731986083,54.13813662615628,49,58,7,11
1615684808730,32.87273544566935,-117.23417868535807,54.3021375413787,49,58,7,11
1615684808821,32.872749118044545,-117.2341839361239,54.45934350335247,48,57,7,11
