1613160043846,32.740244945318935,-117.23179025561436,-8.673296363020913,122,228,8,11
1613160043981,32.74023492508335,-117.23178818279911,-8.648676756085141,126,230,8,11
1613160044095,32.740225177790315,-117.23178615374802,-8.628201265909974,130,232,8,11
1613160044211,32.740215686379884,-117.23178420359088,-8.610766189140143,134,234,8,11
1613160044398,32.74018897831643,-117.23177879200342,-8.568024881656518,144,238,9,11
1613160044511,32.7401806421888,-117.23177716181473,-8.56022126917604,148,240,9,11
1613160044628,32.74017288396055,-117.23177561901029,-8.551317102948715,153,242,9,11
1613160044720,32.74016489835479,-117.23177405301224,-8.54134798948312,158,244,9,11
1613160044923,32.740157165674994,-117.23177253967269,-8.531473948458766,163,246,9,11
1613160045060,32.74015042737258,-117.23177122209908,-8.527748314654401,167,248,9,11
1613160045265,32.740122976829575,-117.23176592087994,-8.534794153427532,188,257,9,11
1613160045437,32.74011675121296,-117.23176472229335,-8.537480136911283,194,259,7,11
1613160045552,32.740111356249976,-117.23176371149086,-8.539757142502642,199,261,12,11
1613160045671,32.74010561076183,-117.23176262543942,-8.543513686199148,204,263,12,11
1613160045763,32.74010013314296,-117.23176157690946,-8.54810251869917,210,265,12,11
1613160045913,32.74009490089257,-117.2317605892338,-8.553965640937838,216,268,12,11
1613160046050,32.7400898880341,-117.23175964113524,-8.561341699747798,222,270,12,11
1613160046307,32.74007210349791,-117.23175634480468,-8.600341659875799,245,279,10,11
1613160046443,32.740067973498405,-117.2317555696429,-8.61059125125443,251,281,10,11
1613160046558,32.74006400699565,-117.23175482182009,-8.622362505919256,258,284,8,11
1613160046676,32.740060193880026,-117.23175409490497,-8.633420308873403,264,286,8,11
1613160046769,32.74005688946972,-117.23175346359963,-8.645432510327522,271,288,8,11
1613160046994,32.74005281184227,-117.2317530430773,-8.649542629718733,260,288,8,11
1613160047135,32.74004934447017,-117.23175253688564,-8.657915666421818,259,290,7,11
1613160047247,32.74004589697852,-117.23175215901384,-8.662129997663106,251,290,6,11
1613160047360,32.740042624855,-117.23175177353089,-8.667619596055845,245,290,7,11
1613160047468,32.74003358065233,-117.2317505679456,-8.67737606816193,226,291,7,11
1613160047567,32.7400308412036,-117.23175014334947,-8.678806644473404,221,291,7,11
1613160047720,32.7400282361026,-117.23174971200109,-8.678585131045597,216,290,10,11
1613160047818,32.74002577991719,-117.23174926241383,-8.678984423839713,213,291,10,11
1613160047961,32.7400234522047,-117.23174881877401,-8.679569651205751,210,291,9,11
1613160048159,32.7400153433049,-117.23174713395694,-8.673678069165215,203,293,10,11
1613160048310,32.74001360271184,-117.23174676535406,-8.671337193391636,202,293,10,11
1613160048482,32.740011969750796,-117.23174640069205,-8.666924199165967,199,293,12,11
1613160048607,32.74001045077357,-117.23174607182499,-8.667086893681418,197,293,12,11
1613160048717,32.7400090322482,-117.23174579238137,-8.668960751808143,197,294,12,11
1613160048815,32.74000772067898,-117.23174552679656,-8.671323932484718,197,295,11,11
1613160049016,32.7400064698221,-117.23174522114536,-8.658945123964779,192,294,10,11
1613160049199,32.74000243819355,-117.23174421419665,-8.59035634561077,172,287,10,11
1613160049348,32.74000162228026,-117.23174397914072,-8.55688998592433,165,283,11,11
1613160049496,32.74000086729559,-117.23174379086345,-8.531627402697577,160,280,11,11
1613160049610,32.740000173042986,-117.23174362135248,-8.514699107130266,157,279,10,11
1613160049725,32.73999950086809,-117.23174342746994,-8.479400677292688,151,275,10,11
1613160049817,32.73999886478581,-117.2317432644117,-8.45184120260673,146,271,10,11
1613160049966,32.73999825595118,-117.23174312377155,-8.426089137323437,142,268,10,11
1613160050197,32.739996118265786,-117.23174272110398,-8.348921826455031,131,261,11,11
1613160050344,32.73999573974656,-117.23174263600076,-8.344177151452499,129,260,11,11
1613160050492,32.73999534649404,-117.23174258844914,-8.340609869945817,128,260,14,11
1613160050605,32.73999492532519,-117.23174250364423,-8.333861619841368,127,259,14,11
1613160050719,32.7399945465969,-117.23174246929021,-8.322944971267393,124,258,14,11
1613160050817,32.73999420449345,-117.23174240251957,-8.31442839633049,123,257,14,11
1613160051020,32.73999384443748,-117.2317423363562,-8.30063680733184,121,255,14,11
1613160051080,32.73999257570278,-117.2317422123269,-8.264213469960863,117,252,14,11
1613160051200,32.73999224420648,-117.23174215685442,-8.261493627502011,116,252,14,11
1613160051319,32.739991881201234,-117.23174214561806,-8.2607621222805,115,252,14,11
1613160051497,32.739991558437225,-117.2317420768733,-8.25318596305069,114,250,14,11
1613160051613,32.73999114612556,-117.23174208535403,-8.244774256049869,112,249,14,11
1613160051726,32.73999077256788,-117.23174206018307,-8.232392223758223,111,247,14,11
1613160051818,32.73999038919437,-117.23174200971776,-8.221579324414375,109,245,14,11
1613160051985,32.73999007362314,-117.23174200396407,-8.212336219431684,108,244,14,11
1613160052099,32.739989730183275,-117.23174198851983,-8.195949979912974,106,242,14,11
1613160052218,32.73998941197157,-117.23174193372432,-8.189517817074783,105,240,14,11
1613160052468,32.73998807533528,-117.231741870903,-8.141883051381551,99,232,14,11
1613160052582,32.739987788013416,-117.23174180866236,-8.134020562510832,99,231,14,11
1613160052698,32.739987529893185,-117.2317417431448,-8.128451611847847,97,229,14,11
1613160052790,32.739987196019264,-117.231741720471,-8.124979675628982,97,228,14,11
1613160053016,32.73998693582282,-117.23174167964291,-8.111185148727225,95,226,14,11
1613160053209,32.73998580928378,-117.23174163479999,-8.06094525536761,89,214,14,11
1613160053382,32.73998548891331,-117.2317416313166,-8.051805674732307,87,211,14,11
1613160053509,32.73998518110417,-117.23174157961611,-8.043866421842292,86,209,14,11
1613160053626,32.73998492259024,-117.2317415593354,-8.032470956530215,85,206,14,11
1613160053748,32.73998465668524,-117.2317415475999,-8.020661752386484,84,204,14,11
1613160053840,32.73998439820162,-117.23174152916896,-8.01249277009616,82,201,14,11
1613160054007,32.73998408236827,-117.23174151249165,-8.009315483147152,82,200,14,11
