1612138357904,32.877087297745554,-117.22537081838934,64.33429772281069,84,123,14,11
1612138357986,32.87709024453919,-117.22536271781307,64.32432234235169,85,123,14,11
1612138358091,32.87709321639651,-117.22535450405371,64.31311986321717,85,123,14,11
1612138358172,32.877096188601776,-117.22534618919448,64.30022511507684,85,123,14,11
1612138358360,32.87710840155864,-117.22531211481052,64.2396494393863,85,123,13,11
1612138358442,32.877111515292455,-117.22530342711029,64.22612150397853,85,123,13,11
1612138358600,32.87711466181511,-117.22529470594203,64.20685592063936,85,123,13,11
1612138358681,32.877117822409325,-117.22528593895731,64.1885930350225,86,123,13,11
1612138358762,32.87712101251285,-117.22527713839497,64.17284776672605,86,123,13,11
1612138358934,32.87712422136607,-117.22526831970481,64.15435117474883,85,123,13,11
1612138359030,32.877127412771166,-117.22525944921561,64.13753416163419,86,123,14,11
1612138359111,32.8771306454438,-117.22525055540933,64.12414686101506,86,123,14,11
1612138359228,32.877133924656206,-117.22524166269973,64.11200514217329,86,123,14,11
1612138359318,32.87713716697011,-117.22523278567971,64.10069369161447,85,123,14,11
1612138359443,32.87714040208049,-117.22522389221238,64.0877123058953,85,123,14,11
1612138359593,32.87714367241894,-117.22521499367868,64.06902056294331,84,123,14,11
1612138359678,32.877146942403265,-117.22520610942529,64.05445823379144,84,123,14,11
1612138359762,32.877150239975386,-117.22519720552707,64.04245253735739,83,123,14,11
1612138359843,32.877153515395456,-117.22518825120662,64.03520951799788,83,123,13,11
1612138359956,32.87715678296884,-117.22517928874959,64.02976814024228,83,123,13,11
1612138360035,32.87716007947006,-117.22517037568997,64.01639423516744,83,123,13,11
1612138360127,32.877163364956374,-117.22516139412713,63.99725640437344,82,123,13,11
1612138360246,32.87716663109252,-117.22515241293009,63.980350542027686,82,123,13,11
1612138360356,32.877169865638656,-117.2251434275047,63.96432990077891,81,123,13,11
1612138360447,32.87717312651883,-117.22513448663918,63.94161479644636,81,123,13,11
1612138360595,32.877176382322226,-117.22512560192249,63.91345884015824,81,123,13,11
1612138360676,32.877179635520676,-117.22511668933588,63.898438848456784,81,123,13,11
1612138360771,32.87718294294117,-117.22510774727274,63.89177676178497,80,123,13,11
1612138360874,32.877186279402416,-117.22509883370647,63.90503311074075,80,123,13,11
1612138361016,32.87718955327661,-117.22508990150587,63.921827159162696,80,123,13,11
1612138361093,32.87719282492553,-117.22508100002624,63.93506707904034,80,123,13,11
1612138361177,32.87719610995511,-117.22507214880974,63.948474076966505,80,123,13,11
1612138361301,32.87719942209192,-117.22506329977527,63.963232563247736,79,123,13,11
1612138361381,32.877202698653996,-117.22505442223657,63.97720564577761,79,123,14,11
1612138361501,32.877205968686575,-117.22504558111041,63.996644955490275,79,123,14,11
1612138361647,32.87720924147548,-117.2250367726967,64.01211065895903,79,123,14,11
1612138361728,32.87721251089844,-117.22502799834221,64.02290467066621,79,123,14,11
1612138361820,32.87721579246276,-117.2250191928988,64.03384953620899,78,123,14,11
1612138361923,32.877219083751726,-117.22501034687109,64.04652093499038,78,123,14,11
1612138362014,32.87722242544723,-117.22500143316579,64.06072806318893,78,123,13,11
1612138362097,32.87722576445604,-117.22499248676228,64.07695095683769,78,123,13,11
1612138362175,32.877229123042454,-117.22498348258227,64.09100578999896,78,123,13,11
1612138362297,32.877232509040404,-117.22497441847548,64.10206929659428,78,123,13,11
1612138362408,32.87723591801832,-117.22496529410843,64.11258899619878,78,123,13,11
1612138362490,32.87723935674254,-117.22495611321199,64.12087779968583,78,123,13,11
1612138362660,32.87724282088444,-117.22494681026639,64.12922071529847,77,123,13,11
1612138362747,32.877246303372864,-117.22493748635692,64.1367581305139,77,123,13,11
1612138362831,32.87724980158096,-117.22492808955364,64.1491296575813,77,123,13,11
1612138362931,32.877253312213945,-117.22491861957322,64.1628736887155,77,123,13,11
1612138363081,32.877256862454345,-117.22490908880175,64.18048088509067,77,123,13,11
1612138363148,32.87726042691016,-117.22489952241935,64.1951004672342,77,123,13,11
1612138363243,32.87726397444363,-117.22488987832321,64.21273379970248,77,123,13,11
1612138363367,32.8772675519504,-117.22488028265464,64.22893359889719,77,123,13,11
1612138363475,32.8772711343903,-117.22487068599357,64.2462197357874,77,123,13,11
1612138363558,32.87727468984849,-117.224861116758,64.26683585146387,77,123,13,11
1612138363639,32.87727822816354,-117.22485160178624,64.28300913786364,77,123,14,11
1612138363801,32.877281760006056,-117.22484211516017,64.2966228316003,77,123,14,11
1612138363882,32.877285283046334,-117.2248325967717,64.3125484322084,76,123,14,11
1612138363985,32.87728877844489,-117.22482315777395,64.33521822521627,76,123,14,11
1612138364105,32.8772922311857,-117.22481377500085,64.35716107854319,76,123,14,11
1612138364186,32.8772956727586,-117.22480450034044,64.37594446467857,76,123,14,11
1612138364265,32.877299067421305,-117.2247952865822,64.39369029687808,76,123,14,11
1612138364381,32.87730241726088,-117.22478620878151,64.41027070524767,76,123,14,11
1612138364540,32.87731521838761,-117.22475136509516,64.47870105734785,76,123,14,11
1612138364663,32.87731823872314,-117.22474309310488,64.49462154029614,76,123,14,11
1612138364777,32.8773211790089,-117.22473500625017,64.51441058583903,76,123,14,11
1612138364936,32.8773240582683,-117.22472710877321,64.53232329181307,76,123,14,11
1612138365023,32.87732687077712,-117.22471943204042,64.54584823469025,77,123,14,11
1612138365103,32.87732959598125,-117.22471194154508,64.55666807774256,77,123,14,11
1612138365229,32.87733225718449,-117.2247046197446,64.56510085457417,77,123,14,11
1612138365343,32.877334882104385,-117.22469746067728,64.57256414478188,78,123,14,11
1612138365445,32.87733745545691,-117.22469042765897,64.58449155209345,78,123,14,11
1612138365530,32.87733996495286,-117.22468350280415,64.59609617215378,78,123,14,11
1612138365616,32.877342443202146,-117.22467668197201,64.60412561307727,78,123,14,11
1612138365769,32.87734490275043,-117.2246699447931,64.6124460747575,79,123,14,11
1612138365871,32.877347340043926,-117.2246632650688,64.62063559027655,79,123,14,11
1612138365958,32.87734975651803,-117.22465662548312,64.62677735192595,79,123,14,11
1612138366039,32.87735218193833,-117.22465001627586,64.63384399100569,80,123,14,11
1612138366120,32.87735460062213,-117.22464343750458,64.64004816651091,80,123,14,11
1612138366240,32.877356996630176,-117.22463687877608,64.64775257499487,80,123,14,11
1612138366353,32.8773593828483,-117.22463033540814,64.65801827840177,80,123,14,11
1612138366447,32.87736179363994,-117.22462387036995,64.6661056677702,80,123,14,11
1612138366529,32.87736420900596,-117.22461741961803,64.67477451011553,80,123,14,11
1612138366627,32.8773665957844,-117.22461097197466,64.68634007602732,80,123,14,11
1612138366772,32.87736899775738,-117.22460450732292,64.70051257030742,80,123,14,11
1612138366874,32.877371394781036,-117.22459809895378,64.71436710369541,80,123,14,11
1612138367015,32.87737377513241,-117.22459169717553,64.7290307274744,80,123,14,11
1612138367095,32.8773761541345,-117.22458529388892,64.74658252803295,80,123,14,11
1612138367182,32.87737852997894,-117.22457890294902,64.76066214683536,79,123,14,11
1612138367308,32.8773809102429,-117.22457253282252,64.77237339605212,79,123,14,11
1612138367437,32.87738331487198,-117.2245661260965,64.78398099675977,79,122,14,11
1612138367521,32.8773856894917,-117.22455973220234,64.79486838997593,79,122,14,11
1612138367659,32.87738807223787,-117.22455336515394,64.80596558062464,79,122,14,11
1612138367768,32.877390457909144,-117.22454700018486,64.81814290061105,79,122,14,11
1612138367849,32.87739285284252,-117.22454064190306,64.8305114421094,79,122,14,11
1612138367952,32.87739522523054,-117.22453432375006,64.84087197920779,79,122,14,11
