1483234053796,32.63907288882995,-117.05585182268271,19.569681035792385,77,97,15,11
1483234053966,32.6390804109748,-117.0558624691384,19.629265170813284,77,97,15,11
1483234054126,32.63908809822601,-117.05587275114814,19.685388263455554,77,96,15,11
1483234054260,32.63909597761412,-117.0558826398351,19.73333943999214,75,95,15,11
1483234054363,32.639103943791135,-117.05589217443992,19.783993873472102,75,95,15,11
1483234054514,32.63911199041783,-117.05590136526807,19.836912683440698,75,95,15,11
1483234054627,32.63912018889264,-117.05591019083502,19.882303099881852,75,94,15,11
1483234054836,32.63915379304541,-117.0559424619497,20.048867205414215,72,92,15,11
1483234054973,32.639162387000106,-117.05594991870775,20.089096163710153,72,92,15,11
1483234055118,32.639171028341046,-117.05595719952791,20.13275282741234,72,92,15,11
1483234055229,32.639179737035,-117.0559642948325,20.1758085779723,72,91,15,11
1483234055366,32.639188465267026,-117.05597123515692,20.220006329628593,72,91,15,11
1483234055509,32.63919728392151,-117.0559780258236,20.2621691162946,72,91,15,11
1483234055597,32.63922403349806,-117.05599768147829,20.382764608234645,71,90,15,11
1483234055748,32.63923312505981,-117.0560040163495,20.417109124652637,70,90,15,11
1483234055891,32.63924224085952,-117.05601027091716,20.452844443599243,70,89,15,11
1483234056028,32.63925135357258,-117.05601646325796,20.495979088063226,70,89,15,11
1483234056173,32.63926050625642,-117.05602261493874,20.54633851592098,71,89,15,11
1483234056313,32.63926972185999,-117.05602870830369,20.59545134445896,71,90,15,11
1483234056402,32.63927898715047,-117.05603477689553,20.645212544925435,72,90,15,11
1483234056548,32.639288302138674,-117.05604082308678,20.692922348867143,72,90,15,11
1483234056760,32.63932648834765,-117.05606482858254,20.82604658988226,68,88,15,11
1483234056872,32.63933626848302,-117.05607079929884,20.853815550718437,66,87,15,11
1483234056951,32.63934608823122,-117.05607671410061,20.88103289635504,64,86,15,11
1483234057157,32.63935593877882,-117.05608262805818,20.911011639203224,63,85,15,11
1483234057292,32.63936586833227,-117.05608847287881,20.938062583263605,61,83,15,11
1483234057414,32.639375828874144,-117.05609427968989,20.96785527814511,59,83,15,11
1483234057525,32.63938583378234,-117.0561000599025,21.002260159233423,58,82,15,11
1483234057624,32.639416279377,-117.05611688721616,21.08715649932334,55,79,15,11
1483234057751,32.63942652028986,-117.0561224049856,21.11969904742268,54,78,15,11
1483234057900,32.63943679595697,-117.05612783955152,21.151218743040655,53,78,15,11
1483234057979,32.63944714198914,-117.05613318177468,21.184394875233412,53,78,15,11
1483234058182,32.63945753561746,-117.05613848555629,21.21544943596268,53,78,15,11
1483234058291,32.63946796729342,-117.05614370949337,21.245627790210623,52,77,15,11
1483234058414,32.639478464567325,-117.05614888169198,21.270225427775486,52,77,15,11
1483234058559,32.639489004611136,-117.05615396922269,21.296223800163773,51,76,15,11
1483234058778,32.639531337091555,-117.05617371405445,21.39070187540285,49,74,15,11
1483234058905,32.63954179857541,-117.05617840308757,21.40611511310002,49,74,15,11
1483234058984,32.63955222287324,-117.05618299352552,21.423303458130967,48,73,15,11
1483234059130,32.63956246165159,-117.05618750132143,21.443835831488748,48,73,15,11
1483234059291,32.63957262769271,-117.05619192981457,21.459404965469144,48,73,15,11
1483234059445,32.63958265984586,-117.05619622788745,21.473991695206937,49,73,15,11
1483234059558,32.63959266626675,-117.05620048496465,21.49056403380442,49,73,15,11
1483234059670,32.63960263125156,-117.05620468707988,21.508192729352643,49,73,15,11
1483234059789,32.639612584548885,-117.05620883428126,21.52655478058641,49,73,15,11
1483234059906,32.63964200570862,-117.05622081172757,21.56808850845719,48,73,15,11
1483234060024,32.639651725498645,-117.05622468899087,21.586376479160098,48,73,15,11
1483234060104,32.63966141267049,-117.05622852907837,21.603143568567326,48,73,15,11
1483234060297,32.63967109635392,-117.05623228936318,21.618237879792552,48,73,15,11
1483234060444,32.63968069291173,-117.05623605356482,21.63159436391468,48,73,15,11
1483234060532,32.639690231685584,-117.05623974521318,21.649461008208117,49,74,15,11
1483234060770,32.63972801775442,-117.05625433770643,21.69162774562468,48,73,15,11
1483234060883,32.639737317479565,-117.05625794494469,21.701041580723782,48,73,15,11
1483234060962,32.63974655907425,-117.05626157151372,21.711372942342056,48,73,15,11
1483234061166,32.63975573953468,-117.05626520679827,21.72061002305849,48,73,15,11
1483234061269,32.63976489421284,-117.0562687721671,21.730726515901132,48,73,15,11
1483234061421,32.639774010375845,-117.05627225702186,21.744241672179776,48,73,15,11
1483234061542,32.6397831307658,-117.05627568076527,21.756167399799043,49,74,15,11
1483234061629,32.63981007954883,-117.05628577406273,21.783472748853953,49,74,15,11
1483234061803,32.63981897973532,-117.05628914248727,21.788502051492586,49,75,15,11
1483234061915,32.63982777094062,-117.05629247949865,21.790844671247346,49,74,15,11
1483234062031,32.63983661445499,-117.05629583490919,21.797881999430473,49,74,15,11
1483234062198,32.639845263973804,-117.05629915457152,21.800403442339157,49,74,15,11
1483234062301,32.63985384795773,-117.0563024536112,21.80675607962152,49,75,15,11
1483234062447,32.63986234408052,-117.05630573053699,21.813369724933708,50,75,15,11
1483234062628,32.63989529984537,-117.0563184037039,21.823073355115238,50,75,15,11
1483234062830,32.639903291724735,-117.056321457237,21.827405197317315,50,75,15,11
1483234062955,32.639911136371715,-117.05632447779915,21.826557786637967,51,75,15,11
1483234063092,32.63991887266764,-117.05632744058613,21.824942265039038,51,75,15,11
1483234063240,32.63992651862731,-117.05633030706015,21.814326531955356,50,74,15,11
1483234063430,32.63995603964804,-117.05634106215591,21.781046805189135,49,71,15,11
1483234063544,32.63996318498978,-117.05634346937866,21.774117817303942,49,71,15,11
1483234063742,32.639970244079954,-117.05634577191769,21.767390207351504,49,71,15,11
1483234063909,32.63997722261488,-117.05634791034103,21.760150179167624,49,70,15,11
1483234064119,32.64000419329283,-117.05635443961475,21.729108827495356,50,69,15,11
