1616288658645,32.88736230207491,-117.23878991243787,88.175620894283,69,114,10,11
1616288658815,32.88734913188809,-117.2387889099276,88.18958808380977,68,112,10,11
1616288658928,32.887335937077346,-117.2387878889163,88.20218636231891,67,111,10,11
1616288659028,32.887322734635994,-117.23878687492684,88.21882073141359,67,110,10,11
1616288659184,32.88730942491795,-117.23878584743667,88.22632894970599,66,109,9,11
1616288659327,32.887269851363925,-117.23878285189585,88.23496271344094,64,105,9,11
1616288659463,32.88725664838561,-117.23878182192581,88.22780772817404,63,105,9,11
1616288659577,32.8872434600128,-117.23878081842096,88.21399583516823,63,104,9,11
1616288659665,32.88723014714479,-117.23877976169197,88.20108357709763,63,104,9,11
1616288659814,32.88721688910603,-117.23877875466333,88.19197610347975,63,104,9,11
1616288659934,32.88720364877858,-117.23877772602717,88.1736968233203,64,104,9,11
1616288660067,32.8871904228316,-117.23877671554794,88.15292633313369,64,104,9,11
1616288660182,32.88717719720367,-117.23877572556304,88.12910032724007,64,104,9,11
1616288660332,32.8871374818346,-117.23877271308496,88.06251758370524,65,105,10,11
1616288660469,32.88712422831239,-117.23877174845964,88.04706791155458,65,105,10,11
1616288660583,32.88711097721804,-117.23877073968033,88.03807039693676,65,105,10,11
1616288660673,32.8870976910315,-117.2387697404429,88.029111176435,66,105,10,11
1616288660880,32.8870844176134,-117.23876877216952,88.01267769586276,66,105,10,11
1616288660992,32.887071206579094,-117.23876778419738,87.99042129644589,66,105,10,11
1616288661093,32.88705803916222,-117.23876675394322,87.96018082708997,66,105,10,11
1616288661216,32.88701842371855,-117.23876380343593,87.94455651480008,67,105,9,11
1616288661371,32.887005201735164,-117.23876279096685,87.9414410256745,67,105,9,11
1616288661505,32.886992041268954,-117.23876175953943,87.92958730253667,67,104,9,11
1616288661619,32.88697889186582,-117.23876079223092,87.92338645755206,67,104,9,11
1616288661707,32.88696580193681,-117.23875977950341,87.91882811276766,66,103,9,11
1616288661853,32.88695274672131,-117.23875873256661,87.91224523641638,66,103,9,11
1616288661968,32.8869396327042,-117.23875772442632,87.91682672310316,65,102,9,11
1616288662069,32.88692657314845,-117.23875667587956,87.93050698048917,64,100,9,11
1616288662324,32.886874492557055,-117.23875255194937,87.98218772248336,61,95,9,11
1616288662460,32.8868615367717,-117.23875150466233,87.99634444213078,61,94,9,11
1616288662586,32.88684856429213,-117.23875052045302,88.0167278459249,60,93,9,11
1616288662678,32.886835634282875,-117.23874949848818,88.03486875779473,60,92,9,11
1616288662879,32.88682273476164,-117.23874849433128,88.05104293690164,60,92,9,11
1616288662959,32.8868098584135,-117.23874745984199,88.06916306046422,59,91,9,11
1616288663211,32.886758677380044,-117.23874352395706,88.14072146421427,55,85,8,11
1616288663356,32.88674593162928,-117.23874256365296,88.16324354955877,55,84,8,11
1616288663494,32.88673317423605,-117.23874167649929,88.18658961982646,54,83,8,11
1616288663610,32.88672042267672,-117.23874073226284,88.2064984544861,54,83,8,11
1616288663723,32.88670775028193,-117.23873980946459,88.2163615484483,53,82,8,11
1616288663817,32.88669509179933,-117.23873886713858,88.22457288863768,53,80,8,11
1616288663969,32.886682427428084,-117.2387379561269,88.23396323948455,53,80,8,11
1616288664071,32.88666980418367,-117.23873706345746,88.23916058438368,53,81,8,11
1616288664330,32.88661950023363,-117.23873358400448,88.2970833901888,53,80,8,11
1616288664485,32.88660698159751,-117.2387327405224,88.30821909971107,53,79,8,11
1616288664598,32.88659448386267,-117.23873191699133,88.32162042574822,53,80,8,11
1616288664711,32.886581998324445,-117.23873105092827,88.33852644870424,53,80,8,11
1616288664882,32.886569533642906,-117.23873022417833,88.35140773679763,54,80,9,11
1616288664970,32.88655711118433,-117.23872938261556,88.36009156515914,54,80,9,11
1616288665104,32.88654471493458,-117.23872854467464,88.37106699359954,54,80,9,11
1616288665358,32.88649532075234,-117.23872522328138,88.44160425545812,54,80,9,11
1616288665494,32.88648304698687,-117.23872440928905,88.45348313135487,54,80,9,11
1616288665608,32.88647074351779,-117.2387235633649,88.46766227574864,54,79,9,11
1616288665718,32.88645849085877,-117.2387227638807,88.48559621628128,53,78,9,11
1616288665833,32.886446275508746,-117.23872193304545,88.4975070498009,53,79,9,11
1616288665924,32.8864340655108,-117.23872109183912,88.50893373419815,54,79,10,11
1616288666087,32.88642188118139,-117.23872029113063,88.5254283979586,54,79,10,11
1616288666178,32.88640970670516,-117.23871946398853,88.5421005774268,55,80,10,11
1616288666364,32.886397547303105,-117.23871866507325,88.55444697283554,55,80,10,11
1616288666495,32.88638545370456,-117.2387178274088,88.56770482426235,55,80,10,11
1616288666549,32.88634924025221,-117.23871520552059,88.64097328415143,54,79,9,11
1616288666670,32.88633725976399,-117.23871428728728,88.65516968845746,54,79,9,11
1616288666845,32.88632520329779,-117.23871333363742,88.67187626375221,53,78,8,11
1616288666933,32.88631319212761,-117.23871247298094,88.69592039894349,53,78,8,11
1616288667110,32.886301227676825,-117.23871154465559,88.70902629170202,53,78,8,11
1616288667324,32.88625354950925,-117.2387076734281,88.7545088941154,51,76,7,11
1616288667426,32.88624165552699,-117.23870671531446,88.7706388034766,51,76,7,11
1616288667571,32.8862298247976,-117.2387057438776,88.7795404861238,51,76,7,11
1616288667694,32.88621802430854,-117.2387047706782,88.78803012557856,50,75,7,11
1616288667809,32.88620617684025,-117.2387038645314,88.8075988753248,50,75,6,11
1616288667932,32.88619435613955,-117.23870263353376,88.83615945824114,50,75,6,11
1616288668043,32.88618249845659,-117.23870169690478,88.85043633079293,51,75,6,11
1616288668161,32.88617069986921,-117.23870063206299,88.86558319281139,51,76,7,11
1616288668322,32.88613543873758,-117.23869758342589,88.87556396065861,53,77,7,11
1616288668424,32.88612375275314,-117.23869660424803,88.86790224985542,53,77,7,11
1616288668573,32.88611199352399,-117.23869563341829,88.86183608553573,53,77,7,11
1616288668685,32.88610031460296,-117.2386946600513,88.85631329073456,53,77,7,11
1616288668856,32.88608865550447,-117.23869366055075,88.8539401909745,53,77,7,11
