1620002316228,32.83956395608417,-117.17589065597882,81.20202760664809,21,51,12,11
1620002316391,32.83956364939418,-117.175877196896,81.21181433391516,21,51,12,11
1620002316528,32.83956337717835,-117.17586382384233,81.2209608772627,21,52,12,11
1620002316647,32.83956314418625,-117.17585056723382,81.22773309829634,21,52,12,11
1620002316826,32.83956215436971,-117.17579902539394,81.23308749939525,21,52,12,11
1620002316957,32.83956189699189,-117.17578657365283,81.23863972401762,21,52,12,11
1620002317158,32.839561650070046,-117.17577432395089,81.24258551260147,21,53,12,11
1620002317282,32.839561400876285,-117.17576227686565,81.24535419431162,21,52,12,11
1620002317426,32.839561135821526,-117.17575044297405,81.24937816233312,20,52,12,11
1620002317626,32.83956015562844,-117.17570514515937,81.24632217452597,20,51,12,11
1620002317747,32.839559855571444,-117.17569434902337,81.24320104990157,20,51,12,11
1620002317881,32.839559496559595,-117.1756837674201,81.24164408093307,21,51,12,11
1620002318024,32.839559084820586,-117.17567341529562,81.23715451140433,21,52,11,11
1620002318235,32.839557285459314,-117.17564366706237,81.23473251830379,23,53,11,11
1620002318382,32.83955644792321,-117.17563421510681,81.23192258885024,23,54,11,11
1620002318502,32.83955548698655,-117.1756249996489,81.22933228614934,23,53,10,11
1620002318629,32.83955437091666,-117.17561601283683,81.23033187562882,23,54,10,11
1620002318741,32.839553096351125,-117.17560727604878,81.23025251699997,23,54,10,11
1620002318854,32.839551662686674,-117.17559879065662,81.23190984984936,24,54,10,11
1620002319128,32.83954499095087,-117.1755671681219,81.24010016709916,25,56,10,11
1620002319249,32.83954332689025,-117.1755597825677,81.24364314675064,25,56,10,11
1620002319384,32.839541719090185,-117.17555260430845,81.24803121042275,25,56,10,11
1620002319500,32.83954016035491,-117.17554563203167,81.2493504612094,26,57,10,11
1620002319582,32.83953869451082,-117.17553884995887,81.25168667826699,26,57,12,11
1620002319725,32.839537320169676,-117.17553225804754,81.25112182577934,26,58,12,11
1620002319899,32.83953605140838,-117.17552585141323,81.24994855521712,26,58,12,11
1620002320003,32.83953283118903,-117.17550761756223,81.24772686932866,27,59,11,11
1620002320185,32.83953191521149,-117.17550184809645,81.24712436231229,26,59,11,11
1620002320338,32.839531063506236,-117.17549622366879,81.24565035876401,26,59,11,11
1620002320476,32.839530297759715,-117.1754907489749,81.24445283884629,26,59,11,11
1620002320606,32.83952961372288,-117.17548541831736,81.24334274221756,26,59,11,11
1620002320835,32.83952745787224,-117.17546545237953,81.23901554944543,26,60,11,11
1620002320950,32.83952707748934,-117.17546079129343,81.23837087895814,26,60,11,11
1620002321099,32.83952672394499,-117.17545627631624,81.24167237522437,26,60,11,11
1620002321226,32.839526409766016,-117.17545193670423,81.2452972067311,25,60,11,11
1620002321370,32.83952614224896,-117.17544780132485,81.24721290850373,25,60,11,11
1620002321508,32.83952592903141,-117.17544387114022,81.24750617390842,25,59,11,11
1620002321638,32.839525737486134,-117.17544012908014,81.24514791327105,25,59,11,11
1620002321890,32.83952526928844,-117.17542684235168,81.24112532985504,24,59,11,11
1620002322061,32.83952518944749,-117.17542390779808,81.24067756326036,24,58,11,11
1620002322323,32.8395249666403,-117.17541377539831,81.23531199748848,22,56,11,11
1620002322452,32.83952493467832,-117.17541169690148,81.2347348728569,22,56,11,11
1620002322564,32.839524885563506,-117.17540982746367,81.23416705089222,22,56,11,11
1620002322679,32.8395248458943,-117.17540817542881,81.23092506520011,23,57,11,11
1620002322791,32.839524823511354,-117.17540675336068,81.22726283462596,24,57,11,11
1620002322981,32.839524812892336,-117.17540554026415,81.22470720203566,24,58,11,11
1620002323218,32.83952477964493,-117.1754028178126,81.21658689024522,24,58,11,11
1620002323353,32.83952477633427,-117.17540267013892,81.21352944241754,25,58,11,11
1620002323489,32.839524774879834,-117.17540271869865,81.20935720387139,25,59,11,11
1620002323603,32.83952477811829,-117.17540282458822,81.20351006425132,25,59,11,11
1620002323716,32.83952477760681,-117.17540286508009,81.19774013277629,26,60,11,11
1620002323827,32.8395247780146,-117.17540283569642,81.19388411079123,26,60,11,11
1620002324039,32.83952478982625,-117.17540287178235,81.1847720165886,27,61,12,11
1620002324166,32.83952477870184,-117.17540286471318,81.1833955845672,27,62,12,11
1620002324337,32.83952478573731,-117.17540287180978,81.18166980668282,27,62,12,11
1620002324467,32.83952478920819,-117.17540286907875,81.18145095933238,27,62,12,11
1620002324588,32.839524789331044,-117.17540285920474,81.18030369830159,26,62,12,11
1620002324827,32.83952480329703,-117.17540289193504,81.1818783302348,25,62,12,11
1620002324941,32.83952480002808,-117.17540288854383,81.18242569781896,25,63,12,11
1620002325130,32.839524796524756,-117.17540289027934,81.18119874310862,26,63,12,11
1620002325258,32.83952479187988,-117.17540288955942,81.17940396809122,26,64,11,11
1620002325368,32.83952479101994,-117.17540289963902,81.17812848322568,26,64,11,11
1620002325504,32.83952479629556,-117.17540290489218,81.17808456390729,26,65,11,11
1620002325689,32.839524796304545,-117.17540290948867,81.1803684415634,26,66,11,11
1620002325916,32.83952479509641,-117.17540290726302,81.1815511914902,26,66,11,11
1620002326088,32.83952479527888,-117.17540291062097,81.18368834071647,26,66,11,11
1620002326335,32.83952480048225,-117.175402921108,81.19100521074806,25,66,11,11
