1616975051024,32.83912236539949,-117.2326443659185,10.873354620543799,25,43,11,11
1616975051298,32.83912961898719,-117.2327456086317,11.233390343965151,26,44,11,11
1616975051407,32.8391312691115,-117.23277084919087,11.312522781126653,26,44,11,11
1616975051568,32.83913285277091,-117.23279607353444,11.397142328280559,26,44,11,11
1616975051698,32.83913437598319,-117.2328213243751,11.483914453120354,27,45,11,11
1616975051843,32.83913582989861,-117.23284653191824,11.555530323476129,27,45,11,11
1616975051968,32.839137219553905,-117.23287164482134,11.611895916022245,27,45,11,11
1616975052186,32.83914202129621,-117.232972051155,11.856235916395272,28,46,11,11
1616975052301,32.83914310024072,-117.23299703530733,11.89275042469851,28,46,11,11
1616975052418,32.839144169846264,-117.23302206618055,11.935931461396937,28,46,11,11
1616975052608,32.839145181119605,-117.23304707214294,11.977124930886527,28,46,11,11
1616975052688,32.839146136115176,-117.23307205717069,12.01248932059297,28,46,11,11
1616975052835,32.83914695922092,-117.23309708046398,12.048065691655344,28,47,11,11
1616975052952,32.83914770329366,-117.23312201676261,12.065384375913943,29,47,11,11
1616975053218,32.83914977388281,-117.23322127759683,12.093764629115245,28,46,11,11
1616975053393,32.83915023275967,-117.23324607196228,12.111520038402567,27,46,11,11
1616975053502,32.83915061015829,-117.23327066048616,12.112651028440979,28,46,11,11
1616975053663,32.83915098561401,-117.23329520122678,12.113288629726615,27,46,11,11
1616975053898,32.83915217446794,-117.23339266305815,12.065257522451155,28,47,10,11
1616975054009,32.83915250096104,-117.23341690139775,12.091467909481288,29,47,10,11
1616975054162,32.83915265662227,-117.23344112891715,12.117804162215265,29,48,10,11
1616975054282,32.83915282957122,-117.2334652622822,12.135336549608596,30,49,9,11
1616975054408,32.8391531328336,-117.23348922888702,12.129917910904528,29,48,9,11
1616975054521,32.83915338232231,-117.23351313423204,12.100408369924041,29,49,9,11
1616975054672,32.8391536503979,-117.23353705932651,12.063012878111525,29,49,9,11
1616975054885,32.83915497146467,-117.23363169117101,11.9538833909865,30,50,10,11
1616975054999,32.83915532594731,-117.23365517324235,11.915380764501093,30,51,10,11
1616975055117,32.83915573483909,-117.233678731477,11.87497957823342,31,51,10,11
1616975055229,32.83915615274623,-117.23370209922525,11.834229736051538,31,52,10,11
1616975055400,32.839156589268384,-117.23372541273851,11.791867971590648,31,52,10,11
1616975055553,32.83915706039585,-117.2337486192003,11.736361348904124,32,53,10,11
1616975055688,32.83915864744118,-117.23381808651487,11.558652210954785,32,53,11,11
1616975055807,32.839159125821354,-117.23384107642258,11.497035785478268,32,53,11,11
1616975055943,32.83915949267727,-117.23386395802528,11.427656497830482,32,54,11,11
1616975056057,32.839159785440614,-117.23388679033367,11.361401985410826,32,54,11,11
1616975056170,32.8391600762302,-117.23390953240215,11.294746010959624,32,54,11,11
1616975056284,32.83916037997928,-117.23393220338211,11.225239501215086,31,53,11,11
1616975056403,32.839160707502096,-117.23395493479265,11.146305510914944,30,52,11,11
1616975056547,32.8391619760435,-117.23402217770361,10.90469957031728,29,51,11,11
1616975056706,32.839162543890744,-117.23404443600913,10.826120122771089,29,50,11,11
1616975056821,32.83916317151877,-117.23406663080029,10.743817013941523,29,51,11,11
1616975056960,32.83916391326387,-117.2340887385383,10.657736242756247,29,50,11,11
1616975057073,32.839164771820585,-117.2341107709715,10.567616332966319,29,51,11,11
1616975057183,32.83916577193951,-117.23413273053663,10.480821369720328,30,51,11,11
1616975057303,32.83916691900198,-117.2341546282103,10.389690809798335,29,50,11,11
1616975057511,32.83917124469485,-117.23421995532749,10.098556945946061,29,50,11,11
1616975057593,32.83917298904306,-117.23424162427308,10.004430295488026,29,49,11,11
1616975057752,32.83917490204241,-117.23426320049063,9.906516338222326,29,49,11,11
1616975057882,32.83917702747331,-117.23428470421128,9.811812977299892,30,49,11,11
1616975058023,32.83917943698638,-117.23430617740723,9.72760497671519,30,49,11,11
1616975058134,32.83918211332659,-117.23432755064933,9.634224480767651,30,49,11,11
1616975058247,32.83918506493477,-117.23434879753333,9.517362585027758,30,49,11,11
1616975058473,32.83919990913503,-117.23443278237009,9.042678368328486,31,49,10,11
1616975058584,32.8392043505917,-117.23445354913346,8.939760979974722,30,48,11,11
1616975058747,32.839209063430644,-117.23447423317492,8.846871547182923,29,47,11,11
1616975058867,32.83921406947221,-117.23449481024487,8.76529553749149,29,47,11,11
1616975059000,32.83921934237084,-117.23451528497503,8.68649365563564,29,46,11,11
1616975059118,32.83922486562624,-117.23453562505561,8.610556538701863,28,46,11,11
1616975059239,32.83923063930033,-117.23455587394041,8.535705054504767,27,44,11,11
1616975059369,32.83924962043037,-117.2346157417688,8.344691319075363,27,43,11,11
1616975059528,32.83925652255063,-117.23463541651813,8.27797352281426,27,43,11,11
1616975059638,32.83926366107576,-117.23465492388769,8.192471145666293,27,42,11,11
1616975059799,32.839271085990646,-117.23467428086397,8.106174185198057,26,42,11,11
1616975059916,32.839278813143046,-117.23469345693087,8.021569415909875,27,42,11,11
1616975060050,32.83928678630818,-117.23471248821266,7.943608600282945,27,42,11,11
1616975060283,32.839321390741496,-117.2347871384655,7.681877943024947,28,42,11,11
1616975060394,32.839330744262206,-117.23480532541332,7.593848516778579,28,42,11,11
1616975060559,32.83934036564781,-117.2348233054033,7.500201732369174,29,42,11,11
1616975060685,32.8393503125095,-117.2348410879849,7.414918219757933,29,43,11,11
1616975060830,32.83936054905256,-117.23485868268763,7.3375635596459485,30,43,11,11
1616975060952,32.83937104095578,-117.23487609156474,7.261922323657992,31,44,11,11
1616975061086,32.839381823906365,-117.23489331349244,7.19030853227186,32,44,11,11
