1616973993954,32.834691377023645,-117.16608067044794,85.09756942016479,30,49,12,11
1616973994069,32.83469118233172,-117.16609660862437,85.08629666834462,30,49,12,11
1616973994235,32.83469098198824,-117.16611254415312,85.07187619233925,30,49,12,11
1616973994352,32.834690765433436,-117.16612849900801,85.04671273095711,30,49,12,11
1616973994591,32.83468972512701,-117.1661922231175,84.95451263754354,31,50,11,11
1616973994718,32.83468946874889,-117.16620821980045,84.93541034484728,31,50,11,11
1616973994806,32.8346892019018,-117.16622430406507,84.9391219533666,30,49,11,11
1616973994976,32.83468892105171,-117.16624026364339,84.8988874907368,30,48,11,11
1616973995094,32.834688643811475,-117.16625613849415,84.84287220546112,30,48,11,11
1616973995214,32.834688312436,-117.16627209115761,84.80450472861129,30,48,11,11
1616973995392,32.83468739095525,-117.16631985402404,84.73813928979008,31,49,12,11
1616973995554,32.83468707621448,-117.16633577875922,84.72352753715296,31,49,10,11
1616973995672,32.8346866724059,-117.16635164823519,84.69595007926208,31,49,9,11
1616973995785,32.83468625615191,-117.1663674836588,84.66065191158638,32,50,10,11
1616973995891,32.83468580251562,-117.16638328759223,84.62132055950502,32,50,10,11
1616973996058,32.83468541610168,-117.16639908070093,84.58274146627951,32,51,10,11
1616973996245,32.83468398725028,-117.16646231644633,84.52164850633599,33,51,10,11
1616973996414,32.83468361771494,-117.16647814688166,84.51499513507132,32,51,10,11
1616973996565,32.83468326883529,-117.16649398289476,84.509774958929,32,50,10,11
1616973996677,32.834682903082836,-117.1665097377602,84.5032403253051,32,50,12,11
1616973996789,32.83468257590535,-117.16652550752339,84.49503235050705,32,50,12,11
1616973996889,32.8346822030034,-117.16654129943377,84.49551660067462,31,49,12,11
1616973997064,32.83468185939123,-117.16655703578897,84.48987574579225,31,49,12,11
1616973997203,32.834680778886494,-117.16660426850522,84.48351831003319,28,45,11,11
1616973997282,32.834680468799554,-117.1666199551276,84.47055213922918,28,45,10,11
1616973997446,32.83468015512982,-117.1666356230295,84.45747200424417,28,45,10,11
1616973997600,32.834679875828954,-117.16665132338643,84.45771867585317,28,44,10,11
1616973997752,32.834679622070524,-117.16666700036522,84.4465238686331,28,44,9,11
1616973997870,32.83467934634039,-117.16668267366288,84.43697236721054,28,45,9,11
1616973998081,32.83467837947284,-117.16674527164898,84.40791086324623,31,47,9,11
1616973998202,32.8346781785254,-117.16676095689338,84.4009851986641,31,47,9,11
1616973998301,32.834677983691414,-117.16677659040735,84.3900966425151,32,48,9,11
1616973998472,32.834677808045086,-117.16679220344741,84.37639044444826,32,48,8,11
1616973998617,32.83467766344758,-117.16680782306926,84.36764938908183,33,49,9,11
1616973998730,32.83467751943648,-117.16682347011616,84.36499497591166,33,49,9,11
1616973998846,32.83467737190981,-117.16683908929693,84.36196530495424,34,50,9,11
1616973998936,32.834677256734636,-117.16685477017255,84.35900549482815,34,50,11,11
1616973999078,32.83467702218935,-117.16690162380715,84.35329924172912,34,50,10,11
1616973999247,32.83467694449326,-117.16691721523848,84.34813966352712,34,51,10,11
1616973999326,32.83467689534004,-117.16693280865404,84.34375599035843,34,51,10,11
1616973999503,32.83467686302635,-117.16694846855515,84.34212226314142,34,51,10,11
1616973999651,32.83467684957259,-117.16696405522327,84.33619605841373,34,51,10,11
1616973999764,32.83467683606719,-117.16697965032827,84.3303728192574,33,50,9,11
1616973999975,32.834676839944,-117.16704193921247,84.30818009320296,32,49,10,11
1616974000098,32.83467683204888,-117.16705746487423,84.30395257428795,32,49,10,11
1616974000264,32.83467688184171,-117.16707300265209,84.30611009065194,32,49,9,11
1616974000376,32.83467690417087,-117.16708853692076,84.30770178591834,32,49,9,11
1616974000512,32.83467697614605,-117.167103997688,84.29374856653375,32,49,9,11
1616974000626,32.834676973597794,-117.16711941664141,84.27613384987131,33,50,9,11
1616974000769,32.8346770182755,-117.16713492599472,84.27016241020516,34,51,9,11
1616974000981,32.83467718073852,-117.16719631416773,84.2609434084733,34,51,12,11
1616974001091,32.834677157967384,-117.16721158862057,84.25398740314002,35,52,12,11
1616974001229,32.834677152403586,-117.16722695932569,84.24967916812098,36,53,12,11
1616974001406,32.834677122297144,-117.16724220665611,84.25285691174031,37,54,12,11
1616974001575,32.83467712146028,-117.1672573562362,84.2402722315889,38,55,12,11
1616974001746,32.834676925513605,-117.16731744188705,84.20507630886397,40,58,12,11
1616974001919,32.83467684969342,-117.16733225733115,84.20027554201964,41,58,12,11
1616974002032,32.834676743625835,-117.16734689859227,84.1874831772063,41,59,12,11
1616974002154,32.834676638215456,-117.16736145456922,84.17304709616978,41,59,12,11
1616974002268,32.834676487506165,-117.16737588038238,84.16201028345395,41,60,12,11
1616974002429,32.83467636533827,-117.16739027171565,84.1605824557436,41,60,12,11
1616974002562,32.83467617954236,-117.16740477543425,84.1615289085448,41,60,12,11
1616974002753,32.834675448452636,-117.16746104938247,84.13095758144054,39,59,11,11
1616974002925,32.83467520714271,-117.16747492411797,84.11911473119171,38,59,11,11
1616974003043,32.83467497920194,-117.16748872713556,84.11166799488801,38,59,11,11
1616974003158,32.834674735639766,-117.16750248660645,84.1025171441124,38,60,11,11
1616974003465,32.83467384325757,-117.16755653060122,84.08321963499299,34,56,11,11
1616974003609,32.834673606555484,-117.16756985618824,84.07709941747362,33,55,11,11
1616974003722,32.83467337500497,-117.16758303971152,84.06222394995595,32,54,11,11
1616974003819,32.8346731334827,-117.16759614001525,84.0405619837342,32,54,10,11
1616974003989,32.83467286191584,-117.16760914456599,84.01559151805219,32,54,10,11
1616974004101,32.83467261486999,-117.16762205240671,84.00338707775536,31,53,10,11
