1612317346896,32.87856890908424,-117.22219862003153,68.95207130807017,83,121,13,11
1612317347004,32.878563826853366,-117.22220229715545,68.95614077595431,84,122,13,11
1612317347095,32.87855858451403,-117.22220581772156,68.95875018187827,84,122,13,11
1612317347176,32.87855317473257,-117.2222091522243,68.95614589130551,84,122,13,11
1612317347294,32.878547606499055,-117.22221232068108,68.9535105437317,84,122,13,11
1612317347398,32.878541897551024,-117.22221531995453,68.95007918162659,84,122,13,11
1612317347501,32.87853604855024,-117.22221812699574,68.94805563424396,84,122,15,11
1612317347656,32.87853005892949,-117.22222072907734,68.94566023684402,84,122,15,11
1612317347791,32.87852394889286,-117.2222231241842,68.93577748368202,84,122,15,11
1612317347872,32.878517710860926,-117.22222530763773,68.92425669701957,85,122,15,11
1612317347943,32.87851135283792,-117.22222725593551,68.91136271595965,85,122,15,11
1612317348061,32.8785048756104,-117.22222898142098,68.90200908690036,85,122,15,11
1612317348153,32.87849828584703,-117.22223051143823,68.89387136130578,85,122,15,11
1612317348237,32.87849161650867,-117.22223185089403,68.88153395733482,85,122,15,11
1612317348363,32.87848485041096,-117.22223296925003,68.87143426560219,85,122,15,11
1612317348448,32.87847799824038,-117.22223388202563,68.86086997626644,85,122,15,11
1612317348557,32.878471057280485,-117.22223463596917,68.8451188906485,85,122,15,11
1612317348672,32.87846402859513,-117.22223522386888,68.83092375585797,86,122,15,11
1612317348807,32.878456910720246,-117.2222356879913,68.817732760037,86,122,15,11
1612317348900,32.878449700039845,-117.22223601199751,68.80579285330097,86,122,15,11
1612317348971,32.878442410595625,-117.22223620393174,68.79336668257655,86,122,14,11
1612317349085,32.87843503696049,-117.22223629088236,68.78220360756674,86,122,14,11
1612317349169,32.87842759139466,-117.22223624154333,68.76946213938518,86,122,14,11
1612317349252,32.8784200724405,-117.22223604366553,68.75537890654242,86,122,13,11
1612317349370,32.878412488175044,-117.22223572722034,68.73885960368834,86,122,13,11
1612317349456,32.87840483605549,-117.22223527975851,68.72181129367888,87,122,13,11
1612317349556,32.878397127958266,-117.2222347246351,68.70403055123829,87,122,13,11
1612317349697,32.8783893485766,-117.22223404780787,68.68671476837238,87,122,12,11
1612317349853,32.878381500086086,-117.22223325326453,68.67115359570411,87,122,12,11
1612317349932,32.878373601069974,-117.22223230468761,68.655750577807,87,122,12,11
1612317350023,32.87836564419916,-117.22223122724888,68.64241152058014,87,122,11,11
1612317350140,32.87835762943854,-117.22223008042803,68.62660291322396,87,122,11,11
1612317350220,32.87834953700719,-117.22222887586788,68.61370563767524,87,122,11,11
1612317350306,32.87834137954911,-117.22222761035762,68.6017092324725,87,123,11,11
1612317350409,32.87833315618983,-117.22222631697416,68.59108409131714,87,122,11,11
1612317350509,32.87832486719026,-117.22222500039528,68.57737493426328,87,122,11,11
1612317350614,32.87831651390865,-117.2222236886425,68.55943905208147,87,123,11,11
1612317350751,32.8783080868818,-117.22222236753792,68.54067282222469,87,123,11,11
1612317350858,32.878299591199145,-117.22222101448517,68.52273986483097,87,123,12,11
1612317350956,32.87829102358562,-117.22221966806951,68.50414252522728,87,123,12,11
1612317351031,32.878282386827756,-117.22221831597396,68.48412873049088,87,123,12,11
1612317351152,32.87827368268674,-117.22221696074419,68.46436022799413,86,123,12,11
1612317351233,32.87826489954756,-117.22221562053691,68.44680010967357,86,123,12,11
1612317351313,32.878256042216215,-117.22221429502865,68.42981022875522,86,123,12,11
1612317351419,32.87824711394501,-117.22221296678484,68.41458274559834,86,123,12,11
1612317351514,32.878238127946354,-117.22221164951273,68.39792496704956,86,123,12,11
1612317351630,32.87821071498443,-117.22220787386058,68.35320461529342,86,123,12,11
1612317351728,32.878201449668225,-117.22220665395838,68.34182800191238,86,123,12,11
1612317351819,32.878192135656676,-117.22220547656681,68.32843541199237,86,123,11,11
1612317351936,32.87818278041988,-117.22220434519974,68.31478407310445,86,123,11,11
1612317352023,32.878173396221335,-117.22220325790502,68.29893856879409,86,123,11,11
1612317352123,32.87816400190373,-117.22220220671329,68.28134450600942,85,123,11,11
1612317352229,32.87815458762376,-117.22220123591714,68.26207368294575,85,123,11,11
1612317352334,32.87814517326621,-117.22220031360897,68.24126237192364,85,123,11,11
1612317352438,32.87813576511785,-117.2221994566867,68.22166859275546,85,123,11,11
1612317352578,32.87812637593755,-117.22219865708097,68.20350408509056,85,123,11,11
1612317352671,32.87811699931906,-117.2221979501259,68.18402669751111,84,123,11,11
1612317352770,32.878107708923075,-117.22219731075859,68.1646281866766,84,123,11,11
1612317352841,32.87809849938626,-117.22219672427443,68.14557859427386,84,123,11,11
1612317352957,32.87808940144606,-117.22219617518924,68.12818872173365,84,123,11,11
1612317353037,32.87808042529624,-117.22219566996648,68.10833132318884,84,123,11,11
1612317353127,32.878071572678344,-117.22219521212897,68.08738687009773,84,123,11,11
1612317353244,32.87806282997392,-117.22219477068802,68.06156606073093,83,123,11,11
1612317353331,32.878054197006065,-117.22219433780383,68.03419807319617,83,123,11,11
1612317353446,32.878045632779646,-117.22219395045488,68.00591301866683,83,123,11,11
1612317353610,32.87803711017514,-117.22219360814597,67.9797012009838,83,123,11,11
1612317353759,32.878028616103215,-117.22219327165188,67.95086529256282,83,123,11,11
1612317353842,32.87802014205043,-117.22219297011559,67.91986207800855,83,123,11,11
1612317353916,32.87801164233427,-117.22219272165603,67.8855037365923,83,122,11,11
1612317354028,32.878003179327735,-117.22219251302714,67.84917461431512,83,122,11,11
1612317354111,32.87799471258256,-117.22219234197797,67.8130403219362,83,122,11,11
1612317354197,32.87798626715302,-117.22219220407506,67.77434592501194,83,122,11,11
1612317354320,32.87797781252908,-117.22219211361568,67.73621019421819,83,122,11,11
1612317354397,32.8779693807877,-117.22219207517365,67.69462561074134,83,122,11,11
1612317354501,32.8779609089128,-117.22219206875397,67.65431804945658,82,122,11,11
1612317354596,32.87795247616995,-117.22219208718133,67.61304824518123,82,122,11,11
1612317354776,32.877944058663005,-117.22219215769205,67.57032017467462,83,122,11,11
1612317354855,32.87793565375191,-117.22219226943807,67.5277913079861,83,122,11,11
1612317354927,32.87792729946814,-117.22219242706771,67.48317143022818,83,122,11,11
1612317355044,32.87791899061668,-117.22219262345362,67.44010963560422,83,122,11,11
1612317355127,32.87791072129999,-117.22219286374639,67.39831857292145,82,122,11,11
1612317355208,32.87790260676828,-117.22219314020568,67.35445250441208,83,122,11,11
1612317355313,32.87789460563334,-117.22219345794676,67.30938399057574,83,122,11,11
1612317355410,32.877886707627745,-117.22219380690828,67.2645160107526,83,122,11,11
1612317355512,32.877878915987694,-117.22219420384003,67.22330994061905,83,122,11,11
1612317355653,32.87787126077016,-117.22219462664263,67.1809660552496,83,122,11,11
1612317355803,32.877863698590076,-117.22219506296662,67.13700694863871,83,122,11,11
1612317355901,32.87785632069509,-117.22219552208853,67.09419396880612,83,122,11,11
1612317355975,32.87784908864675,-117.22219601563235,67.05308592236472,83,122,11,11
1612317356095,32.87784199784619,-117.22219651320516,67.01365066924595,83,122,11,11
1612317356178,32.877835066352986,-117.22219702577281,66.9737193530589,83,122,11,11
1612317356260,32.87782830462395,-117.22219755840021,66.93478311986877,83,122,11,11
1612317356369,32.87782168876242,-117.22219810007088,66.89613084733078,83,122,12,11
1612317356462,32.877815329627055,-117.2221986394169,66.8574407477461,84,122,12,11
1612317356582,32.87780919460073,-117.22219915727977,66.82033705468196,84,122,12,11
1612317356670,32.877803315556356,-117.22219967975406,66.78297730312165,84,122,12,11
1612317356841,32.877797706052945,-117.22220019872046,66.74490562858503,85,122,12,11
1612317356924,32.87779236195676,-117.22220071136142,66.70614891664015,85,122,12,11
1612317356995,32.87778728060426,-117.22220121093,66.66813507389652,85,122,12,11
