1612483785248,32.81590690191162,-117.22340773520058,-14.62404508753457,80,120,15,11
1612483785334,32.81590024752056,-117.22340181684336,-14.631082238661486,80,120,15,11
1612483785478,32.81589359354013,-117.22339589436785,-14.63874329906098,79,120,15,11
1612483785580,32.8158869401704,-117.22338998314535,-14.647044713745832,79,120,15,11
1612483785730,32.815880275910445,-117.22338405975592,-14.652988758923332,79,120,15,11
1612483785847,32.81587362917672,-117.22337814009255,-14.661385467049737,79,120,15,11
1612483785939,32.81586696059514,-117.22337220275269,-14.6676829959524,79,120,15,11
1612483786021,32.815860296577036,-117.22336625348846,-14.673809275559732,79,120,15,11
1612483786127,32.81585362193349,-117.22336030117307,-14.678031510930586,79,120,15,11
1612483786215,32.8158469433576,-117.2233543433367,-14.684403927161322,78,120,15,11
1612483786310,32.815840254612624,-117.2233483596853,-14.68820387275896,78,120,15,11
1612483786391,32.81583356025586,-117.22334238880242,-14.69356543261028,78,120,15,11
1612483786462,32.81582686167747,-117.22333640179586,-14.699014580417156,78,120,15,11
1612483786642,32.81582015280887,-117.22333040969808,-14.7021902635551,78,120,15,11
1612483786724,32.815813454528005,-117.22332440460991,-14.706257151584428,78,120,15,11
1612483786856,32.81580672988414,-117.22331840526269,-14.711522064901141,78,120,15,11
1612483786947,32.81580001541401,-117.22331240702495,-14.716129325270122,78,120,15,11
1612483787029,32.81579329540652,-117.22330638786981,-14.720132427062158,78,120,15,11
1612483787139,32.81578656864047,-117.2233003811743,-14.724091860200124,78,120,15,11
1612483787218,32.815779849017545,-117.22329437010556,-14.731580379477196,78,120,15,11
1612483787303,32.81577311913024,-117.22328836709553,-14.739643911296906,78,120,15,11
1612483787382,32.81576640933359,-117.22328234620926,-14.750251611189531,78,120,15,11
1612483787531,32.81575968652638,-117.22327631672296,-14.758191405946215,78,120,15,11
1612483787638,32.81575296413665,-117.22327029118664,-14.767469402656062,78,120,15,11
1612483787836,32.81572607016514,-117.22324614700113,-14.809686934514692,78,120,15,11
1612483787949,32.81571934387121,-117.22324009768343,-14.81860757054663,78,120,15,11
1612483788052,32.81571260425299,-117.22323404870225,-14.826718429675585,78,120,15,11
1612483788144,32.81570586825185,-117.22322799780478,-14.834935580259186,78,120,15,11
1612483788288,32.81569913133594,-117.2232219435505,-14.843419419947812,78,120,15,11
1612483788369,32.815692380866736,-117.22321588218763,-14.852435730979304,78,120,15,11
1612483788473,32.81568563185565,-117.22320980013461,-14.859581450514431,78,120,15,11
1612483788553,32.81567887019161,-117.22320372863587,-14.86620263701182,78,120,15,11
1612483788699,32.81567210229757,-117.22319765569225,-14.874513800822543,78,120,15,11
1612483788778,32.81566531657887,-117.22319157423274,-14.884415375201103,78,120,15,11
1612483788862,32.81565853284706,-117.2231854741241,-14.895306679619324,78,120,15,11
1612483789046,32.81565172529523,-117.22317936887494,-14.904238935712854,78,120,15,11
1612483789133,32.815644905462115,-117.22317323960664,-14.916045519257139,78,120,15,11
1612483789222,32.81563807247552,-117.22316711852514,-14.92885307643926,78,120,15,11
1612483789370,32.81563124173639,-117.2231609989641,-14.941559286109674,78,120,15,11
1612483789451,32.81562442535833,-117.2231548688925,-14.95466581644022,78,120,15,11
1612483789563,32.815617627348985,-117.22314878172364,-14.967568813486308,78,120,15,11
1612483789702,32.815610872652115,-117.22314271940961,-14.98090947935676,78,120,15,11
1612483789835,32.815604160749686,-117.22313671006896,-14.99697122275327,78,120,15,11
1612483789926,32.81559750394673,-117.22313075398036,-15.014306908929662,78,120,15,11
1612483790008,32.81559091354484,-117.22312486763997,-15.030261700644013,78,120,15,11
1612483790112,32.81558436473672,-117.2231190425359,-15.045992790893727,78,120,15,11
1612483790197,32.81557790084815,-117.2231132754122,-15.060930536906074,78,120,15,11
1612483790290,32.81557149761486,-117.22310758536375,-15.074835591698879,78,120,15,11
1612483790438,32.81556517569292,-117.22310196606212,-15.09063800550304,78,120,15,11
1612483790517,32.81555893652779,-117.22309641765631,-15.105022626977318,78,120,15,11
1612483790623,32.81555276580204,-117.22309096626586,-15.120460379914066,78,120,15,11
1612483790707,32.81554668576174,-117.22308557169015,-15.135376923732824,78,120,15,11
1612483790844,32.81554069171176,-117.22308026813629,-15.15190517786471,78,120,15,11
1612483790946,32.81553479152801,-117.22307503440223,-15.16812848192707,78,120,15,11
1612483791030,32.815528983600494,-117.2230699021431,-15.184537686645161,78,120,15,11
1612483791135,32.81552327229188,-117.22306484620361,-15.19883403288992,78,120,15,11
1612483791216,32.815517646969084,-117.22305988802295,-15.213138638988475,78,120,15,11
1612483791288,32.81551211201581,-117.2230550227416,-15.2289322221049,78,120,15,11
1612483791448,32.81550667292138,-117.22305020166277,-15.244351370247626,78,120,15,11
1612483791544,32.81550129222858,-117.22304547113364,-15.25869052110985,78,120,15,11
1612483791646,32.81549594218241,-117.22304077668186,-15.27183134426526,78,120,15,11
1612483791786,32.81549062176554,-117.22303609598316,-15.28593578539258,78,120,15,11
1612483791915,32.815485301917256,-117.22303141008206,-15.297881065684923,78,120,13,11
1612483792005,32.81547996012474,-117.2230267226196,-15.311694054677838,78,120,13,11
1612483792085,32.81547461731926,-117.22302203217573,-15.32478801234851,78,120,13,11
1612483792190,32.81546927251679,-117.22301730764318,-15.33942811009056,78,120,13,11
1612483792287,32.8154638586836,-117.22301255586297,-15.353341588360516,78,120,13,11
1612483792368,32.81545842769641,-117.22300779493149,-15.365661646884679,78,120,13,11
1612483792449,32.81545292365434,-117.22300296566581,-15.37918468694927,78,120,13,11
1612483792537,32.81544735838047,-117.22299807867502,-15.392118692462507,78,120,14,11
1612483792712,32.81544173454009,-117.22299313571723,-15.404108253901777,78,120,15,11
1612483792793,32.81543605156253,-117.22298810657657,-15.416423796108015,78,120,15,11
1612483792936,32.81543028236685,-117.22298306368214,-15.431957882130561,78,120,15,11
1612483793017,32.81542445084248,-117.2229779309754,-15.445391809607038,78,120,15,11
1612483793096,32.81541856101497,-117.22297274785625,-15.45845504928267,78,120,15,11
1612483793203,32.815412614035786,-117.22296749553712,-15.471573806728262,78,120,15,11
1612483793286,32.81540659178785,-117.22296220361856,-15.485406011586623,78,120,15,11
1612483793382,32.81540053003366,-117.22295683639788,-15.498641840013756,78,120,15,11
1612483793463,32.81539440397757,-117.22295140898585,-15.51225689767307,78,120,15,11
1612483793662,32.815369441989056,-117.22292923571288,-15.564962675437652,78,120,15,11
1612483793754,32.8153630975864,-117.22292358947578,-15.578246023694655,78,120,15,11
1612483793842,32.81535671752454,-117.22291791111023,-15.590793559262305,78,120,15,11
1612483793954,32.8153503485793,-117.22291220166294,-15.60308810853843,78,120,15,11
1612483794040,32.815343961539725,-117.22290649727196,-15.61367947543277,78,120,15,11
1612483794131,32.81533759947859,-117.22290082374514,-15.625262532053256,78,120,15,11
1612483794248,32.815331263394434,-117.22289518939579,-15.638598896156761,78,120,15,11
1612483794414,32.81532497313911,-117.22288957952078,-15.651348817294188,78,120,15,11
1612483794516,32.81531873223087,-117.22288402139044,-15.66237237110254,78,120,15,11
1612483794586,32.81531256161829,-117.2228785170327,-15.673474708982955,78,120,15,11
1612483794729,32.815306460513774,-117.2228730693668,-15.68285716200718,78,120,15,11
1612483794821,32.8153004150266,-117.22286769603411,-15.692664469063223,78,120,14,11
1612483794903,32.81529443249762,-117.22286238465797,-15.70465636614555,78,120,13,11
1612483795053,32.81528849752742,-117.22285710634283,-15.716309762156605,77,120,13,11
1612483795137,32.81528258607157,-117.22285185697108,-15.727475161589972,77,120,13,11
1612483795216,32.815276689483376,-117.22284664425901,-15.738471605573345,77,120,13,11
1612483795299,32.81527080642344,-117.22284145690566,-15.749051304387661,77,120,13,11
