1610061359864,32.87195595689625,-117.23051695949576,50.96639398696568,97,128,15,11
1610061360013,32.8719531655812,-117.23053172694259,50.91170893349241,96,128,15,11
1610061360094,32.8719503997962,-117.23054651119952,50.852989618017965,95,127,15,11
1610061360196,32.87194763279924,-117.23056145172555,50.79337032249579,95,127,15,11
1610061360360,32.87194490674961,-117.23057633373237,50.73608326343137,94,127,15,11
1610061360441,32.87194218046171,-117.23059129408608,50.67976022306213,94,127,15,11
1610061360564,32.87193946426622,-117.2306063217899,50.62089342515122,93,127,15,11
1610061360668,32.8719367578168,-117.23062142968449,50.56155641262119,92,127,15,11
1610061360755,32.8719340585488,-117.23063663864579,50.50145534100159,92,127,15,11
1610061360861,32.87193135604662,-117.2306520274364,50.43557872453186,91,127,15,11
1610061360942,32.87192867601605,-117.23066732077227,50.36359286256671,91,126,15,11
1610061361095,32.87192602082792,-117.2306826978133,50.29489814501388,90,126,15,11
1610061361176,32.87192339355146,-117.23069814008846,50.2298858211356,90,126,15,11
1610061361257,32.87192083957553,-117.23071363905169,50.16511171460989,90,126,15,11
1610061361367,32.87191835012037,-117.23072919231002,50.10048804654981,89,126,15,11
1610061361448,32.8719159391083,-117.23074490446253,50.03572454195229,89,126,15,11
1610061361584,32.87191362492597,-117.23076053589497,49.97676546953518,88,126,15,11
1610061361691,32.87191139032064,-117.2307761948687,49.925987429581006,88,126,15,11
1610061361773,32.87190923588592,-117.23079183043772,49.874861582359685,88,126,15,11
1610061361879,32.871907170628376,-117.23080746713752,49.8257554900779,87,126,15,11
1610061361958,32.87190515355487,-117.23082302149079,49.77332084258878,87,125,15,11
1610061362042,32.8719031926234,-117.23083857697233,49.71388070672527,87,125,15,11
1610061362202,32.87190132530457,-117.23085390506989,49.6592587275514,86,125,15,11
1610061362291,32.871899526093884,-117.23086915175801,49.61410127135026,86,125,15,11
1610061362454,32.871897811931504,-117.23088426599236,49.56596923637224,86,125,15,11
1610061362533,32.8718961518335,-117.23089928569777,49.51574967763584,86,125,15,11
1610061362654,32.871894554462905,-117.23091422885611,49.46551741063702,85,125,15,11
1610061362753,32.87189300446764,-117.23092922636569,49.414327473407326,85,125,15,11
1610061362846,32.87189154112703,-117.2309440799964,49.36300394780418,85,125,15,11
1610061362938,32.87189015028796,-117.23095891280269,49.30899449973944,85,125,15,11
1610061363035,32.87188881891244,-117.23097375299041,49.25310453702908,85,125,15,11
1610061363114,32.87188753626348,-117.23098860629582,49.1955996259274,85,125,15,11
1610061363262,32.87188630326261,-117.23100348083855,49.137728991855425,84,124,15,11
1610061363343,32.87188512617686,-117.23101850782135,49.07802622266181,84,124,15,11
1610061363448,32.871884020350386,-117.2310334615092,49.0226183412088,84,124,15,11
1610061363527,32.87188292486772,-117.23104846478037,48.967146897293844,84,124,15,11
1610061363666,32.87188181811566,-117.23106346820965,48.90482966614688,84,124,15,11
1610061363770,32.87188071883441,-117.2310785018194,48.840624591278676,84,124,15,11
1610061363882,32.87187632751233,-117.23113932135567,48.64710895819237,83,124,15,11
1610061363991,32.87187523227766,-117.23115464300098,48.611695214538045,83,124,15,11
1610061364093,32.87187416737668,-117.23116997155778,48.56756785426924,83,124,15,11
1610061364268,32.87187304051188,-117.23118531771524,48.51751044837916,83,124,15,11
1610061364349,32.871871908090014,-117.2312008508457,48.472584514534354,83,124,15,11
1610061364486,32.871870777514616,-117.23121632827763,48.43347948270617,83,124,15,11
1610061364581,32.87186965267795,-117.23123183212272,48.39163115581493,82,124,15,11
1610061364662,32.87186851381637,-117.23124732911289,48.34133209037631,82,124,15,11
1610061364763,32.871867365329926,-117.2312628566932,48.28855898423095,82,124,15,11
1610061364847,32.87186619296298,-117.23127841313291,48.24013714101575,82,123,15,11
1610061364918,32.87186499447281,-117.23129410225788,48.19364357563653,82,123,15,11
1610061365082,32.87186380968767,-117.2313096817913,48.147763392910285,82,123,15,11
1610061365164,32.87186260663431,-117.23132528823905,48.10380741684365,82,123,15,11
1610061365282,32.87186141746481,-117.23134090451751,48.05625861483204,82,123,15,11
1610061365370,32.8718602295622,-117.23135650743704,48.00383612397825,82,123,15,11
1610061365519,32.87185905642189,-117.23137210967774,47.947980639799376,82,123,15,11
1610061365607,32.871857861589476,-117.2313878485817,47.89505038584027,82,123,15,11
1610061365698,32.87185666208953,-117.23140344944005,47.84482032375718,82,123,15,11
1610061365804,32.8718554717601,-117.23141904755809,47.797404804069075,82,123,15,11
1610061365899,32.871854259397956,-117.23143465938024,47.755093967563575,82,123,15,11
1610061365984,32.87185304841822,-117.23145027378459,47.71283479594293,82,123,15,11
1610061366128,32.87185183777144,-117.23146586293642,47.666542943913136,81,123,15,11
1610061366209,32.87185062165034,-117.2314815761411,47.619571763364824,81,123,15,11
1610061366373,32.87184940599537,-117.23149714781661,47.57561898912363,81,123,15,11
1610061366452,32.87184821059994,-117.23151272864122,47.53017701805574,81,123,15,11
1610061366595,32.87184702088852,-117.23152831249799,47.488815346270535,81,123,15,11
1610061366679,32.871845847222495,-117.23154390292049,47.44862807098882,81,123,15,11
1610061366784,32.87184468521485,-117.23155947707714,47.405034350657814,81,123,15,11
1610061366877,32.87184352987235,-117.23157516350568,47.35683965305529,81,123,15,11
1610061366972,32.87184239052591,-117.23159072149431,47.310070429587896,81,123,15,11
1610061367121,32.871841284319856,-117.23160627039732,47.262500230955695,81,123,15,11
1610061367192,32.87184019661952,-117.23162181159559,47.217422950584854,81,123,15,11
1610061367282,32.871839148450256,-117.23163733928703,47.17288771781269,81,123,15,11
1610061367386,32.87183813508184,-117.23165282121231,47.12745205315894,80,122,15,11
1610061367467,32.87183715151478,-117.23166842362002,47.08385231699584,80,122,15,11
1610061367593,32.87183623283154,-117.23168387186828,47.0445743120946,80,122,15,11
1610061367685,32.87183534282471,-117.2316992988647,47.00400602554562,80,122,15,11
1610061367773,32.871834496714975,-117.23171467870904,46.9586331453165,80,122,15,11
1610061367874,32.87183371776703,-117.23173002617048,46.9082385787285,80,122,15,11
1610061367970,32.871832958181734,-117.23174531794317,46.855195737038386,80,122,15,11
1610061368114,32.87183226388689,-117.23176070983952,46.79997797090187,80,122,15,11
1610061368291,32.87182994836636,-117.23182141965296,46.59844233609742,80,122,15,11
1610061368420,32.87182947400913,-117.23183651972532,46.55023191665975,80,122,15,11
1610061368512,32.871829038512544,-117.23185173500883,46.50126697926323,80,122,15,11
1610061368594,32.87182862907507,-117.23186682683219,46.455631197463696,80,122,15,11
1610061368697,32.871828245046835,-117.23188190260007,46.411860925153306,80,122,15,11
1610061368791,32.87182787481233,-117.23189696181821,46.3678660069164,80,122,15,11
1610061368946,32.871827545112616,-117.23191201387505,46.32312232913622,80,122,15,11
1610061369030,32.87182725184312,-117.23192708669212,46.27989380439033,79,122,15,11
1610061369110,32.87182699086686,-117.23194230352993,46.23876925733814,79,122,15,11
1610061369213,32.87182675534978,-117.23195735702957,46.19636777272225,79,122,15,11
1610061369296,32.871826521849975,-117.23197239821997,46.15080685362216,79,122,15,11
1610061369441,32.87182632250968,-117.23198744132733,46.108336436820316,79,122,15,11
1610061369523,32.87182612498809,-117.23200250343228,46.07372288025351,79,122,15,11
1610061369607,32.87182591502516,-117.2320175465253,46.0383759877919,79,122,15,11
1610061369710,32.87182573152472,-117.23203270878244,46.00066950724277,79,122,15,11
1610061369813,32.87182553968625,-117.23204775322365,45.966511205038344,79,122,15,11
1610061369901,32.87182537260129,-117.23206281144199,45.93139726118844,79,122,15,11
