1616534515381,32.86776372354739,-117.25112166816682,19.398085053929968,61,92,13,11
1616534515497,32.867763287411755,-117.25111706161508,19.45206712853836,61,92,13,11
1616534515611,32.867762773991984,-117.25111232128697,19.50055054467511,62,92,12,11
1616534515777,32.867759916007984,-117.25109742903501,19.625452813776718,59,89,11,11
1616534515890,32.867758500697335,-117.25109242696837,19.67896047009688,59,89,11,11
1616534515987,32.867756910879834,-117.25108732550235,19.736854418215643,57,88,11,11
1616534516138,32.867755096434635,-117.25108221078787,19.790611801074085,55,85,11,11
1616534516255,32.8677529741454,-117.25107725864581,19.852097097076665,54,85,11,11
1616534516388,32.86775052338723,-117.25107243637834,19.912693634854957,54,84,11,11
1616534516503,32.86774781231828,-117.25106769841747,19.97211183430103,53,83,12,11
1616534516786,32.867734299483764,-117.25105011310802,20.176518694753966,54,83,12,11
1616534516981,32.867730250120985,-117.25104606586969,20.22481621076932,55,83,12,11
1616534517071,32.86772595146798,-117.2510420964214,20.272774733837256,53,82,11,11
1616534517222,32.86772135089902,-117.25103832219614,20.32454288636573,52,81,11,11
1616534517341,32.86771652143019,-117.25103465837151,20.36432510828749,52,80,11,11
1616534517475,32.867711472329674,-117.25103105073251,20.398105312584452,50,78,11,11
1616534517587,32.867706162002015,-117.25102760172996,20.440659687271516,48,76,11,11
1616534517798,32.86768275976212,-117.25101469061819,20.588039749249567,44,70,11,11
1616534517879,32.86767638400169,-117.25101155881688,20.633591792492997,43,69,11,11
1616534518067,32.86766980852138,-117.25100843076692,20.686892342734748,44,69,11,11
1616534518212,32.86766307122925,-117.25100526316005,20.736478951112876,44,69,11,11
1616534518326,32.86765615792932,-117.25100204547975,20.78411610409135,44,69,11,11
1616534518554,32.86762689429198,-117.25098824639107,21.028492820554217,47,70,13,11
1616534518719,32.86761918938488,-117.25098456644015,21.095724578394094,47,70,13,11
1616534518888,32.867611377325275,-117.25098078210652,21.1648530448933,49,71,13,11
1616534519002,32.86760338785868,-117.25097687254802,21.22813312571844,49,70,12,11
1616534519147,32.86759523050643,-117.25097282897363,21.3082805586033,49,70,12,11
1616534519388,32.867561672140184,-117.25095499859613,21.635838828436498,45,67,12,11
1616534519519,32.867553015818274,-117.25095018068741,21.755622746923333,46,68,12,11
1616534519605,32.867544330539445,-117.2509451219312,21.877500278901746,47,68,12,11
1616534519771,32.86753560635331,-117.2509398693643,21.991905277626998,49,69,14,11
1616534519944,32.86752684512344,-117.25093445140632,22.104969328908588,50,70,12,11
1616534520078,32.86750043254532,-117.25091704000931,22.471610970689408,53,72,11,11
1616534520193,32.867491545529035,-117.25091094755668,22.607957802762222,54,73,10,11
1616534520330,32.86748268970795,-117.25090468528877,22.716026667998214,54,73,9,11
1616534520445,32.86747383918057,-117.25089828759043,22.81169682008689,54,73,9,11
1616534520637,32.867464946113714,-117.25089179042628,22.92256782611209,54,74,10,11
1616534520714,32.8674560425906,-117.25088514892116,23.060761062967735,54,74,12,11
1616534520885,32.8674292452774,-117.25086462080986,23.494704605835583,56,76,11,11
1616534521031,32.86742021983386,-117.25085759839865,23.64903182183327,58,77,11,11
1616534521178,32.86741115383337,-117.25085045965542,23.79400834852725,59,78,10,11
1616534521295,32.86740206338807,-117.2508431450832,23.94756785261763,60,79,11,11
1616534521431,32.86739291621715,-117.25083573132817,24.097437172258353,61,80,11,11
1616534521544,32.86738374303974,-117.25082817680658,24.247138225632796,62,81,11,11
1616534521776,32.86734676448892,-117.25079631357414,24.83475250650625,63,82,10,11
1616534521945,32.867337498661385,-117.25078789985862,24.99049791236138,63,83,11,11
1616534522120,32.86732822238499,-117.25077933161248,25.14441084561839,63,83,11,11
1616534522234,32.86731894119847,-117.25077061364006,25.28208921163335,63,84,11,11
1616534522347,32.867309660617494,-117.25076173226121,25.41814179977274,64,84,11,11
1616534522597,32.86727218183408,-117.25072475491412,26.02509040419885,60,83,11,11
1616534522751,32.86726280162272,-117.25071511288724,26.173108749464824,58,82,11,11
1616534522887,32.86725341632203,-117.25070532732431,26.325907046139083,56,81,11,11
1616534523051,32.867244032916545,-117.25069536638988,26.483179711763444,55,80,11,11
1616534523145,32.86723469325472,-117.25068519782234,26.64751149856667,55,80,14,11
1616534523383,32.867197803599446,-117.25064287198688,27.301322483924785,54,80,14,11
1616534523499,32.86718867515578,-117.25063196628633,27.467530547369698,52,78,14,11
1616534523595,32.86717963908359,-117.25062086441122,27.63829015210837,51,78,14,11
1616534523790,32.86717062065405,-117.250609642501,27.807130549799037,50,76,14,11
1616534523977,32.86716171099719,-117.2505982415362,27.97290442151504,49,76,14,11
1616534524091,32.86715279488885,-117.25058680066407,28.129378208508413,47,74,14,11
1616534524287,32.86711776732263,-117.2505395707146,28.82068869331478,40,65,14,11
1616534524399,32.86710918533013,-117.250527378553,29.004071828791822,39,65,14,11
1616534524588,32.867100619122,-117.25051509480797,29.188299171597567,38,63,14,11
1616534524667,32.867092115520656,-117.25050264591947,29.38308326814048,38,62,14,11
1616534524867,32.867083673013774,-117.25049009920757,29.567865929002284,38,62,14,11
1616534525065,32.86707526341482,-117.25047753972709,29.7343968402981,38,61,14,11
1616534525197,32.86704190409305,-117.25042691535174,30.47677515773643,38,60,14,11
1616534525331,32.86703376760691,-117.25041409783785,30.64792751046925,38,60,14,11
1616534525443,32.86702567346866,-117.25040133759099,30.799727374905565,38,60,14,11
1616534525559,32.86701754501937,-117.25038861030511,30.971164700074002,38,60,14,11
