1631836811023,32.82349140014886,-116.96148399484291,90.2713102158591,40,82,15,11
1631836811158,32.823466069667916,-116.96147653010314,90.22975928724948,41,83,15,11
1631836811295,32.823440842741306,-116.96146911901484,90.18562729009794,42,83,15,11
1631836811405,32.82341571914686,-116.96146176415249,90.13733218234204,42,84,15,11
1631836811617,32.82331631339944,-116.96143294885843,89.96966007577647,41,82,15,11
1631836811703,32.82329173358105,-116.96142585841305,89.93923996628644,40,81,15,11
1631836811871,32.82326723738976,-116.9614188049863,89.91228615555671,39,80,15,11
1631836812017,32.823242845998855,-116.96141174622679,89.88451058170956,38,78,15,11
1631836812150,32.82321853122481,-116.96140466554094,89.85063315549164,37,77,15,11
1631836812268,32.82319426947908,-116.961397561483,89.81991996160771,37,76,15,11
1631836812506,32.82309737970036,-116.96136882711153,89.7044481990625,35,73,15,11
1631836812617,32.8230730977496,-116.96136159085209,89.68277979187785,35,73,15,11
1631836812708,32.823048785455114,-116.96135440572228,89.6611181725743,35,74,15,11
1631836813012,32.822975315210975,-116.9613329363538,89.61338243576282,35,74,15,11
1631836813130,32.822950642407825,-116.96132581034774,89.59564436551264,35,74,15,11
1631836813244,32.82292583774438,-116.96131868242719,89.58150497749548,35,74,15,11
1631836813358,32.822900959230445,-116.9613115751052,89.56806102124703,35,74,15,11
1631836813470,32.82287594062208,-116.96130450711618,89.56153159142681,35,74,15,11
1631836813604,32.82285079781531,-116.96129747699325,89.55449921122322,35,74,15,11
1631836813717,32.82282554898215,-116.96129049478898,89.54284986922832,36,74,15,11
1631836813810,32.82280015622987,-116.9612835791389,89.53912123915292,36,74,15,11
1631836814002,32.822723227403586,-116.96126331140262,89.51468614143593,38,75,15,11
1631836814122,32.82269735017176,-116.9612566985759,89.50486450736322,38,76,15,11
1631836814236,32.82267137754348,-116.961250146019,89.49756077714441,39,76,15,11
1631836814350,32.822645314467096,-116.96124367488595,89.49377351376287,39,77,15,11
1631836814491,32.822619178356945,-116.96123730731978,89.48754174134692,40,77,15,11
1631836814608,32.82259297767795,-116.96123100563369,89.4816843847843,40,77,15,11
1631836814773,32.82256672979144,-116.96122475722876,89.47342939668088,40,77,15,11
1631836814903,32.82248764637712,-116.96120651544669,89.44796759492871,38,76,15,11
1631836815038,32.82246124800551,-116.9612005783993,89.43947148280263,38,76,15,11
1631836815160,32.82243483311651,-116.96119470012432,89.42769488806059,38,76,15,11
1631836815277,32.8224083588009,-116.96118888155608,89.41523358818091,38,76,15,11
1631836815391,32.82238188379662,-116.96118312872565,89.39827991112347,38,76,15,11
1631836815504,32.82235537377306,-116.96117742353118,89.38262449356856,38,77,15,11
1631836815697,32.82232873583616,-116.96117171838797,89.36791171617863,38,77,15,11
1631836815895,32.82222261592807,-116.96114946953385,89.3156149434083,36,75,15,11
1631836816029,32.82219609937541,-116.96114395203797,89.30317964033944,36,75,15,11
1631836816153,32.82216944897731,-116.96113843741334,89.28901399869173,36,76,15,11
1631836816264,32.82214295860655,-116.96113294792751,89.27913311742702,36,76,15,11
1631836816379,32.82211649194318,-116.96112749733162,89.27435485445416,36,76,15,11
1631836816512,32.82209009021465,-116.96112208091101,89.2685263620139,36,76,15,11
1631836816650,32.82206374486823,-116.96111665032782,89.26557087986728,36,76,15,11
1631836816906,32.82195931962095,-116.96109581524111,89.18312073629203,35,74,15,11
1631836817041,32.82193350032105,-116.96109076792804,89.17725992588251,34,74,15,11
1631836817244,32.82190778369959,-116.96108589255884,89.16636685664172,34,74,15,11
1631836817371,32.82188218691137,-116.9610811540764,89.14527784502087,34,73,15,11
1631836817597,32.82178083133713,-116.96106308613932,89.11174614297992,35,73,15,11
1631836817719,32.821755756566816,-116.96105881840688,89.09783537643712,35,73,15,11
1631836817884,32.8217307909844,-116.961054684649,89.07838083851026,36,73,15,11
1631836818002,32.82170591194354,-116.96105070209471,89.05773686122409,36,74,15,11
1631836818139,32.82168109929675,-116.96104684174753,89.03825987964228,36,74,15,11
1631836818263,32.82165638777451,-116.96104309265114,89.00787138609053,37,74,15,11
1631836818376,32.82163176270198,-116.96103950148422,88.97472544979405,37,74,15,11
1631836818488,32.82160716493256,-116.96103609434996,88.95350118011105,36,73,15,11
1631836818600,32.82158262363357,-116.96103282439101,88.93096407587699,35,72,15,11
1631836818906,32.82148493056437,-116.96102135811735,88.79903987017353,35,70,15,11
1631836819016,32.82146060002913,-116.9610189461171,88.76114404452309,35,70,15,11
1631836819157,32.821436307569485,-116.96101671492627,88.72644483380911,35,69,15,11
1631836819270,32.82141207897388,-116.96101466499167,88.69224424031016,34,68,15,11
1631836819385,32.82138794299913,-116.96101276677139,88.65385415797198,34,68,15,11
1631836819502,32.821363904179584,-116.96101101643775,88.6208633879303,34,68,15,11
1631836819751,32.82126876452348,-116.96100556728628,88.47180753099269,38,70,15,11
1631836819883,32.82124525457177,-116.96100460510915,88.4378942928251,39,71,15,11
1631836820034,32.82122183859515,-116.9610037887409,88.40959743019671,40,72,15,11
1631836820169,32.82119853625031,-116.96100307606136,88.37935111055033,41,72,15,11
1631836820280,32.82117534613661,-116.96100245818528,88.34277611646073,42,73,15,11
1631836820396,32.82115228205045,-116.96100191567815,88.29879868677047,43,74,15,11
1631836820517,32.82112933747533,-116.96100144017896,88.2575605468376,44,74,15,11
1631836820628,32.821106471625406,-116.96100101544596,88.22354628759584,44,75,15,11
1631836820761,32.82108371801833,-116.96100067248491,88.19042893702522,44,75,15,11
1631836820910,32.821016213764224,-116.96100006441505,88.05563753429462,44,76,15,11
1631836821026,32.82099393555961,-116.96100003799904,88.01234188779056,44,76,15,11
1631836821161,32.820971782565856,-116.96100007964617,87.96744427110424,44,76,15,11
