1631837783458,32.84596085141294,-117.19678163492658,41.647642500771916,45,86,15,11
1631837783656,32.8459646527464,-117.19680794634701,41.682175251834806,45,86,15,11
1631837783800,32.845968516860175,-117.19683408278028,41.70515271809528,45,86,15,11
1631837783958,32.84597241991736,-117.1968600251864,41.71960376693358,44,85,15,11
1631837784073,32.845976363322315,-117.19688579371608,41.737864496562004,44,85,15,11
1631837784193,32.8459803362597,-117.19691140039315,41.76349992717749,44,85,15,11
1631837784392,32.84599665150146,-117.19701203523643,41.84182862912429,43,84,15,11
1631837784502,32.846000783601596,-117.19703676929193,41.86464465138939,43,84,15,11
1631837784680,32.846004941551385,-117.19706138536458,41.88875546996966,43,84,15,11
1631837784824,32.846009146533916,-117.19708592976788,41.90636310735573,43,83,15,11
1631837785096,32.84602595486709,-117.19718379716913,41.97481240001969,42,82,15,11
1631837785211,32.846030227472404,-117.19720830785478,41.99334229886929,41,81,15,11
1631837785303,32.846034442807714,-117.19723285701767,42.00683518821109,40,80,15,11
1631837785448,32.846038637607634,-117.19725748551534,42.01861317297392,39,79,15,11
1631837785561,32.84604281586771,-117.19728219003049,42.032040125984395,39,79,15,11
1631837785666,32.84604700273242,-117.1973069786202,42.04320489890417,39,79,15,11
1631837785819,32.846051196117244,-117.1973318657779,42.05520139928652,39,79,15,11
1631837786099,32.846068134687584,-117.19743254888978,42.185302660061,38,79,15,11
1631837786216,32.8460724768876,-117.1974579896775,42.214302629634126,38,79,15,11
1631837786346,32.84607686040184,-117.19748355521453,42.23964392377883,38,79,15,11
1631837786463,32.846081265270016,-117.19750921462109,42.26313300036757,38,79,15,11
1631837786575,32.846085725137634,-117.19753500705069,42.285264935625854,38,79,15,11
1631837786677,32.84609022958567,-117.1975609211617,42.30968069730533,37,79,15,11
1631837786825,32.84609476833596,-117.19758692282049,42.33278058857417,37,79,15,11
1631837786953,32.8461086067984,-117.19766563510086,42.42455847678221,38,80,15,11
1631837787139,32.846113285344195,-117.19769210050023,42.45057996176496,39,80,15,11
1631837787261,32.84611801740225,-117.19771868146788,42.47470751063275,39,80,15,11
1631837787381,32.8461227826815,-117.19774539789861,42.50311728774586,39,80,15,11
1631837787495,32.84612758484546,-117.1977722170979,42.52556648057838,40,80,15,11
1631837787612,32.84613244964105,-117.19779916987662,42.548698341915255,40,80,15,11
1631837787712,32.84613737880893,-117.19782623835307,42.567614916752,39,80,15,11
1631837787904,32.84615244474174,-117.19790814514671,42.62132799287005,40,79,15,11
1631837788015,32.846157542813856,-117.19793569836405,42.63932970384885,40,79,15,11
1631837788161,32.84616268364312,-117.19796339105436,42.65798745258256,39,79,15,11
1631837788274,32.84616786644406,-117.19799121429598,42.66909103399665,39,78,15,11
1631837788362,32.84617308838902,-117.19801914697943,42.67311530281666,39,78,15,11
1631837788507,32.84617836685395,-117.19804720983804,42.67704149551328,38,77,15,11
1631837788643,32.846183681646764,-117.19807541120136,42.690383787205356,38,76,15,11
1631837788785,32.84619980924075,-117.19816074081186,42.718131551350105,37,75,15,11
1631837788964,32.84620522269667,-117.19818942633017,42.728837719872296,38,75,15,11
1631837789074,32.84621067039268,-117.19821825052126,42.74185012917609,38,75,15,11
1631837789323,32.846216151961606,-117.19824720959957,42.7533694059698,38,75,15,11
1631837789495,32.84623837374526,-117.19836405305853,42.78387356742157,38,75,15,11
1631837789667,32.84624398311892,-117.19839345553089,42.79527817913084,38,74,15,11
1631837789846,32.84624962881388,-117.19842290531867,42.79700457766935,37,73,15,11
1631837789970,32.846255236579566,-117.19845241453976,42.8001624311529,37,73,15,11
1631837790198,32.84627798784456,-117.19857104972913,42.78037775070679,35,72,15,11
1631837790286,32.84628367758756,-117.19860081491574,42.772429385385706,35,71,15,11
1631837790436,32.84628934002634,-117.19863065527947,42.76328475189087,35,72,15,11
1631837790544,32.84629501298589,-117.19866053480126,42.74287470955476,35,72,15,11
1631837790709,32.846300715057204,-117.19869044889545,42.72612339108864,35,72,15,11
1631837790857,32.84630648186605,-117.19872045497227,42.72688857328939,35,72,15,11
1631837790987,32.84632384820092,-117.19881116273686,42.728274880483674,35,73,15,11
1631837791126,32.84632961162103,-117.19884148505355,42.724589170041774,36,73,15,11
1631837791244,32.846335412968315,-117.19887187674206,42.721018626880856,35,73,15,11
1631837791372,32.84634120880157,-117.19890235136918,42.72148520372732,35,73,15,11
1631837791489,32.84634706814449,-117.19893315485115,42.72662400036928,35,73,15,11
1631837791661,32.846352920366705,-117.19896379623906,42.72404103574456,35,73,15,11
1631837791786,32.846358768345176,-117.19899453268856,42.72380404157163,35,74,15,11
1631837791932,32.84636461817901,-117.199025351624,42.72444771343276,35,74,15,11
1631837792060,32.84637051295825,-117.19905627440426,42.72567080992568,35,74,15,11
1631837792098,32.84638843049592,-117.19914981470436,42.73069601284167,36,75,15,11
1631837792222,32.84639447335374,-117.19918108563883,42.72751914315521,36,75,15,11
1631837792310,32.8464005532903,-117.19921242868048,42.718610420971636,36,75,15,11
1631837792455,32.84640669889867,-117.1992438864197,42.71537076363816,36,75,15,11
1631837792578,32.84641288388163,-117.19927544443753,42.71031098699954,35,74,15,11
1631837792743,32.846419095777385,-117.19930708801655,42.69314884071898,35,75,15,11
1631837792880,32.846437958721914,-117.19940262983249,42.659990784231944,35,75,15,11
1631837792998,32.84644430164956,-117.19943468847487,42.65176304776516,36,76,15,11
1631837793136,32.846450685351904,-117.19946683924631,42.64146578555948,36,77,15,11
1631837793258,32.846457067975194,-117.19949908818018,42.63025469447596,36,77,15,11
1631837793347,32.8464635182558,-117.19953144536561,42.62207184507568,37,78,15,11
1631837793494,32.84646998967936,-117.19956390475376,42.60799767129151,37,78,15,11
1631837793605,32.84647647961385,-117.19959645428094,42.59205433086625,37,78,15,11
