1631741189167,32.797492401024115,-117.07574893942957,70.52531248816949,82,90,13,11
1631741189475,32.7974799422245,-117.07577110770502,70.49129853544265,78,90,13,11
1631741189643,32.79747711097536,-117.07577614338766,70.48360445699889,77,90,13,11
1631741189758,32.79747437770516,-117.07578101616153,70.47918308346082,77,90,12,11
1631741189872,32.797471735365576,-117.07578568096748,70.47268933742455,77,90,12,11
1631741189987,32.79746919538362,-117.07579014249822,70.46678463276645,77,91,12,11
1631741190098,32.7974667661495,-117.07579438504844,70.46321723081788,77,91,12,11
1631741190235,32.79746443386336,-117.07579841495574,70.46274869702171,77,91,12,11
1631741190349,32.79746220831112,-117.07580224227839,70.46075780282442,76,91,12,11
1631741190437,32.79746010043279,-117.07580586651902,70.45167885382591,76,91,12,11
1631741190618,32.79745429344159,-117.07581576325313,70.42264371512344,76,92,14,11
1631741190737,32.79745250063605,-117.07581874577485,70.41758429770475,75,91,14,11
1631741190854,32.7974507772588,-117.07582155991855,70.41593705291073,75,91,14,11
1631741190964,32.79744913583003,-117.0758242280892,70.41448425115618,73,90,14,11
1631741191078,32.79744758753089,-117.075826761235,70.4118581401187,72,90,14,11
1631741191215,32.79744607272092,-117.07582914244207,70.42180193952015,69,88,14,11
1631741191350,32.797442009056816,-117.07583556854414,70.44169791591288,61,82,14,11
1631741191552,32.79744083695341,-117.07583749884827,70.43953522219637,60,82,15,11
1631741191685,32.79743974449589,-117.07583929982833,70.43416279910481,60,82,15,11
1631741191797,32.79743872128552,-117.07584096854487,70.43048520510938,60,81,15,11
1631741191933,32.79743777678203,-117.07584250493727,70.42574343535065,60,81,15,11
1631741192045,32.79743689845908,-117.07584390056772,70.42349558127592,60,81,15,11
1631741192161,32.79743610958966,-117.07584516824791,70.41956140089583,60,81,15,11
1631741192301,32.79743538668665,-117.07584632811651,70.4148528965557,60,81,15,11
1631741192507,32.797432485748246,-117.0758508713184,70.40381714822279,59,80,15,11
1631741192676,32.79743173524247,-117.075852060126,70.4000823862711,60,80,15,11
1631741192786,32.79743093827092,-117.07585326469257,70.3987723148781,59,80,15,11
1631741192899,32.797430124742185,-117.07585447796451,70.39583627104142,58,79,15,11
1631741193015,32.79742929356532,-117.07585575291387,70.3962966976435,58,79,15,11
1631741193128,32.79742842100411,-117.07585706046522,70.39797832019245,56,79,15,11
1631741193270,32.797425794580725,-117.0758612015898,70.39493044214228,54,78,15,11
1631741193402,32.79742482374263,-117.07586272584939,70.39060257214545,53,77,15,11
1631741193536,32.79742380089235,-117.07586430107884,70.38843558546859,53,77,15,11
1631741193709,32.79742268710112,-117.07586596841483,70.38824317501941,52,77,15,11
1631741193824,32.797421571296965,-117.07586775745669,70.3850196438731,52,77,15,11
1631741193934,32.79742036874936,-117.07586963894722,70.38272678167621,51,77,15,11
1631741194051,32.79741905312124,-117.07587164690136,70.38454965155812,50,76,15,11
1631741194163,32.797417655028674,-117.07587376953583,70.38380737998655,50,76,15,11
1631741194314,32.79741617897326,-117.07587603253738,70.38846209043993,50,75,15,11
1631741194592,32.7974093829381,-117.07588659890452,70.36909925512556,49,74,15,11
1631741194723,32.79740741348644,-117.0758896500195,70.37389522507574,49,73,15,11
1631741194837,32.797405319859834,-117.07589285872436,70.37956364332643,48,72,15,11
1631741194952,32.79740312691271,-117.07589623801958,70.38112565716358,48,72,15,11
1631741195208,32.79739333460036,-117.07591128551766,70.37341827066206,48,70,15,11
1631741195384,32.797390642634554,-117.07591542118548,70.36961916720057,48,70,15,11
1631741195496,32.797387861800054,-117.07591966755476,70.36369839819994,48,70,15,11
1631741195664,32.797384956616995,-117.07592402787539,70.35740119829767,48,69,15,11
1631741195801,32.79738196014264,-117.07592855714663,70.35603605351375,48,69,15,11
1631741195913,32.797378874649134,-117.0759332440295,70.3531300925958,49,69,15,11
1631741196101,32.79736554528032,-117.07595325059371,70.35238972167794,49,67,15,11
1631741196216,32.79736197898735,-117.07595855872118,70.35130294854721,49,68,15,11
1631741196318,32.79735835083938,-117.07596398203296,70.34342432751068,50,68,15,11
1631741196520,32.797354610655304,-117.07596950276714,70.33935922695213,50,68,15,11
1631741196655,32.79735077799987,-117.0759751159695,70.33848711244423,50,67,15,11
1631741196830,32.7973468604333,-117.07598083602447,70.33386625999913,50,67,15,11
1631741197000,32.79733041423578,-117.07600467897684,70.30686264812316,52,68,15,11
1631741197145,32.79732610023734,-117.0760108546113,70.30072448146832,53,68,15,11
1631741197318,32.797321694740155,-117.07601712748185,70.29621104267241,53,69,15,11
1631741197408,32.79731721138635,-117.07602349888857,70.2910099852847,54,69,15,11
1631741197606,32.79730316206902,-117.07604322536487,70.27293991961325,57,70,15,11
1631741197718,32.79729830630736,-117.07604999283303,70.26353153977371,57,71,15,11
1631741197831,32.79729339291617,-117.07605686495103,70.25287573365814,57,71,15,11
1631741197916,32.797288399183714,-117.07606381785313,70.23865150541444,57,71,15,11
1631741198069,32.7972833206199,-117.07607087232208,70.22834990787169,56,71,15,11
1631741198206,32.79727815569221,-117.07607803775933,70.22885761020001,55,70,15,11
1631741198340,32.797272873976674,-117.07608530087776,70.2364234960241,55,70,15,11
1631741198428,32.797267460004505,-117.076092615558,70.24271555600411,55,70,15,11
1631741198602,32.79725078242842,-117.07611507690136,70.25665158417087,53,69,14,11
1631741198713,32.7972450262203,-117.07612271594382,70.26058011585218,53,69,14,11
1631741198825,32.79723915436577,-117.07613042274944,70.26828063707185,53,69,14,11
1631741198912,32.79723317202923,-117.07613819685231,70.27757233873167,54,70,14,11
1631741199067,32.79722707305637,-117.07614602531007,70.28799842368133,55,71,14,11
1631741199185,32.797220945793406,-117.07615394226177,70.29801995549498,54,70,13,11
1631741199389,32.797201811152966,-117.07617804545862,70.32772532364001,55,71,13,11
