1610059715758,32.7860519762469,-117.2074047763916,-27.38466628440581,79,124,15,11
1610059715842,32.786020785833465,-117.20741037734335,-27.39696837290365,79,124,15,11
1610059715928,32.78598959878378,-117.20741595667795,-27.40905874604166,79,124,15,11
1610059716096,32.78586480551294,-117.20743842538093,-27.45229314012224,79,123,15,11
1610059716197,32.7858336051279,-117.2074440909696,-27.458837441352568,79,123,15,11
1610059716276,32.78580239892497,-117.2074497499194,-27.46274388631888,79,123,15,11
1610059716431,32.785771178515006,-117.20745543767313,-27.467260979624363,79,123,15,11
1610059716534,32.78573996310348,-117.20746111423264,-27.477190310215892,79,123,15,11
1610059716627,32.785708743080924,-117.20746679003823,-27.48712909959429,79,123,15,11
1610059716712,32.78567749127133,-117.20747247830025,-27.485577776519463,79,123,15,11
1610059716796,32.78564624015597,-117.20747815591025,-27.493041016171585,79,123,15,11
1610059716944,32.785614980498,-117.2074838253299,-27.501881596891266,79,123,15,11
1610059717047,32.78558370422652,-117.20748949447002,-27.511091154633803,79,123,15,11
1610059717142,32.7855524006653,-117.20749514429505,-27.516321709983742,79,123,15,11
1610059717231,32.785521095036,-117.20750079150764,-27.523971380621667,79,123,15,11
1610059717314,32.785489758673585,-117.20750643773604,-27.53426522897469,79,123,15,11
1610059717456,32.78545841934204,-117.20751207173883,-27.546214580078033,79,123,15,11
1610059717547,32.78542705142416,-117.20751771975114,-27.56168838453621,79,123,15,11
1610059717652,32.78539567186893,-117.20752336799119,-27.57932832272749,79,123,15,11
1610059717735,32.78536427591504,-117.20752902146042,-27.597938268416147,79,123,15,11
1610059717820,32.785332849563254,-117.20753465303457,-27.612513893257816,79,123,15,11
1610059717903,32.78530139195811,-117.20754026152638,-27.620883693596,79,123,15,11
1610059718136,32.785269913870074,-117.207545882763,-27.62800340922063,79,123,15,11
1610059718229,32.785238416372835,-117.20755150568114,-27.638267859872155,79,123,15,11
1610059718353,32.78520689973856,-117.20755713535537,-27.644374304477918,79,123,15,11
1610059718442,32.78517535591804,-117.20756277835953,-27.64880582059014,79,123,15,11
1610059718562,32.78514377443939,-117.20756841757101,-27.655101425063496,79,123,15,11
1610059718679,32.78511215228675,-117.2075740671989,-27.657699845065796,79,123,15,11
1610059718773,32.785080531500874,-117.20757971650852,-27.667809299040815,79,123,15,11
1610059718864,32.78504888450451,-117.20758537417707,-27.678179966854472,79,123,15,11
1610059718945,32.785017191736024,-117.20759104117037,-27.687293098442332,79,123,15,11
1610059719100,32.78498547996179,-117.2075967195363,-27.698038179671023,79,123,15,11
1610059719212,32.78495373556518,-117.20760240795951,-27.709557656617076,79,123,15,11
1610059719297,32.784921964289296,-117.20760810130982,-27.72450354029257,79,123,15,11
1610059719379,32.784890158227554,-117.20761378848982,-27.73829031030394,79,123,15,11
1610059719458,32.784858314517514,-117.20761947242676,-27.748677808135636,80,123,15,11
1610059719582,32.784826444963336,-117.2076251471556,-27.762444250631816,80,123,15,11
1610059719694,32.78479453664423,-117.20763083536343,-27.776010737460883,80,123,15,11
1610059719774,32.78476258765787,-117.20763653921223,-27.788845722830462,80,123,15,11
1610059719860,32.78473061766399,-117.2076422229552,-27.80213867536596,80,123,15,11
1610059719946,32.784698599728884,-117.20764790952717,-27.810333745991166,80,123,15,11
1610059720039,32.784666539043755,-117.20765363270384,-27.816482470992778,80,123,15,11
1610059720253,32.784634446988036,-117.20765937000914,-27.828930243967967,80,123,15,11
1610059720343,32.784602336573265,-117.20766512173246,-27.845622454847856,80,123,15,11
1610059720439,32.784570180357576,-117.20767090313579,-27.854643779362508,80,123,15,11
1610059720509,32.78453799210727,-117.20767667970259,-27.863045918646893,80,123,15,11
1610059720643,32.78450576969983,-117.20768244771989,-27.872436953184625,80,123,15,11
1610059720766,32.78447353339035,-117.20768819066309,-27.88533883036278,81,123,15,11
1610059720861,32.784441255954285,-117.20769390424701,-27.897405801483057,81,123,15,11
1610059720949,32.78440893434926,-117.20769957373112,-27.910217951955712,81,123,15,11
1610059721078,32.78427959891813,-117.20772217085697,-27.970042540450013,81,123,15,11
1610059721181,32.78424722315374,-117.20772783426919,-27.975609038650855,81,123,15,11
1610059721276,32.78421481850164,-117.20773351847863,-27.97761272672181,81,123,15,11
1610059721405,32.78418240202786,-117.20773919761533,-27.986374504914995,81,123,15,11
1610059721512,32.784149989581366,-117.2077448719478,-28.004974658018583,81,123,15,11
1610059721595,32.7841175524829,-117.2077505526387,-28.020031829781242,81,123,15,11
1610059721702,32.78408509848567,-117.2077562320554,-28.03348053968304,81,123,15,11
1610059721786,32.78405262908328,-117.20776191809358,-28.047798666338604,81,123,15,11
1610059721887,32.78402014614895,-117.20776762042357,-28.06170561027232,81,123,15,11
1610059722070,32.78398765370644,-117.20777332555647,-28.077201507687032,81,123,15,11
1610059722214,32.7839551600186,-117.20777904223775,-28.090650265754356,81,123,15,11
1610059722308,32.78392263348858,-117.20778475559347,-28.09844330098455,81,123,15,11
1610059722389,32.78389008719112,-117.20779047632152,-28.10769128593363,81,123,15,11
1610059722512,32.78385754712057,-117.20779617590709,-28.1246785629797,81,123,15,11
1610059722613,32.78382500424123,-117.20780190328493,-28.142550700767273,81,123,15,11
1610059722704,32.78379246506701,-117.20780765677787,-28.157737490657315,81,123,15,11
1610059722795,32.78375991856044,-117.20781342377704,-28.1713087660315,81,123,15,11
1610059722882,32.78372735885157,-117.20781919240629,-28.17969631269932,81,123,15,11
1610059723047,32.78369479950822,-117.20782493514874,-28.18872559233532,81,123,15,11
1610059723134,32.783662236933615,-117.20783066273793,-28.195591698104476,81,123,15,11
1610059723273,32.78362965973876,-117.20783638083766,-28.204710425651406,81,123,15,11
1610059723357,32.783597088982404,-117.20784210049942,-28.219078315672963,80,123,15,11
1610059723438,32.78356450778217,-117.20784784894067,-28.23268294795737,80,123,15,11
1610059723562,32.7835319369334,-117.20785361023748,-28.25111109469606,80,123,15,11
1610059723665,32.78349936001761,-117.2078593931339,-28.26319739855698,80,123,15,11
1610059723757,32.783466788881405,-117.20786517883026,-28.27874551384618,80,123,15,11
1610059723846,32.78343419831821,-117.20787097202611,-28.28313181758717,80,123,15,11
1610059723919,32.7834016017794,-117.20787676754169,-28.29197799493358,80,122,15,11
1610059724078,32.78336901967204,-117.2078825838833,-28.310625668070227,80,122,15,11
1610059724237,32.78333642483964,-117.20788841095981,-28.325737236928433,80,122,15,11
1610059724339,32.783303835102096,-117.20789425593728,-28.344553556349183,80,123,15,11
1610059724424,32.783271245587535,-117.20790011362537,-28.36159082339724,80,123,15,11
1610059724495,32.78323862207842,-117.20790597711047,-28.371932851372296,80,123,15,11
1610059724642,32.78320601524078,-117.2079118262853,-28.390261952440962,80,122,15,11
1610059724741,32.783173095529335,-117.20791771421935,-28.4087847670786,80,122,15,11
1610059724835,32.7831404826928,-117.20792352071486,-28.425012930864693,80,122,15,11
1610059724919,32.78310786479835,-117.20792932050594,-28.438964813883516,80,122,15,11
1610059725000,32.78307523114579,-117.207935100991,-28.449723922352185,80,122,15,11
1610059725150,32.78304257760591,-117.20794088555704,-28.46251522745551,80,122,15,11
1610059725253,32.78300993717115,-117.20794664719807,-28.482066655328328,79,122,15,11
1610059725346,32.782976984090226,-117.20795245889127,-28.496468183478548,79,122,15,11
1610059725426,32.78294434520111,-117.20795823527378,-28.50447085477771,79,122,15,11
1610059725519,32.78291165895837,-117.20796404064545,-28.498447930465854,79,122,15,11
1610059725644,32.78287899197686,-117.2079698477186,-28.508590112787097,79,122,15,11
1610059725744,32.78284632109593,-117.20797565645111,-28.520724996711206,79,122,15,11
1610059725846,32.78281362692843,-117.20798147502055,-28.527963697818773,79,122,15,11
