1616701584818,32.84156574513665,-117.19727954760315,55.8637099576013,29,59,15,11
1616701584990,32.841588969680934,-117.19728716132066,55.675622042932034,28,58,15,11
1616701585228,32.84168183966643,-117.1973186244829,54.93712915736844,27,57,14,11
1616701585356,32.84170503132033,-117.19732678199937,54.761188672680035,26,57,14,11
1616701585518,32.84172817030126,-117.19733507671477,54.58545569692269,26,56,14,11
1616701585630,32.84175127176926,-117.19734350291108,54.405152216021186,26,56,14,11
1616701585926,32.84184305883652,-117.19737835203331,53.66284186178017,27,56,14,11
1616701586039,32.84186583526725,-117.19738736061089,53.485398660032686,27,57,14,11
1616701586166,32.84188857784008,-117.19739635872003,53.30309782759627,27,57,13,11
1616701586282,32.84191120536453,-117.19740544951874,53.11162761148764,27,57,13,11
1616701586395,32.84193375025569,-117.19741465048095,52.92175535101139,27,56,13,11
1616701586725,32.84202296922443,-117.19745241549263,52.17197190630684,27,56,13,11
1616701586890,32.842045034063496,-117.19746219224224,51.99342365079539,27,56,13,11
1616701587037,32.84206691932498,-117.19747206266585,51.78805118362427,26,55,13,11
1616701587149,32.84208867055212,-117.197482034478,51.58022325812407,26,55,13,11
1616701587265,32.842110368695366,-117.19749208826339,51.39492383385557,26,55,13,11
1616701587385,32.842132008951516,-117.19750215765893,51.22177682489017,26,54,13,11
1616701587528,32.84219620993498,-117.19753305285637,50.6839004717528,25,53,14,11
1616701587638,32.84221740091122,-117.19754349387698,50.502975865455454,25,52,14,11
1616701587754,32.84223851483764,-117.1975539644865,50.32909077190309,25,52,14,11
1616701587916,32.84225951226263,-117.19756453597252,50.153574288907336,24,51,14,11
1616701588080,32.84228039872004,-117.19757521624811,49.979366228313815,24,51,14,11
1616701588192,32.842301152091146,-117.19758599398246,49.79901444558263,24,51,14,11
1616701588306,32.842321788995896,-117.1975968340144,49.617137705757024,24,51,14,11
1616701588536,32.84240352917534,-117.19764052098353,48.9284921811815,24,50,14,11
1616701588652,32.84242372363023,-117.19765149243702,48.75226869674161,24,50,14,11
1616701588839,32.84244384657765,-117.19766249603767,48.581873038056465,25,50,14,11
1616701589004,32.84246388230196,-117.19767354816976,48.41323182678298,25,50,14,11
1616701589226,32.842543031548566,-117.1977180181454,47.73859250899262,25,50,14,11
1616701589359,32.84256259621436,-117.1977292447175,47.57280713020159,25,50,14,11
1616701589473,32.84258201141835,-117.19774051387067,47.39263805673278,25,50,14,11
1616701589561,32.84260127919294,-117.1977518928605,47.21197064740093,24,49,14,11
1616701589743,32.84262043614655,-117.19776341801986,47.047439619622466,24,49,14,11
1616701589924,32.842677186778936,-117.19779848550583,46.56237206456882,24,49,14,11
1616701590036,32.842695846572745,-117.19781031210158,46.39590695794422,24,49,14,11
1616701590161,32.84271440318248,-117.1978221941549,46.23285862660806,24,48,14,11
1616701590276,32.84273282987232,-117.19783414002096,46.06923176824551,24,48,14,11
1616701590409,32.842751133893294,-117.19784611402983,45.90522897523596,23,48,14,11
1616701590490,32.84276932037822,-117.1978581391904,45.74213775972589,22,47,14,11
1616701590665,32.842787404436685,-117.19787024601494,45.58400548769128,22,46,14,11
1616701590826,32.842840900222136,-117.19790689260267,45.093515486187655,24,48,14,11
1616701590974,32.8428585071563,-117.19791918418395,44.93141798631474,24,48,14,11
1616701591086,32.84287599885765,-117.19793150548115,44.76785303046786,25,49,14,11
1616701591296,32.84289338883039,-117.19794390360757,44.609416239129274,25,49,14,11
1616701591523,32.842962025510175,-117.19799411148117,43.950989815961336,25,49,14,11
1616701591654,32.84297903411528,-117.19800683335723,43.7974474127688,25,49,14,11
1616701591805,32.84299600632451,-117.1980195800945,43.6406341229334,25,49,14,11
1616701591974,32.84301294835562,-117.19803236065029,43.480071822442135,25,49,14,11
1616701592119,32.843029847513115,-117.19804518455614,43.3186581759048,25,50,14,11
1616701592290,32.84309713620715,-117.19809687914871,42.67389863215224,24,49,14,11
1616701592444,32.8431138357735,-117.1981099263768,42.52720507865877,24,50,14,11
1616701592586,32.84313045820488,-117.19812297671342,42.36821817943108,24,49,13,11
1616701592715,32.84314713637691,-117.19813612644458,42.20210481713143,23,49,13,11
1616701592920,32.84319627191508,-117.19817536020415,41.713480856193314,22,48,13,11
1616701593033,32.84321246080308,-117.19818846032109,41.55651972669282,22,48,13,11
1616701593152,32.84322857971168,-117.19820160484379,41.408139816308356,22,47,13,11
1616701593283,32.843244721304025,-117.19821489044,41.25655082982029,22,47,13,11
1616701593383,32.84326058219362,-117.19822807968643,41.09563798602259,21,47,13,11
1616701593499,32.84327630669302,-117.19824125846058,40.92659341612661,21,47,13,11
1616701593674,32.843291948982895,-117.19825447547832,40.76832435968305,21,46,13,11
1616701593936,32.84335376171834,-117.19830718828219,40.149825331436276,22,47,13,11
1616701594054,32.84336900813952,-117.1983204081523,40.00442542935109,22,47,13,11
1616701594171,32.84338417000103,-117.1983336205626,39.85655644232717,23,48,13,11
1616701594284,32.84339920908027,-117.19834685767974,39.70703319721841,23,48,13,11
1616701594420,32.84341416803037,-117.1983600942701,39.558406368920714,23,48,13,11
1616701594712,32.84347296991549,-117.19841342746344,39.005299566364656,25,50,13,11
1616701594915,32.84348736691388,-117.19842681444372,38.857006295789866,25,50,13,11
