1621188914341,32.852516867401334,-117.23302586675518,33.09413971802216,24,60,15,11
1621188914568,32.85254213731926,-117.23300814470318,33.197799273659925,23,60,15,11
1621188914686,32.85256741099597,-117.23299046396262,33.292110828538604,23,59,15,11
1621188914895,32.85266856995736,-117.23291976286087,33.6395905709628,22,57,14,11
1621188915049,32.852693815893645,-117.23290204193896,33.732426319260135,22,57,14,11
1621188915140,32.852719049474096,-117.23288430739325,33.827405707934304,22,57,14,11
1621188915367,32.85274428390551,-117.23286659352709,33.920689316034455,22,57,14,11
1621188915480,32.852769521568,-117.23284889939812,34.01334320874867,22,56,14,11
1621188915598,32.85279473245247,-117.23283121209415,34.108376148715976,22,56,14,11
1621188915833,32.8528955714461,-117.23276050886159,34.50069669130438,23,57,14,11
1621188915913,32.85292074210998,-117.23274280601336,34.599509717557886,23,56,14,11
1621188916064,32.85294588449683,-117.23272505942535,34.7029189573589,23,57,14,11
1621188916159,32.85297098452704,-117.23270726368654,34.80455971189614,23,57,14,11
1621188916386,32.85299605126713,-117.23268942467456,34.90365802263928,23,57,14,11
1621188916499,32.85302109341144,-117.2326715147452,35.002364336203904,24,57,14,11
1621188916722,32.853120913660476,-117.23259947394968,35.36676169622915,24,58,14,11
1621188916931,32.85314580121306,-117.23258131577316,35.45464156497678,24,58,14,11
1621188917014,32.85317064677591,-117.23256315755859,35.53939021795963,24,58,14,11
1621188917160,32.853195469727126,-117.23254497224617,35.628629503697965,24,58,14,11
1621188917253,32.85322028731996,-117.23252677980177,35.72545272516983,24,58,14,11
1621188917549,32.853319570543185,-117.23245398030791,36.04583224985552,24,58,14,11
1621188917661,32.853344345934474,-117.23243577262532,36.125878231887455,24,58,14,11
1621188917851,32.85336909059962,-117.23241750536945,36.21026659378677,24,58,14,11
1621188917962,32.85339384774546,-117.23239929157403,36.29731341470909,24,58,14,11
1621188918044,32.85341862925541,-117.2323811487477,36.38600899429307,24,58,14,11
1621188918337,32.85351807727494,-117.23230910162636,36.73391385085521,24,58,14,11
1621188918512,32.853542963914904,-117.23229124468318,36.800016642152634,24,58,14,11
1621188918623,32.85356790865184,-117.23227344890424,36.866530582880344,24,58,14,11
1621188918741,32.85359291305265,-117.23225569696207,36.935221350583866,24,58,15,11
1621188918925,32.853617859284306,-117.23223800927603,37.012318098980714,24,58,15,11
1621188919039,32.85364278959539,-117.23222027476739,37.0959704481829,24,58,15,11
1621188919241,32.85374241223465,-117.232149253947,37.46811545639952,23,58,15,11
1621188919408,32.8537672692895,-117.23213152909767,37.58091081729505,23,57,15,11
1621188919523,32.853792081775204,-117.23211383129177,37.70071421489718,23,57,15,11
1621188919636,32.853816859898494,-117.23209611665933,37.844597744060565,23,57,15,11
1621188919760,32.85384164521482,-117.23207835162668,38.01022499434542,23,57,15,11
1621188919919,32.853866434412254,-117.23206059574355,38.170330315735846,23,57,15,11
1621188920063,32.85389131158358,-117.23204281827088,38.30941100174874,23,57,14,11
1621188920240,32.85399031714968,-117.23197219523463,38.77989382361772,22,56,14,11
1621188920353,32.85401503625673,-117.23195455315849,38.89416105762938,22,55,14,11
1621188920588,32.85403985608136,-117.23193684472159,39.012224409345386,22,55,14,11
1621188920698,32.85406456323758,-117.2319192248133,39.130462927887706,22,55,14,11
1621188920901,32.85416329427645,-117.23184892660798,39.6267679605147,22,55,15,11
1621188921049,32.854188121428265,-117.2318313714912,39.75542938537208,22,55,15,11
1621188921173,32.85421282442409,-117.2318139318568,39.88091357461937,22,55,15,11
1621188921372,32.854237544490324,-117.23179653384783,40.000998887111066,22,55,15,11
1621188921451,32.8542622723778,-117.23177918823838,40.114556431632614,23,55,15,11
1621188921599,32.85428703954319,-117.23176193760422,40.22570061285941,23,55,15,11
1621188921834,32.854386486497376,-117.23169351196444,40.66117670287146,24,56,15,11
1621188921949,32.85441142650088,-117.23167670773267,40.75907736097895,24,57,15,11
1621188922068,32.85443640339729,-117.23166000449947,40.85474021536283,24,57,15,11
1621188922161,32.85446142995269,-117.23164341356294,40.94818611193863,24,57,15,11
1621188922385,32.854486509914956,-117.23162698088316,41.04283821753087,24,57,15,11
1621188922495,32.85451163489515,-117.23161064862094,41.137243564427436,24,57,15,11
1621188922757,32.85461255233047,-117.23154607489263,41.515333851960435,25,58,15,11
1621188922867,32.85463806359483,-117.23153002626276,41.615623354732335,25,58,15,11
1621188922951,32.854663461265694,-117.23151419305513,41.717311031441554,25,59,15,11
1621188923096,32.85468892650099,-117.23149846428443,41.82503815359037,24,58,15,11
1621188923191,32.85471447507764,-117.23148281449781,41.93143837468492,25,58,15,11
1621188923415,32.85474008112955,-117.23146726102124,42.030277107698176,24,58,15,11
1621188923527,32.85476577717727,-117.2314518032731,42.1295535428225,24,58,14,11
1621188923768,32.854869403900516,-117.23139139268083,42.50360499590733,26,60,14,11
1621188923880,32.85489552539766,-117.23137660463506,42.59731604422157,26,60,14,11
1621188923962,32.85492173220395,-117.23136191595918,42.6921947636464,26,60,14,11
1621188924141,32.85494801434604,-117.23134733236944,42.786089457718205,26,60,14,11
1621188924232,32.85497439173569,-117.231332844484,42.88341571946399,26,60,14,11
1621188924435,32.85505400139175,-117.23128997993942,43.15888464238758,26,60,14,11
1621188924554,32.85508068592964,-117.23127585685359,43.25307611784843,26,60,14,11
