1483233137652,32.87990947895014,-117.22901248303712,66.57571502384884,86,125,15,11
1483233137833,32.87990126917249,-117.22901362678705,66.55239753836807,86,125,15,11
1483233137925,32.87989315383231,-117.22901477159247,66.52223166707206,86,125,15,11
1483233138013,32.87988503440571,-117.22901591239713,66.49427877992545,86,125,15,11
1483233138117,32.879876925109066,-117.22901710727061,66.45705069287715,86,125,15,11
1483233138198,32.87986880084482,-117.22901833492324,66.4251570361781,86,125,15,11
1483233138284,32.87986064904494,-117.22901957625582,66.39149502983095,86,125,15,11
1483233138375,32.87985243943096,-117.22902082037584,66.35605029752296,85,125,15,11
1483233138517,32.87984426466456,-117.22902206638088,66.32215303085833,85,125,15,11
1483233138625,32.87983607166518,-117.22902333349481,66.2848813923463,85,125,15,11
1483233138709,32.87982786455126,-117.22902459299382,66.24836619914203,85,125,15,11
1483233138832,32.87981963411797,-117.22902586859813,66.21472691933937,85,125,15,11
1483233138927,32.879811370405264,-117.22902718063824,66.18151846723161,85,125,15,11
1483233139011,32.879803010289784,-117.22902848227172,66.14764349186525,85,125,15,11
1483233139116,32.879794670948314,-117.2290297783775,66.11660598038107,85,125,14,11
1483233139197,32.87978626822596,-117.22903110356731,66.08702031148988,85,125,15,11
1483233139278,32.87977784354619,-117.22903239778546,66.05724790030115,85,125,15,11
1483233139374,32.87976935088966,-117.22903371976477,66.02507328455816,85,125,14,11
1483233139512,32.8797608121763,-117.22903503934853,65.99007554184763,85,125,13,11
1483233139614,32.87975213604391,-117.22903635518836,65.95522970062233,84,125,13,11
1483233139712,32.879743500880735,-117.22903768174211,65.91823962589929,84,125,13,11
1483233139896,32.87973481581212,-117.22903899392524,65.87596477739048,84,125,13,11
1483233139983,32.87972605885576,-117.22904034401343,65.8364914483394,84,125,13,11
1483233140052,32.879717234120044,-117.2290417072224,65.80070447683981,84,125,12,11
1483233140163,32.87970837910137,-117.22904301562767,65.76075993171946,84,124,12,11
1483233140251,32.87969939188425,-117.22904437737765,65.71854287171928,84,124,12,11
1483233140340,32.87969045545069,-117.22904577601263,65.67608845299766,84,124,11,11
1483233140420,32.87968150897076,-117.22904713774062,65.6379489248728,84,124,11,11
1483233140567,32.87967258327855,-117.22904847180634,65.59501338493313,84,124,11,11
1483233140669,32.879663657126635,-117.22904982227813,65.55113349229127,84,124,10,11
1483233140757,32.87965475070321,-117.22905114560457,65.51315403169791,84,124,10,11
1483233140876,32.87964579651537,-117.22905245957628,65.48115392059309,84,124,10,11
1483233140988,32.87963698302547,-117.2290537257322,65.4456618129707,84,124,9,11
1483233141074,32.87962825173915,-117.22905501682041,65.40783469084782,84,124,10,11
1483233141176,32.8796195662846,-117.22905641698135,65.36899775545592,84,124,10,11
1483233141258,32.87961095993757,-117.22905786122378,65.3291226308455,84,124,10,11
1483233141339,32.87960241412228,-117.22905928883668,65.29553488318916,84,124,10,11
1483233141421,32.87959386720263,-117.22906073846353,65.25841791462511,84,124,10,11
1483233141502,32.87958546168976,-117.22906219052199,65.22188639433543,84,124,10,11
1483233141678,32.87957712937006,-117.22906366419215,65.18784325364801,84,124,10,11
1483233141759,32.87956885599672,-117.22906512294345,65.15626399939379,84,124,10,11
1483233141921,32.879560641091835,-117.2290665851418,65.12438341147208,84,124,10,11
1483233142014,32.87955245831903,-117.22906808427861,65.09477375792318,84,124,10,11
1483233142085,32.87954424948833,-117.22906959723969,65.06486723119673,84,124,10,11
1483233142210,32.879536177359356,-117.22907110118881,65.0314914413144,84,124,13,11
1483233142289,32.8795281469505,-117.22907262088651,64.99147574066025,84,124,13,11
1483233142369,32.879520147045724,-117.22907408696994,64.94902412236048,84,124,13,11
1483233142454,32.87951220002703,-117.22907554325809,64.90827783841786,84,124,13,11
1483233142547,32.879504282433864,-117.22907703203195,64.87176236612758,84,124,13,11
1483233142705,32.879496392817394,-117.22907849112667,64.83151120606462,84,124,13,11
1483233142786,32.87948849545255,-117.22907991257608,64.80658081224792,84,124,13,11
1483233142896,32.879480633901274,-117.22908136835736,64.78324378404368,84,124,13,11
1483233142989,32.87947280067128,-117.22908280752789,64.75561207745696,84,124,13,11
1483233143059,32.879464969128136,-117.22908427538843,64.72896687091023,84,124,13,11
1483233143176,32.87945720990648,-117.22908570192324,64.69442313979472,84,124,13,11
1483233143256,32.879449492035604,-117.22908709749234,64.65674658810671,84,124,15,11
1483233143343,32.87944182730793,-117.22908854928481,64.60705114220028,84,124,15,11
1483233143425,32.87943416581279,-117.22909000641144,64.55969368325958,84,124,15,11
1483233143524,32.87942648174371,-117.22909143758211,64.5243683656419,84,124,15,11
1483233143686,32.87941880310156,-117.22909289205914,64.48776905439074,84,124,15,11
1483233143767,32.87941110828438,-117.22909437405502,64.44807026686183,84,124,15,11
1483233143960,32.879403378429714,-117.2290958479803,64.40808291795005,84,124,15,11
1483233144043,32.87939563024982,-117.22909731172851,64.36987661292312,84,124,15,11
1483233144113,32.87938784523029,-117.22909877608282,64.33177428610126,84,124,15,11
1483233144215,32.87938003898278,-117.22910027966827,64.28926941991675,84,124,15,11
1483233144309,32.87937216492765,-117.2291017706122,64.24876712648721,84,124,15,11
1483233144398,32.87936421715232,-117.22910325945209,64.20642057053895,84,124,15,11
1483233144477,32.879356197919705,-117.22910478946551,64.16740089592253,84,124,15,11
1483233144567,32.87934811481155,-117.22910638602039,64.12819057053494,84,124,15,11
1483233144660,32.87933996592468,-117.22910798631976,64.08615248811367,84,124,15,11
1483233144807,32.87933173473505,-117.22910961891102,64.04664611781074,84,124,15,11
1483233144928,32.87932343573475,-117.22911129246155,64.00858575188076,84,124,15,11
1483233145021,32.879315070071584,-117.22911299900849,63.97390886403408,83,123,15,11
1483233145109,32.8793066652218,-117.22911473956414,63.9389063948696,83,123,15,11
1483233145211,32.87929823809361,-117.22911648451505,63.9060324323679,83,123,15,11
1483233145296,32.87928978329517,-117.22911825994865,63.87181118841566,83,123,15,11
1483233145383,32.87928130152865,-117.22912005543742,63.83695914957513,83,123,15,11
1483233145462,32.879272778933036,-117.22912187697622,63.801526579551194,83,123,15,11
1483233145553,32.879264249255534,-117.22912368330272,63.76525120891188,83,123,15,11
1483233145774,32.87922988705193,-117.22913106566303,63.62199896849448,83,123,15,11
1483233145858,32.879221214659665,-117.2291329537717,63.58821839482123,83,123,15,11
1483233145989,32.87921252242128,-117.22913489015339,63.55684843001442,83,123,15,11
1483233146074,32.879203798625234,-117.22913682302855,63.52620230098598,83,123,15,11
1483233146167,32.87919505270184,-117.2291387623103,63.4926823350938,83,123,15,11
1483233146277,32.879186291605386,-117.2291407198399,63.45372897920928,83,123,15,11
1483233146366,32.879177506492006,-117.22914267868671,63.4112805087152,83,123,15,11
1483233146537,32.87916869368913,-117.22914464251086,63.37136624048771,83,123,15,11
1483233146621,32.87915982652659,-117.22914660983318,63.335620849951525,83,123,15,11
1483233146745,32.87915091127471,-117.22914855871511,63.30515406327004,83,123,15,11
1483233146838,32.87914195884577,-117.22915052950664,63.27431859502718,83,123,15,11
1483233146919,32.87913299846225,-117.2291524896158,63.24150104109522,83,123,15,11
1483233147010,32.87912401711482,-117.22915445425173,63.204143079753585,83,123,15,11
1483233147104,32.87911502974521,-117.22915642661536,63.170610500177034,83,123,15,11
1483233147188,32.87910603882436,-117.22915840957958,63.136836214643004,83,123,15,11
1483233147278,32.87909706081482,-117.22916038952937,63.10539843814819,83,123,15,11
1483233147425,32.87908811132711,-117.2291623370452,63.073768931294005,83,123,15,11
1483233147516,32.879079210268394,-117.22916427311111,63.040502336344915,83,123,15,11
1483233147606,32.879070403338936,-117.22916619881812,63.007089805749146,83,123,15,11
1483233147777,32.87906168303942,-117.22916812138354,62.974218211403134,83,123,15,11
