1616367926225,32.85689978109336,-117.19852737905458,51.168374975601274,38,66,10,11
1616367926425,32.85689183948553,-117.19853958118371,51.31836373981903,38,67,10,11
1616367926546,32.85688381295477,-117.19855183814708,51.476497203795006,38,66,10,11
1616367926745,32.85685110508927,-117.1986015126515,52.107068285775085,36,64,10,11
1616367926889,32.856842763668304,-117.198614098812,52.26967637958128,36,64,10,11
1616367927009,32.85683439365521,-117.19862674949741,52.43256733272432,36,65,12,11
1616367927122,32.85682599620043,-117.19863942987669,52.594696186767536,37,66,12,11
1616367927232,32.856817558640984,-117.1986521110253,52.754408405218,38,67,12,11
1616367927379,32.856809089875476,-117.19866480358488,52.91286009666734,38,67,12,11
1616367927494,32.856800584363825,-117.19867746100792,53.07061302720705,38,67,12,11
1616367927608,32.85679210647318,-117.19869009913221,53.22765104936095,38,67,12,11
1616367927729,32.85676674344503,-117.19872780184393,53.70112539131725,36,67,12,11
1616367927882,32.85675833973258,-117.19874030689591,53.863663053930466,36,66,12,11
1616367927996,32.85674991802211,-117.19875272635542,54.0245313829559,35,66,12,11
1616367928117,32.8567415574503,-117.19876509764981,54.171996252107405,35,65,12,11
1616367928227,32.85673320315869,-117.19877736168829,54.31801959277169,34,64,12,11
1616367928420,32.85672488031244,-117.19878957997543,54.46966171949658,33,64,12,11
1616367928531,32.85671657258007,-117.19880174827725,54.62191673608288,32,63,12,11
1616367928752,32.856683549297124,-117.19884987619484,55.24070613057987,31,61,12,11
1616367928897,32.856675299607005,-117.19886173836916,55.39861343911173,31,61,12,11
1616367929009,32.856667055647044,-117.19887349742626,55.5513532003656,31,61,12,11
1616367929128,32.856658736648676,-117.19888511007801,55.7050899146887,31,61,12,11
1616367929248,32.856650376026025,-117.19889662042708,55.85622210065543,31,62,12,11
1616367929383,32.85664194674799,-117.19890799649093,56.01087922063525,32,62,12,11
1616367929495,32.856633403104176,-117.19891920480445,56.16273815503059,32,62,12,11
1616367929609,32.856624776513726,-117.19893029721727,56.31349720166474,32,62,12,11
1616367929724,32.85659819696589,-117.19896269541086,56.754487300941115,33,62,12,11
1616367929870,32.85658912046759,-117.19897323890153,56.8966856951111,33,63,12,11
1616367929998,32.856579930373144,-117.1989836696633,57.041407447956786,33,62,12,11
1616367930115,32.85657062105026,-117.19899399543363,57.18943656471306,33,62,12,11
1616367930225,32.856561193660234,-117.19900421683863,57.33760415545735,34,62,12,11
1616367930420,32.856551653964246,-117.19901436026191,57.49070348697046,34,63,12,11
1616367930534,32.856542001151176,-117.19902441853638,57.638779468766046,35,63,12,11
1616367930755,32.85650230600338,-117.19906385900602,58.21007127393293,35,64,11,11
1616367930901,32.85649209921748,-117.19907348256994,58.34960798396055,35,63,11,11
1616367931077,32.856481760889146,-117.19908299373601,58.4894507594815,35,63,11,11
1616367931190,32.85647127994222,-117.19909235199859,58.630943263995626,35,63,11,11
1616367931300,32.85646063006472,-117.19910152675071,58.77374779497021,35,63,11,11
1616367931435,32.85644981036022,-117.19911051182619,58.91973723087502,35,63,11,11
1616367931547,32.8564388117598,-117.19911927488559,59.06779253453461,35,63,11,11
1616367931751,32.85639334971262,-117.19915195391424,59.60538689217441,34,61,11,11
1616367931905,32.85638161136168,-117.19915954614378,59.74873539438982,33,61,11,11
1616367932037,32.85636974123302,-117.19916690387761,59.89078095393165,33,61,11,11
1616367932158,32.85635777617103,-117.19917398637713,60.02410971772761,33,60,11,11
1616367932271,32.85634568161871,-117.19918081164117,60.158862268805166,32,60,11,11
1616367932462,32.85633347673598,-117.19918740268136,60.299516722513495,32,59,10,11
1616367932654,32.856283905762005,-117.19921181034617,60.85435842331589,32,59,9,11
1616367932794,32.85627132987145,-117.1992174405443,60.99327068602764,32,59,9,11
1616367932940,32.8562586832851,-117.19922287492035,61.13201640992296,33,60,9,11
1616367933063,32.85624596529307,-117.19922808701236,61.27363083189433,34,60,9,11
1616367933179,32.8562332001471,-117.19923309101006,61.41187012941216,34,61,9,11
1616367933292,32.856220372330746,-117.19923785583596,61.55196022758949,34,61,9,11
1616367933439,32.856207465132144,-117.19924238940487,61.69643898341271,35,62,9,11
1616367933553,32.856194503119376,-117.19924666825747,61.83847039250911,36,62,9,11
1616367933755,32.856141990984966,-117.19926111323494,62.410711799162975,38,64,10,11
1616367933899,32.8561287594464,-117.19926399910655,62.54596863009895,39,65,10,11
1616367934013,32.85611551483303,-117.19926663031241,62.67995342204596,40,66,10,11
1616367934129,32.85610224081961,-117.19926896545697,62.822575947472316,41,67,10,11
1616367934242,32.856088950481016,-117.19927101342424,62.966718614454656,41,67,10,11
1616367934433,32.85607565683835,-117.19927273999107,63.1064678212006,42,68,10,11
1616367934547,32.856062383860156,-117.19927416162147,63.240462547880036,42,68,10,11
1616367934766,32.856009444266846,-117.19927702931184,63.77710335102828,41,69,10,11
1616367934926,32.85599625582738,-117.19927702024683,63.91588448156247,40,68,10,11
1616367935038,32.85598306342701,-117.19927668681694,64.04930010425025,40,68,10,11
1616367935157,32.85596990698028,-117.19927605998141,64.17975737232219,39,68,10,11
1616367935269,32.85595673979693,-117.19927512535028,64.31320086144164,39,68,10,11
1616367935404,32.855943620565235,-117.19927391678755,64.4463646275236,38,68,10,11
1616367935517,32.855930529062384,-117.19927242494185,64.57516382225602,37,67,10,11
1616367935781,32.85587809239352,-117.19926356176516,65.11630969704741,36,66,11,11
1616367935900,32.85586491852474,-117.19926078717842,65.25188516903637,37,67,11,11
1616367936020,32.855851731636946,-117.19925783370773,65.38405225532449,38,68,11,11
1616367936130,32.85583854153948,-117.19925474517996,65.51239130907042,39,69,11,11
1616367936245,32.85582532166703,-117.19925149540032,65.642128869816,40,70,11,11
1616367936440,32.85581207891537,-117.19924809280644,65.77408564655578,41,70,11,11
