4925065370810,33.069521116330606,-117.06966629845057,75.79480506704938,98,146,13,11
4925065370977,33.06935621768067,-117.06964206585181,75.40203939773318,102,148,0,13
4925065371084,33.06932325653108,-117.06963721141425,75.33232067317297,105,149,0,13
4925065371186,33.06929028753442,-117.06963232994727,75.26643927470921,107,151,0,13
4925065371292,33.06925730737649,-117.06962742674692,75.20583115593693,110,153,0,13
4925065371428,33.06922431794116,-117.06962251339438,75.14649059847397,113,155,0,13
4925065371552,33.06919130009988,-117.0696176093909,75.09339531008486,116,157,0,13
4925065371644,33.06915825378383,-117.06961271219166,75.04316188268827,119,158,0,13
4925065371736,33.06912516599821,-117.06960781704119,74.99387608753457,122,160,0,13
4925065371811,33.06909204240046,-117.06960293085162,74.94182354048426,125,162,0,13
4925065371897,33.06905888095178,-117.06959805992778,74.8882056206518,129,164,0,13
4925065372057,33.06902566753915,-117.06959321225018,74.83832893597156,132,166,0,13
4925065372143,33.06899241459378,-117.06958838943027,74.78870834681602,135,168,0,13
4925065372224,33.06895912396858,-117.06958359262738,74.74061551407458,139,170,0,13
4925065372344,33.06892579851076,-117.06957880362214,74.69599903712093,142,172,0,13
4925065372420,33.068892451183416,-117.06957404166393,74.65222422628833,146,174,0,13
4925065372577,33.068859078768334,-117.06956930470301,74.61036166423425,150,176,0,13
4925065372670,33.068825697524666,-117.06956459920099,74.56711978075505,153,178,0,13
4925065372753,33.06879230538415,-117.06955992818308,74.52549548120433,157,180,0,13
4925065372844,33.06875891049729,-117.06955529406247,74.48516763090981,161,182,0,13
4925065372922,33.068725516524744,-117.06955069345496,74.44862504446061,165,184,0,13
4925065373026,33.06869211706562,-117.06954612062626,74.41811792445073,169,186,0,13
4925065373162,33.06865881143457,-117.06954161320913,74.39256387445538,171,187,14,11
4925065373248,33.068625432329036,-117.06953709395582,74.3623120506591,175,190,0,13
4925065373368,33.06859222388161,-117.06953255610767,74.33632563583905,176,191,14,11
4925065373459,33.068559135145044,-117.06952803263376,74.3182720507263,174,192,14,11
4925065373617,33.06852611171834,-117.06952353065401,74.29827704269012,171,192,14,11
4925065373698,33.068493147280265,-117.06951902631467,74.27784923783125,167,192,14,11
4925065373791,33.068460212275966,-117.0695145107045,74.26036669116976,163,192,14,11
4925065373875,33.06842729927163,-117.06950998277927,74.24332380652561,158,191,14,11
4925065374006,33.06839440469813,-117.06950544478245,74.2255618891754,154,190,14,11
4925065374150,33.06836151879908,-117.06950089453815,74.20864909716772,149,189,14,11
4925065374240,33.06832865025373,-117.0694963290827,74.19182126989914,145,188,14,11
4925065374338,33.068295794836246,-117.06949172365033,74.17652021148749,141,187,15,11
4925065374422,33.06826296352142,-117.06948709375204,74.16158498752822,137,185,15,11
4925065374517,33.06823018396975,-117.06948241875418,74.14417363775819,133,184,15,11
4925065374668,33.068197430906395,-117.06947773366834,74.1237490490902,130,183,15,11
4925065374771,33.06816470588629,-117.06947306247503,74.1034360437532,127,181,15,11
4925065374852,33.06813202476675,-117.06946840038431,74.08236073994979,124,180,15,11
4925065374934,33.0680993937111,-117.06946375719377,74.05527944456094,121,178,15,11
4925065375080,33.068066807954715,-117.06945911532296,74.0322850772188,118,177,15,11
4925065375153,33.068034299985214,-117.06945445405921,74.00760096255641,116,175,15,11
4925065375247,33.068001843202374,-117.06944981169104,73.98247392458012,114,174,15,11
4925065375328,33.067969446235956,-117.06944520236517,73.95836651892701,112,172,15,11
4925065375435,33.067937095196115,-117.06944062872121,73.9349444778626,110,171,15,11
4925065375528,33.067904809692045,-117.06943606859103,73.90803972484807,108,169,15,11
4925065375677,33.067872577080614,-117.06943153555896,73.88384659449325,106,168,15,11
4925065375759,33.06784040998941,-117.06942698447962,73.86382114555131,105,166,15,11
4925065375849,33.06780830972525,-117.06942242409906,73.83984907683829,103,165,15,11
4925065375933,33.067776272670805,-117.06941784546716,73.81445677610346,102,164,15,11
4925065376074,33.06774430443848,-117.06941326082995,73.79038443026894,100,162,15,11
4925065376222,33.06771238343561,-117.06940868060465,73.77073852020632,99,161,15,11
4925065376316,33.06768051721634,-117.06940411958205,73.74996968298547,98,160,15,11
4925065376398,33.06764871743765,-117.0693995539489,73.72587581791863,97,159,15,11
4925065376482,33.06761696435662,-117.0693949789015,73.705009938487,96,158,15,11
4925065376651,33.06758526455348,-117.06939041681947,73.68587987765959,95,157,15,11
4925065376741,33.067553608175935,-117.06938588058303,73.66784698256824,94,155,15,11
4925065376825,33.06752199972583,-117.06938133052687,73.65051011530659,94,154,15,11
4925065376915,33.06749045307721,-117.06937677541345,73.63027598468483,93,153,15,11
4925065376998,33.06745894647515,-117.06937223751689,73.6161427413081,92,152,15,11
4925065377138,33.06742752254448,-117.0693677138407,73.59732851849029,92,151,15,11
4925065377226,33.067396192354714,-117.0693631701301,73.57546893242119,91,150,15,11
4925065377321,33.0673649642698,-117.06935864666916,73.55055091978716,90,149,15,11
4925065377420,33.06733356102261,-117.06935408640794,73.52658225833694,90,148,15,11
4925065377506,33.06730254474672,-117.06934960347105,73.50831915061023,90,148,15,11
4925065377662,33.067271640731086,-117.06934514815502,73.48848543176824,89,147,15,11
4925065377755,33.0672408264299,-117.0693407164117,73.4692646190637,89,146,15,11
4925065377844,33.06721013566626,-117.06933630020387,73.44582264551414,88,145,15,11
4925065377929,33.06717954370193,-117.06933190676672,73.4234546324144,88,144,15,11
4925065378011,33.067148793434214,-117.06932749564763,73.3967952083153,88,144,15,11
4925065378150,33.06711842477703,-117.06932315058066,73.36985257127222,87,143,15,11
4925065378290,33.06708815703981,-117.06931883409835,73.3442321306752,87,142,15,11
4925065378380,33.06705798442536,-117.06931453263823,73.31778682590138,87,142,15,11
4925065378544,33.06693805658321,-117.06929758224396,73.1820982918706,86,139,15,11
4925065378632,33.06690832031887,-117.06929347748193,73.16196538678903,86,139,15,11
4925065378733,33.06687864875679,-117.0692894161306,73.13864154535531,86,138,15,11
4925065378844,33.06684901855747,-117.06928537778707,73.11057957789852,86,138,15,11
4925065378982,33.06681946211259,-117.06928138009285,73.07565040347072,86,137,15,11
4925065379066,33.06678970873265,-117.06927741812285,73.04688678101505,86,137,15,11
4925065379157,33.066760210995504,-117.0692735694234,73.02660627367192,86,136,15,11
4925065379240,33.0667307493556,-117.06926977928546,73.0049567468603,86,136,15,11
4925065379344,33.06670130297636,-117.06926603175256,72.98495887989057,86,135,15,11
4925065379496,33.06667188903361,-117.06926232551977,72.96014301774515,86,135,15,11
4925065379587,33.06664248770856,-117.06925867136088,72.93745549262299,86,135,15,11
4925065379668,33.0666128750763,-117.06925504971444,72.91545466100516,86,134,15,11
4925065379762,33.066583498184876,-117.06925154639109,72.89169910960007,86,134,15,11
4925065379842,33.06655413010133,-117.0692481322793,72.8674584935251,86,133,15,11
4925065379985,33.066524770761255,-117.0692447887407,72.84440941999596,86,133,15,11
4925065380127,33.066495413280244,-117.06924151450986,72.82250070125501,86,133,15,11
4925065380219,33.06646606034923,-117.06923828069633,72.80192703208398,86,132,15,11
4925065380309,33.06643650819708,-117.06923506374966,72.7827746444559,86,132,15,11
4925065380394,33.066407197552735,-117.06923188651915,72.76211741854952,86,132,15,11
4925065380556,33.0663778930757,-117.06922874705428,72.74630841753643,86,131,15,11
4925065380635,33.06634862539948,-117.06922565129385,72.72644706967698,86,131,15,11
4925065380717,33.0663193967293,-117.06922256204062,72.70607042866182,86,131,15,11
4925065380807,33.066290210645896,-117.06921951020821,72.6862196752553,86,131,15,11
4925065380890,33.06626088822927,-117.06921647843771,72.6661083672419,86,130,15,11
