1616285722807,32.8800363534844,-117.23539906686611,76.97500686167255,52,113,7,11
1616285722922,32.880036358469106,-117.23539908578715,76.97541860431065,51,112,7,11
1616285723034,32.880036345677524,-117.23539909989536,76.97434552836556,51,112,7,11
1616285723236,32.880036370608565,-117.23539909283771,76.9759211253262,51,112,6,11
1616285723348,32.88003636743752,-117.23539908728578,76.97532006439693,51,112,6,11
1616285723472,32.880036353710054,-117.2353990716799,76.97358350253317,52,112,6,11
1616285723617,32.880036363972756,-117.23539906931178,76.97412585201829,52,112,6,11
1616285723734,32.88003634081757,-117.2353990608491,76.97192940703668,52,113,6,11
1616285723864,32.8800363589937,-117.23539905151952,76.97266601049694,52,113,6,11
1616285723977,32.88003634325503,-117.23539902773663,76.9710035234802,53,114,6,11
1616285724063,32.88003633055209,-117.23539900168207,76.96824117336334,53,114,6,11
1616285724243,32.88003629659138,-117.23539895506906,76.96470750971666,54,116,6,11
1616285724445,32.88003628949914,-117.2353989418972,76.96328461871012,55,116,6,11
1616285724558,32.880036297059405,-117.23539892107401,76.96368964062611,55,117,6,11
1616285724692,32.88003630154486,-117.23539892416126,76.96253036971832,55,117,6,11
1616285724808,32.880036294786926,-117.2353989244206,76.96265922611934,56,118,6,11
1616285724926,32.8800362728567,-117.23539891552328,76.96025424898637,56,118,6,11
1616285725094,32.88003628383082,-117.2353989283638,76.96195774928003,56,118,7,11
1616285725256,32.88003629067473,-117.23539894808697,76.96484332390801,55,118,7,11
1616285725401,32.88003629590621,-117.23539897717701,76.96549818342163,55,118,7,11
1616285725513,32.880036308690485,-117.23539899241577,76.96789264303285,55,118,7,11
1616285725660,32.88003631812493,-117.2353990397814,76.97039029368479,54,117,7,11
1616285725781,32.880036306247995,-117.23539903371285,76.97246248235368,54,117,6,11
1616285725894,32.88003632529466,-117.23539904268763,76.97407829892292,54,117,6,11
1616285726009,32.88003631594005,-117.23539904474545,76.97302953958528,54,117,6,11
1616285726255,32.88003631858958,-117.23539906486295,76.97779634367024,54,117,6,11
1616285726463,32.88003634854222,-117.23539908152387,76.98145316898233,54,117,6,11
1616285726577,32.88003633262035,-117.23539912752834,76.98169796691165,53,117,6,11
1616285726719,32.88003633692316,-117.23539913452844,76.9836773101866,53,116,6,11
1616285726834,32.88003634888254,-117.23539917501763,76.98665647367217,53,116,6,11
1616285727037,32.880036339551744,-117.23539922266288,76.99199735341186,52,116,6,11
1616285727147,32.880036366267355,-117.23539923259914,76.99503581013715,52,115,6,11
1616285727302,32.88003635610283,-117.23539923448251,76.99659399225777,52,115,6,11
1616285727446,32.880036386877485,-117.23539925280981,76.99816088286265,52,116,7,11
1616285727566,32.88003638193837,-117.2353992476971,76.99928923511487,52,116,7,11
1616285727702,32.88003638660867,-117.23539925540076,77.00040863789133,52,116,6,11
1616285727818,32.88003637274705,-117.23539924769305,76.99992549027795,52,116,6,11
1616285727931,32.880036398042954,-117.23539926677866,77.00373374908725,52,116,6,11
1616285728126,32.880036396233216,-117.23539932871898,77.01062955795183,52,116,6,11
1616285728281,32.880036427283784,-117.23539935589965,77.01337288540303,52,116,6,11
1616285728481,32.8800364009909,-117.23539936856251,77.01411230588307,51,116,6,11
1616285728596,32.88003641487301,-117.23539937629508,77.01802520750127,51,115,6,11
1616285728737,32.88003641302307,-117.23539939333911,77.01978399452322,51,115,6,11
1616285728856,32.88003642797599,-117.23539942160231,77.02296244519503,51,115,6,11
1616285728994,32.88003647928562,-117.23539952251545,77.0343008455155,50,115,6,11
1616285729189,32.8800364325545,-117.23539951004429,77.03393552566354,50,114,6,11
1616285729312,32.8800364560003,-117.23539954625646,77.03813293849065,50,114,6,11
1616285729459,32.88003649173358,-117.23539957066721,77.04206730700318,49,114,6,11
1616285729575,32.88003648661436,-117.23539959696437,77.0450801751671,49,113,6,11
1616285729722,32.8800364610925,-117.23539961955733,77.0456686190289,49,113,6,11
1616285729839,32.88003649810329,-117.23539963848036,77.04919992507861,49,113,6,11
1616285729999,32.880036481579204,-117.23539970297526,77.05398617116983,49,113,6,11
1616285730178,32.880036498760596,-117.23539972318031,77.05761983915303,49,113,6,11
1616285730297,32.88003648473559,-117.23539973561626,77.05832616709124,49,113,6,11
1616285730503,32.88003647911162,-117.23539975224185,77.05962964496321,49,113,6,11
1616285730617,32.880036469788436,-117.23539978724185,77.06046408534905,49,112,6,11
1616285730829,32.880036471724075,-117.23539988909857,77.06528997511812,48,112,6,11
1616285730941,32.88003647745273,-117.23539990709037,77.06823022304413,48,111,6,11
1616285731074,32.880036465312706,-117.23539991364551,77.0680322552272,48,111,6,11
1616285731216,32.880036480412784,-117.23539995723183,77.07116389933387,48,111,6,11
1616285731336,32.88003647988785,-117.23539997445667,77.07287356794409,48,111,6,11
1616285731481,32.88003647351924,-117.23539999870665,77.07430691644909,48,111,6,11
1616285731596,32.88003647979572,-117.2354000156372,77.07561725461603,48,111,6,11
1616285731735,32.8800364809099,-117.23540004543564,77.07778121472018,48,111,6,11
1616285731850,32.880036465537955,-117.23540007472279,77.07828117374068,47,110,6,11
1616285732037,32.88003644722993,-117.2354001933109,77.0817573439247,47,109,6,11
1616285732157,32.88003644449682,-117.23540021568056,77.08230240096819,47,109,6,11
1616285732343,32.8800364727475,-117.2354002404251,77.08468346538719,46,108,6,11
1616285732628,32.88003646979376,-117.23540036747416,77.0899226930981,45,105,7,11
1616285732741,32.880036451128774,-117.23540038144445,77.08777932077402,44,104,7,11
1616285732854,32.8800364406841,-117.2354004061587,77.08810108957591,44,104,7,11
