1483236439423,32.79415548724498,-117.14960877126549,55.7696361829032,42,67,15,11
1483236439536,32.794185596677494,-117.14960738583214,55.78724612420446,43,68,15,11
1483236439646,32.79421571894159,-117.14960591750395,55.8057786359232,43,68,15,11
1483236439759,32.794245843105834,-117.14960435042558,55.82206795986213,43,68,15,11
1483236439895,32.79427595872959,-117.1496027085588,55.845924560143494,43,68,15,11
1483236439998,32.79436641688533,-117.14959740106966,55.93755228328684,44,69,15,11
1483236440200,32.7943965973689,-117.14959552615028,55.964019956201184,45,70,15,11
1483236440314,32.794426756333806,-117.1495936294489,55.99051792467892,45,70,15,11
1483236440450,32.794456942064194,-117.14959171973958,56.01906870038319,45,70,15,11
1483236440564,32.794487129695604,-117.14958977813546,56.04964849674412,45,70,15,11
1483236440675,32.79451732226083,-117.14958784332894,56.080314932309676,46,71,15,11
1483236440788,32.794547487325325,-117.14958593679086,56.11135873845156,46,71,15,11
1483236441005,32.794667993776905,-117.14957792803924,56.23798718900352,47,73,14,11
1483236441152,32.79469808780052,-117.14957584717943,56.2726475231951,47,73,14,11
1483236441266,32.794728129008035,-117.1495737206767,56.30781843940639,47,73,14,11
1483236441400,32.79475818533622,-117.14957155351937,56.339371020747485,47,73,14,11
1483236441524,32.794788200722735,-117.14956936386217,56.37547863173226,47,73,14,11
1483236441634,32.79481819619127,-117.1495671595488,56.40885016643358,47,74,14,11
1483236441748,32.794848164993816,-117.14956495650671,56.44375810782832,47,74,14,11
1483236442003,32.7949379135406,-117.1495583040652,56.53117506440003,47,75,13,11
1483236442183,32.794967767884025,-117.14955607768171,56.56134355273442,47,75,13,11
1483236442435,32.79508700957306,-117.149547155832,56.689335304476494,46,75,14,11
1483236442548,32.795116766505664,-117.14954495916086,56.724633860240786,46,75,14,11
1483236442662,32.795146528758366,-117.14954278300364,56.75860646145746,47,75,14,11
1483236442786,32.79517632889495,-117.14954062577324,56.78936057083295,47,76,14,11
1483236442955,32.795206043218506,-117.14953845991144,56.82204488241061,47,76,14,11
1483236443121,32.795235746514024,-117.14953631958264,56.855620957822524,47,76,14,11
1483236443247,32.79526545418254,-117.14953419690349,56.88706738189786,46,76,14,11
1483236443439,32.795384149994234,-117.14952576164045,57.0246204928425,44,74,15,11
1483236443551,32.795413774062986,-117.14952365677759,57.05587597234424,44,73,14,11
1483236443664,32.79544337017756,-117.14952156443819,57.08352411643406,43,72,14,11
1483236443836,32.795472949518135,-117.14951950591498,57.11507977836432,42,71,14,11
1483236444038,32.795561781883166,-117.1495133173577,57.20907836147745,41,70,14,11
1483236444150,32.79559131042508,-117.14951125674928,57.24081696892029,40,69,14,11
1483236444264,32.79562083368132,-117.14950924000777,57.27170476785017,40,68,15,11
1483236444398,32.7956503555105,-117.14950724168943,57.296540413667856,40,68,15,11
1483236444527,32.79567984977399,-117.14950526525533,57.32107589736184,39,67,15,11
1483236444640,32.795709549901844,-117.14950328109924,57.351657318579505,39,67,15,11
1483236444754,32.79573903819308,-117.14950129972532,57.37908536038749,39,66,14,11
1483236444921,32.79576852227014,-117.14949930688935,57.406711952051275,39,66,14,11
1483236445099,32.79588664484683,-117.14949112711793,57.497361298097644,38,64,14,11
1483236445254,32.79591610516171,-117.14948903216694,57.52632105000793,38,64,14,11
1483236445399,32.795945563955755,-117.14948691332003,57.55844293946866,38,64,14,11
1483236445516,32.795974996429834,-117.14948477776873,57.58811286302839,38,63,14,11
1483236445626,32.796004432457515,-117.14948264285417,57.61869904330872,38,63,14,11
1483236445741,32.79603387211558,-117.14948050950933,57.64702449666304,38,63,14,11
1483236445918,32.79612213779243,-117.14947413896499,57.74014561097212,38,63,14,11
1483236446034,32.79615152060388,-117.1494720397498,57.77158273967029,37,63,14,11
1483236446126,32.79618090345866,-117.14946993093248,57.80520244735054,37,62,14,11
1483236446273,32.796210295090596,-117.149467839769,57.84097357808299,38,63,14,11
1483236446419,32.796239660159515,-117.14946572246039,57.87512809952873,39,63,14,11
1483236446534,32.79626902203853,-117.14946356856082,57.9087253217951,39,64,14,11
1483236446646,32.79629835213034,-117.14946144251604,57.944595619894045,39,63,14,11
1483236446759,32.796327690732404,-117.14945931450733,57.979684457297985,39,64,14,11
1483236446896,32.79635699018887,-117.1494571819584,58.01486712547215,39,64,14,11
1483236447028,32.79644485915991,-117.14945076403616,58.114771676259934,40,65,14,11
1483236447117,32.79647411030477,-117.14944863359979,58.14878153449186,41,65,14,11
1483236447272,32.796503341901676,-117.14944648730847,58.184567433368564,41,66,14,11
1483236447406,32.79653256355395,-117.1494443620326,58.222642422687244,41,66,14,11
1483236447518,32.7965617806553,-117.14944223233564,58.260160942609886,41,66,14,11
1483236447631,32.79659097533901,-117.14944011200257,58.29914599727856,41,66,14,11
1483236447744,32.796620152151284,-117.14943802323539,58.340242528477134,41,66,14,11
1483236448067,32.796736849589735,-117.14942992305467,58.495411861187854,41,66,14,11
1483236448156,32.79676599422365,-117.14942803772672,58.53359927347485,41,66,14,11
1483236448310,32.79679514470493,-117.14942623601542,58.586767001142185,40,66,14,11
1483236448444,32.79682430616713,-117.14942442729361,58.64654556648177,40,65,14,11
1483236448556,32.79685350969627,-117.14942268436374,58.70431843285644,40,65,14,11
1483236448672,32.79688270869918,-117.14942094708574,58.75416484463778,39,65,14,11
1483236448782,32.79691194013306,-117.14941923235953,58.80640729371008,39,64,14,11
1483236448932,32.79699966938536,-117.14941408000949,58.95510842769324,38,64,14,11
1483236449048,32.79702893169515,-117.1494123988781,59.007422393179475,38,64,14,11
1483236449137,32.797058219815376,-117.1494107372691,59.05970644359796,38,64,14,11
1483236449282,32.79708759322182,-117.14940906369159,59.11275624140704,38,63,14,11
1483236449415,32.79711690149416,-117.14940742965898,59.165204208493776,38,64,14,11
1483236449545,32.79714622044546,-117.14940579615485,59.2117739697315,38,64,14,11
