1483236238964,32.744438735753405,-117.11889245116994,49.0206798256393,95,118,13,11
1483236239228,32.74453338495912,-117.11897082628,49.26048074163815,93,120,14,11
1483236239341,32.7445569453713,-117.11899039565827,49.31312308630432,92,120,14,11
1483236239454,32.74458050474679,-117.11900998170792,49.369565040808304,91,120,14,11
1483236239564,32.74460405453638,-117.11902955092611,49.42237293843019,89,119,14,11
1483236239699,32.744627600342504,-117.11904916014181,49.47536169200053,88,119,14,11
1483236239826,32.74465113572145,-117.11906876522423,49.52592813455534,87,119,14,11
1483236240029,32.74472171647894,-117.11912769356303,49.672843126590486,80,115,14,11
1483236240179,32.74474521483455,-117.11914740118955,49.71948855959555,78,112,14,11
1483236240291,32.74476875178212,-117.11916709171972,49.76601617089839,75,110,14,11
1483236240404,32.74479227329535,-117.11918681136864,49.819334506190025,75,110,13,11
1483236240516,32.74481582969457,-117.11920656027817,49.87438722252202,74,110,13,11
1483236240639,32.744839310449784,-117.11922629220406,49.92306443974678,73,109,13,11
1483236240741,32.7448628091923,-117.11924603338973,49.980435331239136,72,108,13,11
1483236240925,32.74493340604679,-117.11930530069225,50.158212912179124,68,105,13,11
1483236241050,32.744956933865964,-117.11932504832104,50.21169157165247,67,104,13,11
1483236241152,32.744980491554976,-117.1193447799822,50.26824571611884,67,104,13,11
1483236241300,32.745004036408474,-117.11936452543183,50.32393732850922,65,102,13,11
1483236241410,32.745027619419666,-117.11938426659935,50.377874386507614,65,102,13,11
1483236241530,32.745051181320264,-117.11940405319855,50.434157869851916,66,103,14,11
1483236241646,32.745074714832185,-117.11942380350847,50.48386317877792,66,103,14,11
1483236241748,32.74509826557048,-117.11944353867692,50.53754245868355,65,102,14,11
1483236241927,32.74516891705483,-117.11950273846239,50.70321434293054,62,99,13,11
1483236242074,32.74519249280443,-117.11952243223044,50.751808670546524,62,99,13,11
1483236242176,32.74521600417787,-117.11954210431259,50.79988832881081,61,98,13,11
1483236242332,32.745239547372655,-117.11956181337219,50.850476112694544,61,98,13,11
1483236242446,32.74526303653844,-117.11958149693464,50.9030389647569,60,97,13,11
1483236242532,32.745286530312626,-117.11960116436765,50.95773190398002,60,96,13,11
1483236242673,32.74531008042429,-117.11962085923605,51.01052782497067,59,96,13,11
1483236242775,32.74533354170078,-117.11964051324982,51.06189372474322,59,96,13,11
1483236242926,32.7454039266971,-117.11969923625959,51.23113866077795,58,95,13,11
1483236243036,32.745427356764395,-117.11971881604771,51.29336552618214,58,95,13,11
1483236243200,32.74545082337862,-117.11973847025325,51.34831354348288,58,94,13,11
1483236243346,32.74547417886109,-117.11975801169207,51.39741859217767,57,93,13,11
1483236243470,32.74549748445145,-117.11977755057774,51.446911857329354,57,93,13,11
1483236243587,32.745520775318774,-117.11979708630511,51.51758756290835,56,92,13,11
1483236243835,32.74561395983448,-117.11987512911722,51.77508209766899,54,88,15,11
1483236244007,32.745637154985495,-117.11989458850208,51.84788970654365,53,87,15,11
1483236244189,32.74566034261001,-117.11991402548182,51.913821092147806,53,87,15,11
1483236244336,32.7457299547122,-117.11997234389366,52.09701817631571,53,85,15,11
1483236244447,32.74575303751112,-117.11999171806568,52.16093241759566,52,84,15,11
1483236244570,32.74577612451432,-117.1200110538322,52.22232864457917,52,83,15,11
1483236244677,32.74579920686632,-117.1200303728384,52.28225255175397,52,83,15,11
1483236244876,32.74582227021376,-117.12004967667418,52.340461983780834,52,83,14,11
1483236244965,32.74584532790122,-117.1200689794662,52.39741575240769,52,83,13,11
1483236245075,32.74591455534438,-117.12012691951249,52.56718306383569,53,83,8,11
1483236245198,32.74593755736885,-117.12014616266673,52.61182538890384,55,85,0,13
1483236245310,32.7459605454848,-117.12016538840092,52.65564671823567,57,86,0,13
1483236245424,32.745983526299966,-117.12018461114052,52.70197973511793,59,87,0,13
1483236245545,32.7460065011936,-117.12020382191763,52.74865917315923,61,89,0,13
1483236245729,32.74602947448658,-117.12022303085809,52.798229592718336,63,90,0,13
1483236245968,32.746121243165156,-117.12029987570762,52.98250464175333,71,96,0,13
1483236246117,32.74614417378181,-117.12031907183751,53.028649719330566,73,97,0,13
1483236246232,32.74616709786431,-117.12033828207197,53.07812907236985,76,99,0,13
1483236246344,32.74619000330871,-117.12035749510237,53.12402750376272,78,100,0,13
1483236246457,32.746212911197915,-117.12037670945676,53.17347619649631,81,102,0,13
1483236246591,32.74623580424006,-117.12039591408528,53.21996267227961,84,103,0,13
1483236246711,32.74625869602529,-117.12041512785017,53.27215384986526,86,105,0,13
1483236246828,32.74628157105413,-117.12043435146497,53.32361806944347,89,107,0,13
1483236246981,32.74635012417616,-117.12049205163824,53.473206502653376,98,112,14,11
1483236247123,32.746372939627044,-117.12051130288181,53.51888875721539,101,113,14,11
1483236247234,32.746395759189426,-117.12053056868022,53.56861745045054,103,115,14,11
1483236247346,32.7464185711803,-117.12054981607028,53.61314598491357,106,116,14,11
1483236247458,32.746441383578464,-117.1205690559024,53.65664040308186,108,118,14,11
1483236247573,32.74646415067747,-117.12058831728095,53.69938777133027,111,120,14,11
1483236247709,32.74648694103507,-117.12060758198284,53.74492426771872,114,121,14,11
1483236247831,32.74650971800483,-117.12062682393778,53.78575705761373,116,123,14,11
1483236248035,32.7465780160685,-117.12068461410898,53.91955089923887,122,127,15,11
1483236248168,32.7466007677324,-117.120703939427,53.97009952208376,124,129,15,11
1483236248278,32.746623562841286,-117.12072320711817,54.01899116950472,125,130,15,11
1483236248390,32.7466463390207,-117.12074246773575,54.06907744722457,126,131,15,11
1483236248509,32.746669176816695,-117.1207617214715,54.118445935369394,127,132,15,11
1483236248622,32.74669198014527,-117.12078093951898,54.170932670010636,128,134,15,11
1483236248758,32.746714776377836,-117.12080016721023,54.222924427655634,129,135,15,11
1483236248888,32.74678343269093,-117.12085758849854,54.3844023304447,126,138,15,11
1483236249034,32.746806340837274,-117.1208767788843,54.437759492408105,126,139,15,11
