1613864306426,32.76105218738054,-117.12977394898722,86.33605692933698,41,83,12,11
1613864306601,32.761052207426665,-117.12977395554753,86.33744844370442,41,83,12,11
1613864306793,32.76105222489142,-117.12977393112928,86.34255316716126,42,84,11,11
1613864306903,32.76105224227353,-117.12977392137131,86.34545568920859,42,84,11,11
1613864307024,32.76105225550337,-117.12977390880641,86.34731272910166,42,84,11,11
1613864307154,32.76105225127333,-117.1297738817621,86.34941285224713,42,85,11,11
1613864307377,32.76105225987361,-117.1297738867201,86.35177719198802,42,85,11,11
1613864307487,32.76105227320181,-117.12977386001826,86.3541372916356,42,85,11,11
1613864307663,32.76105232284151,-117.12977381540011,86.36136456213166,42,86,11,11
1613864307807,32.76105232021578,-117.12977380941891,86.36346446869668,42,86,11,11
1613864307920,32.76105234370987,-117.1297737912845,86.36635616851726,42,86,11,11
1613864308034,32.76105234352608,-117.12977378603253,86.36716064644006,42,86,11,11
1613864308199,32.76105236686754,-117.12977379063408,86.3674311207384,42,86,12,11
1613864308389,32.76105240011197,-117.12977371903861,86.37381055112665,42,87,12,11
1613864308503,32.76105241397525,-117.12977372161426,86.37634962673438,42,87,12,11
1613864308615,32.76105242300776,-117.12977370884168,86.37650113752049,42,87,12,11
1613864308743,32.7610524338993,-117.12977370776548,86.37757009705477,42,87,12,11
1613864308889,32.76105245346188,-117.12977367410424,86.3805705946112,41,86,12,11
1613864309001,32.76105246125294,-117.12977366475627,86.38310273655607,41,86,12,11
1613864309114,32.761052469428286,-117.12977364492447,86.38572806339221,41,86,12,11
1613864309292,32.76105251293203,-117.12977359419095,86.39123802160366,41,86,12,11
1613864309411,32.76105252795406,-117.12977356130985,86.39309539424896,40,85,12,11
1613864309527,32.76105255334514,-117.12977354736469,86.39614724859771,40,85,12,11
1613864309640,32.761052559366156,-117.12977353604447,86.39770738326415,40,84,12,11
1613864309792,32.76105256085224,-117.12977354998236,86.39881907185331,39,84,12,11
1613864309916,32.76105258793625,-117.12977359759748,86.400538696586,39,83,12,11
1613864310026,32.76105260101422,-117.12977369839325,86.40269065919657,39,83,12,11
1613864310196,32.76105263329912,-117.12977433170998,86.4070568701782,39,83,12,11
1613864310309,32.76105264188824,-117.12977470477047,86.40841642777076,39,82,12,11
1613864310587,32.761052642357576,-117.12977517864302,86.4106310569127,38,82,12,11
1613864310702,32.76105264470448,-117.12977582108512,86.41028344632583,38,82,12,11
1613864310893,32.76105266556224,-117.12977946251151,86.4197554942615,37,80,12,11
1613864311008,32.761052659776254,-117.1297805413469,86.42301990426208,37,79,12,11
1613864311140,32.76105266097316,-117.12978164002655,86.42403994580938,36,79,12,11
1613864311366,32.76105268239406,-117.12978282788477,86.42631103341877,37,79,13,11
1613864311479,32.7610527016509,-117.1297840029269,86.42778844991344,37,80,13,11
1613864311598,32.76105270665227,-117.1297852192822,86.42745697343514,38,80,13,11
1613864311711,32.76105270977749,-117.12978646503245,86.42953346350149,38,80,13,11
1613864311833,32.76105268744313,-117.12978773879307,86.42910881442681,38,81,13,11
1613864311951,32.761052670717476,-117.12978902401845,86.43114437293458,38,81,13,11
1613864312200,32.76105269997136,-117.12979451359173,86.43972901301773,38,81,13,11
1613864312333,32.76105268281812,-117.12979594570271,86.44051358348264,38,81,13,11
1613864312446,32.76105266990917,-117.12979736456212,86.4435050431437,38,80,13,11
1613864312695,32.76105261614105,-117.12980342113968,86.44363111009893,38,79,13,11
1613864312817,32.76105259822444,-117.12980493620279,86.44317510893298,38,80,13,11
1613864312941,32.761052599704,-117.1298064282788,86.44510311400836,38,80,13,11
1613864313052,32.76105258754737,-117.12980793508882,86.44594513138978,38,79,13,11
1613864313243,32.761052562023586,-117.12980940013698,86.44479618015463,38,79,13,11
1613864313406,32.761052525225764,-117.1298108335516,86.44487018693373,38,79,13,11
1613864313520,32.76105253545666,-117.12981228556255,86.44477063240407,38,79,13,11
1613864313698,32.76105253256441,-117.12981783173643,86.43978250637511,39,80,13,11
1613864313811,32.76105249220542,-117.12981918324002,86.4402414450661,39,80,13,11
1613864313933,32.76105247420722,-117.12982051007342,86.44114510165306,39,80,13,11
1613864314056,32.76105247219653,-117.1298218272002,86.43750543986162,39,80,13,11
1613864314188,32.7610524510045,-117.12982313430516,86.43699669794289,38,79,12,11
1613864314386,32.7610524081313,-117.12982700880323,86.4376055636587,38,79,12,11
1613864314500,32.76105239176305,-117.12982830890606,86.43915332330776,38,79,12,11
1613864314620,32.76105235781737,-117.12982956159138,86.43861740443927,37,78,12,11
1613864314735,32.761052368073386,-117.12983082516426,86.43709879697325,37,78,12,11
1613864314888,32.76105232099526,-117.12983205535429,86.43591166583758,37,77,12,11
1613864315003,32.76105230049715,-117.12983332633829,86.43320811498286,37,77,12,11
1613864315116,32.761052259789146,-117.12983456131106,86.434011617251,36,77,12,11
1613864315293,32.76105219556885,-117.12983825448345,86.43447918063593,36,76,12,11
1613864315410,32.76105218177267,-117.12983943700839,86.43171645848214,36,76,12,11
1613864315538,32.761052159288184,-117.12984057456674,86.4316229193257,36,76,12,11
1613864315651,32.76105214992935,-117.12984167573049,86.42933311528364,36,76,12,11
1613864315777,32.76105213114996,-117.12984274119349,86.42937095515659,35,75,12,11
1613864315921,32.76105212855298,-117.12984375382422,86.4268920289871,35,75,12,11
1613864316031,32.76105213280698,-117.12984468267035,86.42860701094897,35,74,12,11
1613864316200,32.761052054695305,-117.12984718543318,86.42790123090576,35,74,12,11
1613864316314,32.76105206786581,-117.12984795337819,86.42955823560634,35,74,12,11
1613864316508,32.76105202273221,-117.12984873698454,86.42713709331579,35,74,12,11
