1610059805896,32.765673876166744,-117.20880118252549,-26.768508073035875,79,121,15,11
1610059806067,32.765653651725756,-117.20880301257394,-26.728724476738073,79,121,15,11
1610059806204,32.7656335647928,-117.2088049474837,-26.676577062440927,79,121,15,11
1610059806283,32.76561364624701,-117.20880695105897,-26.627543583662316,80,121,15,11
1610059806369,32.76559389434263,-117.20880901108086,-26.583035387552393,80,121,15,11
1610059806459,32.765574293462755,-117.20881116279676,-26.532013732264772,80,121,15,11
1610059806608,32.76555487242891,-117.20881338182859,-26.48426711961773,80,121,15,11
1610059806710,32.76553559267367,-117.20881565766872,-26.429188707730162,80,121,15,11
1610059806788,32.76551647682688,-117.20881800895384,-26.37432447572567,81,121,15,11
1610059806871,32.76549753853264,-117.20882044837819,-26.323560055138802,81,121,15,11
1610059806957,32.7654787526685,-117.20882298380451,-26.265730877563975,81,121,15,11
1610059807125,32.76546013801536,-117.20882562081204,-26.210321815026536,81,121,15,11
1610059807209,32.765441673171814,-117.20882831686566,-26.153016743453847,82,121,15,11
1610059807306,32.76542338580262,-117.20883106993539,-26.1026691393934,82,121,15,11
1610059807473,32.76535192564995,-117.20884285759135,-25.917457879600683,82,121,15,11
1610059807588,32.765334464442034,-117.20884598564771,-25.880845348807135,83,121,15,11
1610059807682,32.76531716989628,-117.20884917791464,-25.848204887984757,83,121,15,11
1610059807798,32.76530003886143,-117.20885242644778,-25.820410735081886,83,122,15,11
1610059807965,32.76528311066016,-117.20885575563433,-25.80097828915412,83,122,15,11
1610059808102,32.76526635806103,-117.20885912653941,-25.781010586919937,84,122,15,11
1610059808185,32.76524969103359,-117.20886261533643,-25.728367362066923,84,121,15,11
1610059808307,32.765233193981906,-117.208866089182,-25.693097260522,84,122,15,11
1610059808387,32.765216890919284,-117.20886950243639,-25.689470143378056,84,122,15,11
1610059808548,32.76520071989026,-117.20887292591802,-25.681073292064838,84,122,15,11
1610059808653,32.76518469150201,-117.20887639863011,-25.668815021426447,84,122,15,11
1610059808731,32.76516881171089,-117.20887987354836,-25.66356970590044,84,122,15,11
1610059808818,32.76515310561551,-117.20888339475337,-25.670718067084316,84,122,15,11
1610059808900,32.7651375329754,-117.20888684451664,-25.687040722980708,84,122,15,11
1610059809000,32.76512209792867,-117.20889027181668,-25.706059085379778,85,122,15,11
1610059809160,32.76510676392093,-117.20889371293373,-25.7188382951937,85,122,15,11
1610059809239,32.76509151277971,-117.2088971492844,-25.72764523980842,85,122,15,11
1610059809333,32.76507634714048,-117.20890055108676,-25.73929722431847,85,122,15,11
1610059809417,32.765061250988516,-117.2089039376783,-25.748711521984106,85,122,15,11
1610059809576,32.765046220812465,-117.20890731840097,-25.752105121873466,85,122,15,11
1610059809669,32.76503126162089,-117.20891066906604,-25.754698463075773,85,122,15,11
1610059809748,32.76501635753293,-117.20891399233076,-25.751537374946945,85,122,15,11
1610059809836,32.76500152783489,-117.20891728434813,-25.748679939775997,85,122,15,11
1610059809919,32.76498676316125,-117.20892056144183,-25.742986463152015,85,122,15,11
1610059810089,32.764972067521875,-117.20892384211302,-25.728436367305957,85,122,15,11
1610059810228,32.764957481369315,-117.20892711083235,-25.709775631107632,85,122,15,11
1610059810306,32.7649430369083,-117.20893036182652,-25.695165997638707,85,122,15,11
1610059810404,32.764928739086166,-117.20893355930784,-25.6829653726739,85,122,15,11
1610059810469,32.76491458724924,-117.20893673506212,-25.663370984062038,85,122,15,11
1610059810634,32.76490060108151,-117.20893990455359,-25.642510265993455,85,122,15,11
1610059810726,32.764886778048194,-117.20894304996558,-25.622609555114767,85,122,15,11
1610059810813,32.764873142631004,-117.2089461694829,-25.605189529198427,85,122,15,11
1610059810907,32.764859680987485,-117.208949288376,-25.591755406422205,85,122,15,11
1610059810989,32.76484635726276,-117.20895242817458,-25.57295917816923,85,122,15,11
1610059811139,32.76483317246259,-117.20895552290565,-25.556010181384096,85,122,15,11
1610059811242,32.76482014908227,-117.20895861910017,-25.54966311583596,85,122,15,11
1610059811326,32.764807267104224,-117.20896173276795,-25.54806950906357,85,122,15,11
1610059811408,32.76479448246897,-117.20896480592295,-25.54097785379843,85,122,15,11
1610059811500,32.76478176992121,-117.20896798544945,-25.5231311547318,85,122,15,11
1610059811651,32.76476916751854,-117.20897122784625,-25.505839941152797,85,122,15,11
1610059811740,32.76475667268768,-117.20897449322861,-25.50723382906445,85,122,15,11
1610059811883,32.76470754006902,-117.20898879587808,-25.567486638755845,85,122,15,11
1610059812048,32.76469544063926,-117.20899264586127,-25.58414903132645,85,122,15,11
1610059812129,32.76468338685591,-117.20899664276851,-25.590482242259256,85,123,15,11
1610059812222,32.7646714043842,-117.20900072363906,-25.600362515146934,85,123,15,11
1610059812313,32.76465943680934,-117.20900483951158,-25.610523692548863,85,122,15,11
1610059812460,32.764647527614926,-117.20900905916159,-25.618586403594374,85,122,15,11
1610059812550,32.76463569956151,-117.20901329169743,-25.641254024046912,85,123,15,11
1610059812631,32.76462390988086,-117.2090176159924,-25.655001281515997,85,123,15,11
1610059812717,32.76461216948485,-117.20902206021293,-25.659449125865226,85,123,15,11
1610059812799,32.764600485561495,-117.20902658121355,-25.66450982980856,85,123,15,11
1610059812901,32.76458885672822,-117.20903117414251,-25.669763562909385,85,123,15,11
1610059813049,32.764577299152684,-117.20903584149893,-25.67518919804931,85,123,15,11
1610059813198,32.76456579692496,-117.20904057196951,-25.676905347375715,85,123,15,11
1610059813284,32.76455432250281,-117.2090454088413,-25.662747302983558,85,123,15,11
1610059813374,32.764542909214775,-117.2090502872425,-25.642646422696036,85,123,15,11
1610059813525,32.76453159768102,-117.20905519916523,-25.63481596140597,85,123,15,11
1610059813615,32.76452037923321,-117.2090601331422,-25.632825582955444,85,123,15,11
1610059813694,32.76450924986682,-117.20906512525552,-25.62938020882989,85,123,15,11
1610059813779,32.76449822477032,-117.20907016991988,-25.627460046699156,85,123,15,11
1610059813867,32.76448729992704,-117.20907521526009,-25.629046280411618,85,123,15,11
1610059814019,32.76447648936552,-117.20908031222575,-25.635007247958224,85,123,15,11
1610059814119,32.764465767389325,-117.20908544205591,-25.63653957294474,85,123,15,11
1610059814267,32.76445512817652,-117.20909061730515,-25.631678201452782,84,123,15,11
1610059814349,32.7644445670623,-117.20909584158889,-25.621272485120304,85,123,15,11
1610059814430,32.76443410316656,-117.20910108097658,-25.612817865826457,85,123,15,11
1610059814590,32.7644237881861,-117.20910633395003,-25.612803875513425,85,123,15,11
1610059814682,32.76441359339654,-117.2091115704216,-25.617602654116155,85,123,15,11
1610059814761,32.764403488739056,-117.20911681457247,-25.61175311990654,85,123,15,11
1610059814847,32.764393493831626,-117.20912204423371,-25.60074993751159,84,123,15,11
1610059814926,32.76438364109064,-117.2091272133697,-25.59922384421747,84,123,15,11
1610059815097,32.7643739287622,-117.20913230838902,-25.60725765945607,84,123,15,11
1610059815179,32.76436433185381,-117.20913734943147,-25.613332244114297,84,123,15,11
1610059815260,32.764354867489175,-117.2091423786628,-25.612881520925654,84,123,15,11
1610059815341,32.764345548646794,-117.20914736741963,-25.61297987182258,84,123,15,11
1610059815439,32.76433638023603,-117.20915228580263,-25.620451285483977,84,123,15,11
1610059815593,32.76432735909839,-117.20915713638281,-25.633563776366938,84,123,15,11
1610059815684,32.764318503334984,-117.2091619432787,-25.650194210073884,84,123,15,11
1610059815763,32.76430979027941,-117.20916669484438,-25.665976772097697,84,123,15,11
1610059815845,32.76430121264147,-117.2091713632508,-25.68211982156903,84,123,15,11
1610059815930,32.76429277533612,-117.20917596252214,-25.694193978219005,84,123,15,11
1610059816099,32.76428449428758,-117.20918049580173,-25.70795610118115,84,123,15,11
