1611350276728,32.88046889278247,-117.23116459795989,76.34921990174485,401,674,7,9
1611350276855,32.8804704163598,-117.23116162232613,76.3788050312118,397,670,7,9
1611350276948,32.88047199008354,-117.23115852528692,76.40417005459176,393,666,7,9
1611350277018,32.880473613526256,-117.23115527069406,76.42623644229678,390,663,7,9
1611350277131,32.880475274400844,-117.23115185361252,76.44931968963333,386,660,7,9
1611350277231,32.880476718903815,-117.23114978368076,76.4483229811546,370,656,7,9
1611350277315,32.88047811204534,-117.23114702902278,76.44558467227486,357,653,7,9
1611350277396,32.88047955797826,-117.23114403166464,76.44628906282182,345,649,7,9
1611350277477,32.88048099722949,-117.23114068348391,76.44289973011148,336,646,7,9
1611350277568,32.880482570718634,-117.23113713868084,76.44484279478581,328,643,7,9
1611350277661,32.88048410089586,-117.23113332420253,76.43872154616692,321,640,7,9
1611350277741,32.88048572277853,-117.23112935891623,76.43273641651083,315,637,7,9
1611350277904,32.880487341841906,-117.231125210849,76.427746437932,309,635,7,9
1611350277983,32.88048903803764,-117.23112090083367,76.4222611804806,303,631,7,9
1611350278087,32.880490773415566,-117.2311164284955,76.41915675269414,298,629,7,9
1611350278189,32.88049253384254,-117.23111178072325,76.40850327731928,294,626,7,9
1611350278325,32.880494338280734,-117.23110697706913,76.40246733932901,290,624,7,9
1611350278445,32.88049617398448,-117.23110202261928,76.3924864574848,286,622,7,9
1611350278517,32.88049812836522,-117.23109690205062,76.38817446392657,283,620,7,9
1611350278610,32.880500168045124,-117.23109171846359,76.37774976588713,279,617,8,9
1611350278703,32.88050217137135,-117.23108640707606,76.36689419672528,276,615,8,9
1611350278853,32.880504199840594,-117.23108088283746,76.35797371214719,273,613,8,9
1611350278948,32.88050630487285,-117.23107521260945,76.34891409965132,270,610,8,9
1611350279019,32.88050849389099,-117.23106942236556,76.34334457507705,268,608,8,9
1611350279131,32.880510780901794,-117.2310635270934,76.34083831555925,265,606,8,9
1611350279233,32.88051312880642,-117.23105747649716,76.3369433935432,263,603,8,9
1611350279321,32.88051542727775,-117.23105136191118,76.33263695618012,261,601,8,9
1611350279420,32.88051781178634,-117.23104501898104,76.321028519658,259,599,8,9
1611350279499,32.880520294060325,-117.2310385112324,76.30668462390022,257,597,8,9
1611350279581,32.88052284445881,-117.23103207961877,76.30521004939204,255,595,8,9
1611350279685,32.88052543918442,-117.23102554023104,76.30015538416805,254,593,8,9
1611350279770,32.88052807539287,-117.23101882789717,76.28904376291592,252,590,8,9
1611350279874,32.88053078384367,-117.23101190057189,76.27054829976876,251,589,8,9
1611350279959,32.88053358278013,-117.23100489686938,76.26362583440772,250,587,8,9
1611350280070,32.88053635424825,-117.23099792045853,76.25373444700746,248,585,8,9
1611350280161,32.88053914793143,-117.23099086099432,76.24251275606076,247,583,8,9
1611350280354,32.8805420022699,-117.23098369256805,76.23813673610769,246,581,8,9
1611350280435,32.880544922313405,-117.23097637685179,76.22769066523558,245,579,8,9
1611350280518,32.88054787237607,-117.23096896731725,76.21633983110132,244,577,8,9
1611350280610,32.880550868217306,-117.230961539866,76.21272580153854,243,576,8,9
1611350280762,32.88055383156109,-117.23095396318914,76.21269608145457,242,574,8,9
1611350280841,32.88055688444129,-117.23094631194608,76.2108010441596,242,573,8,9
1611350280922,32.88056002709709,-117.23093853206316,76.21297829699147,241,571,8,9
1611350281004,32.88056312891205,-117.2309307853896,76.2038073499,240,569,8,9
1611350281113,32.880566253167785,-117.2309229503699,76.19250187861583,239,567,8,9
1611350281237,32.88056939246458,-117.23091509482592,76.18187768005508,239,566,7,9
1611350281319,32.88057263666588,-117.23090717603911,76.17084269643256,238,565,8,9
1611350281398,32.88057591040958,-117.23089921389628,76.16150159916788,238,563,8,9
1611350281479,32.88057919421751,-117.23089104281974,76.1539532093393,238,562,8,9
1611350281570,32.88058243856135,-117.23088277003062,76.14488305700883,237,560,8,9
1611350281675,32.880585846590066,-117.23087451964628,76.14473815991923,236,559,8,9
1611350281816,32.88058931526364,-117.23086626123478,76.1314114300781,236,558,8,9
1611350281908,32.880592645533696,-117.2308578814224,76.10640466747647,236,557,8,9
1611350281979,32.88059599765872,-117.23084934354057,76.09273514460926,236,556,8,9
1611350282085,32.88059947150097,-117.23084086504444,76.08770781639501,235,554,8,9
1611350282198,32.88060300938957,-117.23083226887668,76.07980835165311,235,553,8,9
1611350282342,32.88060651200313,-117.23082362679278,76.06655924680757,234,552,8,9
1611350282421,32.88060994181488,-117.23081491990148,76.050293275638,234,551,8,9
1611350282505,32.88061350419822,-117.23080619790787,76.0354992008739,234,550,8,9
1611350282597,32.88061710671636,-117.23079756016477,76.02516484699058,234,548,8,9
1611350282705,32.880620679211084,-117.23078893752803,76.01677074498873,234,547,8,9
1611350282786,32.88062431778293,-117.2307801575147,76.00588442377583,233,546,8,9
1611350282878,32.8806279238809,-117.23077149980412,75.99553815350349,233,545,8,9
1611350282949,32.88063157130606,-117.23076287573313,75.9896278831383,233,544,8,9
1611350283060,32.880635312476976,-117.23075420576745,75.98689641879596,235,543,7,9
1611350283169,32.880639055065956,-117.2307455370888,75.98919794063237,237,543,7,9
1611350283253,32.88064278424952,-117.23073686329904,75.99212883872356,238,542,7,9
1611350283335,32.88064655358297,-117.23072814485262,75.99509048784768,239,541,7,9
1611350283435,32.880650311425164,-117.2307194813349,76.00414612054507,241,540,7,9
1611350283547,32.88065407520243,-117.23071081600418,76.0125537023527,243,540,7,9
1611350283640,32.880657874687145,-117.23070212331776,76.01603629454662,245,539,7,9
1611350283840,32.88066166408774,-117.23069348987364,76.02697432078665,247,539,7,9
1611350283930,32.880665459506474,-117.2306848381364,76.02795719209789,249,538,7,9
1611350284020,32.880669272373886,-117.23067620911024,76.02439219118028,250,537,8,9
1611350284129,32.88067306432341,-117.2306676351329,76.0260444666798,252,537,8,9
1611350284252,32.88067684371243,-117.23065910329989,76.01986594393753,254,536,8,9
1611350284379,32.88068059558736,-117.23065065937162,76.02209535916998,256,536,8,9
1611350284520,32.88068438470521,-117.23064221595621,76.02666399447752,258,535,8,9
1611350284604,32.88068802950583,-117.23063380497081,75.9894151660791,260,534,11,9
1611350284696,32.880691558185376,-117.2306253753935,75.9172083244638,261,532,10,9
1611350284804,32.880694767848375,-117.23061687983822,75.79039539213801,257,529,10,9
1611350284884,32.880697874556624,-117.23060838035182,75.6396557154061,253,526,10,9
1611350284988,32.880701162203216,-117.23059998721726,75.46650041381795,250,523,10,9
1611350285058,32.88070424990458,-117.23059159525185,75.28205394832027,247,519,10,9
1611350285171,32.880707475304504,-117.23058328834067,75.084797128535,244,516,10,9
1611350285286,32.88071059829742,-117.23057501521781,74.8866076703934,241,512,10,9
1611350285374,32.880713778829104,-117.23056679936151,74.67893879575726,239,508,10,9
1611350285455,32.88071699889492,-117.23055857339816,74.45995316275317,238,505,10,9
1611350285536,32.8807201298768,-117.23055044472764,74.24425970845132,236,501,11,9
1611350285619,32.880723295832375,-117.23054240946547,74.01734763069145,234,498,11,9
1611350285721,32.88072630762326,-117.23053435007367,73.79486072050244,233,494,11,9
1611350285869,32.88072934151635,-117.2305263892031,73.57301785425442,231,490,10,9
1611350285968,32.880732361998476,-117.23051846516141,73.35504345023891,230,487,10,9
1611350286103,32.88073556714813,-117.23051093038971,73.36607915868701,233,491,7,11
1611350286202,32.880738864018134,-117.23050347869285,73.36093210324938,234,493,7,11
1611350286306,32.88074200908218,-117.23049614222424,73.33941372946524,235,494,7,11
1611350286450,32.88074506860054,-117.23048894044096,73.29918107445184,234,494,7,11
1611350286540,32.88074803968507,-117.23048186808475,73.24334935607153,232,493,7,11
1611350286623,32.88075099035844,-117.23047503959117,73.18241722469003,229,490,7,11
1611350286705,32.880753902287395,-117.23046836033728,73.11486459427957,226,487,7,11
1611350286796,32.880756613396834,-117.23046187125617,73.03281968486957,223,483,7,11
