1616372241848,32.8139783398871,-117.211437774788,51.23786027930036,32,57,12,11
1616372241991,32.81396583185872,-117.2114424902589,51.12910161244771,32,57,12,11
1616372242150,32.8139280073894,-117.21145670650826,50.80665877335928,31,56,12,11
1616372242284,32.81391539743296,-117.2114614504533,50.67500524499619,31,57,12,11
1616372242401,32.813902651894516,-117.21146614064894,50.55916421306926,31,57,12,11
1616372242535,32.81388980844543,-117.21147080204786,50.45487897270338,31,56,12,11
1616372242651,32.81387687509244,-117.21147546793857,50.35092908848553,31,56,12,11
1616372242824,32.81386392961124,-117.21148015842631,50.24206123172865,30,56,12,11
1616372242902,32.81385091231404,-117.2114848971685,50.14127899540938,30,56,12,11
1616372243110,32.81381145468953,-117.2114991820811,49.80273255665073,30,57,12,11
1616372243224,32.813798192062706,-117.21150394195544,49.67415184375493,31,57,12,11
1616372243335,32.8137849005569,-117.2115087014896,49.54173952590572,31,58,12,11
1616372243451,32.81377152676372,-117.21151344252593,49.422509592115304,31,58,12,11
1616372243591,32.81375801720423,-117.21151819115094,49.31930246391086,31,58,12,11
1616372243703,32.81374442736574,-117.21152290874979,49.21650974498097,31,58,12,11
1616372243819,32.81373078990401,-117.21152760602388,49.10835811463984,31,58,12,11
1616372243902,32.81371708763286,-117.21153224309904,48.997102040499605,31,58,12,11
1616372244077,32.81367551880995,-117.2115459084423,48.676100258508974,31,59,12,11
1616372244192,32.81366152301201,-117.2115503152993,48.56385680582655,32,60,12,11
1616372244314,32.81364745420789,-117.21155456348556,48.45332062712686,32,61,12,11
1616372244433,32.81363328638094,-117.21155870100091,48.348914226110125,33,61,12,11
1616372244577,32.81361902041146,-117.21156272042576,48.24887667518154,33,61,12,11
1616372244691,32.81360467053784,-117.21156660776293,48.14965304394127,33,62,12,11
1616372244972,32.813546381214096,-117.21158047359596,47.74343454917648,37,65,11,11
1616372245086,32.813531605895356,-117.21158350588527,47.636385620951195,37,66,11,11
1616372245201,32.813516737783424,-117.21158635732695,47.53076038359175,38,66,10,11
1616372245319,32.81350179128607,-117.21158904350112,47.42327718166659,39,67,10,11
1616372245431,32.81348677120338,-117.21159156288952,47.31249061491475,39,67,10,11
1616372245566,32.81347167647932,-117.21159395368848,47.200109997899474,40,68,10,11
1616372245678,32.81345650354865,-117.21159622767404,47.08764277732119,40,68,10,11
1616372245793,32.81344125718834,-117.21159839375109,46.97448036986488,39,67,10,11
1616372245888,32.813425936120495,-117.21160045705236,46.85777975809726,39,68,10,11
1616372246032,32.81341054368915,-117.21160241384834,46.73775661190706,40,68,10,11
1616372246193,32.81339506978091,-117.21160427105528,46.619148208991646,40,68,10,11
1616372246314,32.81334816979721,-117.21160912206449,46.25416091827906,39,68,11,11
1616372246441,32.81333236842803,-117.21161049807857,46.131850040534665,39,68,11,11
1616372246581,32.81331648606415,-117.21161176748255,46.00979534616515,39,67,11,11
1616372246694,32.8133005527693,-117.21161289243227,45.8782654476062,38,67,11,11
1616372246973,32.81323600250656,-117.21161580246057,45.36305517857743,36,65,11,11
1616372247055,32.813219688101974,-117.21161612779562,45.2370430555619,35,64,11,11
1616372247253,32.81320332018187,-117.21161627340886,45.10578484213526,35,63,11,11
1616372247371,32.81318691158572,-117.21161624719133,44.97374287375902,34,63,11,11
1616372247495,32.813170458766564,-117.21161603763437,44.8406955930614,34,62,11,11
1616372247629,32.81315397252801,-117.21161566754726,44.704418271044005,34,62,11,11
1616372247746,32.81313748290655,-117.2116152385401,44.58091403867151,33,61,10,11
1616372247961,32.81307139130229,-117.21161213808398,44.09110038628248,30,57,10,11
1616372248130,32.81305488460639,-117.21161100330039,43.96491655248995,29,56,10,11
1616372248241,32.813038393624964,-117.2116097055922,43.835868072549836,29,56,10,11
1616372248363,32.81302193124856,-117.21160824328769,43.70176221315858,30,56,10,11
1616372248479,32.81300550689227,-117.21160663924579,43.56564222501495,30,57,10,11
1616372248706,32.81293995092907,-117.21159876978524,43.0478443630146,33,58,10,11
1616372248850,32.81292356950399,-117.21159638804292,42.919562064973896,33,59,10,11
1616372249004,32.81290718212574,-117.21159385845563,42.78878755549538,34,59,10,11
1616372249204,32.81289079903312,-117.21159117061599,42.654383581064806,34,60,10,11
1616372249323,32.81287442059213,-117.21158832396672,42.51645131574794,35,60,10,11
1616372249445,32.81285802707096,-117.21158528141471,42.38362273110701,35,61,10,11
1616372249637,32.812792222159615,-117.21157130869972,41.86846308770196,36,62,10,11
1616372249717,32.81277574276042,-117.21156740468773,41.72908968385135,36,62,10,11
1616372249864,32.81275925812687,-117.21156339925446,41.59456697714279,35,62,10,11
1616372250050,32.81274274421747,-117.2115591896385,41.459138078726234,35,61,10,11
1616372250228,32.81272620046235,-117.21155474720469,41.325072543951606,35,62,10,11
1616372250342,32.812709613548826,-117.21155009992441,41.19251778429917,36,63,10,11
1616372250539,32.81264307692501,-117.21153029447439,40.65328207079417,38,64,9,11
1616372250718,32.81262638492737,-117.21152507216618,40.50999518726363,38,65,9,11
1616372250801,32.812609662296545,-117.21151981687464,40.362961857462395,38,65,9,11
1616372250950,32.812592908755285,-117.21151459690032,40.2220327063053,37,65,9,11
1616372251193,32.81252553948913,-117.2114931104445,39.660447744483996,34,63,9,11
1616372251339,32.81250853761552,-117.21148764170806,39.52617438744051,33,63,9,11
1616372251478,32.8124915411012,-117.21148212724472,39.386872093083376,32,62,9,11
1616372251599,32.81247452535282,-117.21147660092537,39.23780772975554,31,61,9,11
1616372251719,32.812457429854994,-117.21147096957193,39.097723319368455,30,60,11,11
1616372251798,32.8124403078532,-117.21146534430281,38.957278373564215,30,59,11,11
1616372251946,32.812423269884555,-117.21145962753911,38.79871313370433,29,59,11,11
