1612659453630,32.91285150006008,-117.1358561347891,102.33010701913875,41,92,15,11
1612659453733,32.91285148333198,-117.13585610865329,102.32576971731844,40,92,15,11
1612659453876,32.91285146750596,-117.13585608739768,102.3226071616827,40,92,15,11
1612659453990,32.91285148471368,-117.13585607590848,102.31714490947215,41,92,15,11
1612659454135,32.912851472059515,-117.13585604465766,102.31279956711953,40,92,15,11
1612659454283,32.91285146995599,-117.13585604218385,102.30792813491371,40,91,15,11
1612659454437,32.91285143845059,-117.13585598910387,102.29235149101527,39,90,15,11
1612659454615,32.912851445592096,-117.13585595746476,102.28645064613225,39,89,15,11
1612659454725,32.912851440911226,-117.13585594165946,102.28246871490457,39,89,15,11
1612659454831,32.91285144111401,-117.135855932122,102.27765491835063,39,88,15,11
1612659454977,32.91285143625239,-117.13585589824598,102.27328285339618,39,88,15,11
1612659455091,32.9128514312365,-117.1358558851912,102.26935746903558,39,88,15,11
1612659455321,32.91285142445333,-117.13585581846584,102.25382123341745,39,87,15,11
1612659455494,32.91285141775981,-117.13585580484599,102.25184676590891,39,88,15,11
1612659455648,32.91285141637291,-117.13585580493334,102.24884690563802,39,88,15,11
1612659455727,32.91285140627119,-117.13585578535879,102.24620965872145,39,88,15,11
1612659455861,32.91285141211415,-117.13585577711873,102.24444472282588,40,88,15,11
1612659456128,32.91285139813244,-117.1358557256144,102.23605857474438,40,89,15,11
1612659456262,32.91285140298278,-117.13585572732941,102.23431903735373,41,90,15,11
1612659456375,32.91285139115654,-117.13585569932023,102.23203457244051,41,90,15,11
1612659456505,32.91285138082038,-117.13585567786963,102.23167516255046,41,90,15,11
1612659456825,32.912851364751994,-117.13585563824014,102.21991960446134,42,91,15,11
1612659456938,32.91285135589488,-117.13585562005873,102.21735220254583,42,91,15,11
1612659457085,32.91285134597298,-117.13585562450864,102.21481010452091,42,92,15,11
1612659457228,32.91285133647219,-117.13585559437233,102.21174023597976,42,92,15,11
1612659457363,32.91285133065681,-117.13585558721414,102.21073794068593,43,93,15,11
1612659457487,32.91285131264608,-117.13585558321586,102.20915562747544,43,93,15,11
1612659457604,32.91285129444481,-117.13585554401018,102.1992826467253,43,93,15,11
1612659457738,32.91285128157792,-117.13585554006706,102.19599207184261,43,93,15,11
1612659457882,32.91285126448432,-117.1358555323682,102.19361273154706,43,94,15,11
1612659457996,32.9128512542159,-117.13585551558585,102.19020588559373,43,94,15,11
1612659458139,32.91285124948553,-117.1358555116904,102.18754645108058,43,94,15,11
1612659458323,32.91285122040439,-117.13585547262986,102.17574838348771,43,94,15,11
1612659458438,32.912851213641474,-117.13585547075674,102.17167555225194,43,94,15,11
1612659458595,32.912851218642864,-117.13585545831486,102.16945359498214,43,94,15,11
1612659458826,32.91285119590524,-117.13585543225072,102.1617740707461,43,95,15,11
1612659458938,32.91285119370083,-117.13585541995664,102.15886224797264,43,95,15,11
1612659459085,32.91285118140711,-117.13585541164527,102.15434417197591,43,94,15,11
1612659459228,32.912851162862154,-117.13585539610067,102.15135097650449,43,94,15,11
1612659459329,32.912851156488465,-117.13585539513696,102.14709962479766,42,94,15,11
1612659459484,32.912851148662064,-117.13585539996922,102.1440023750961,42,94,15,11
1612659459698,32.91285111019254,-117.13585536957021,102.12832021893773,41,92,15,11
1612659459841,32.91285110447764,-117.13585536754992,102.12620887862913,41,92,15,11
1612659459958,32.91285110783726,-117.13585536213476,102.12319472393486,41,92,15,11
1612659460101,32.912851094444605,-117.1358553654886,102.11975604797404,41,92,15,11
1612659460250,32.91285108291401,-117.13585534366355,102.11816593400223,41,92,15,11
1612659460354,32.91285108159003,-117.13585535169919,102.11511979822549,41,92,15,11
1612659460668,32.91285105599061,-117.13585534194915,102.10653801286927,41,91,15,11
1612659460779,32.91285104448849,-117.13585533812554,102.10432661502905,41,92,15,11
1612659460923,32.912851048300574,-117.13585534414705,102.10304506501318,41,92,15,11
1612659461037,32.912851029949294,-117.13585533958565,102.10159472125035,41,91,15,11
1612659461213,32.912851025659386,-117.13585533687831,102.09950011487956,41,92,15,11
1612659461324,32.91285102293585,-117.13585534100186,102.09851426891733,41,92,15,11
1612659461526,32.912850998894655,-117.1358553554702,102.09402578428676,41,92,15,11
1612659461712,32.91285098956242,-117.13585536203746,102.09258199340175,41,92,15,11
1612659461813,32.91285098958356,-117.13585535474145,102.09151046328085,41,91,15,11
1612659461959,32.91285098310518,-117.13585536274363,102.08975827274074,41,91,15,11
1612659462073,32.91285096227524,-117.13585537751875,102.08872558384024,41,91,15,11
1612659462301,32.91285094814226,-117.13585539842293,102.08417737146468,40,90,15,11
1612659462431,32.91285095041213,-117.13585539487094,102.08388330426673,40,90,15,11
1612659462580,32.91285093505604,-117.13585541439672,102.08299152192228,40,90,15,11
1612659462797,32.91285091381234,-117.1358554336169,102.08451312044312,40,90,15,11
1612659462900,32.9128509297447,-117.13585542260805,102.08242498979779,40,90,15,11
1612659463135,32.912850903830275,-117.13585545496518,102.08437690743534,41,90,15,11
1612659463269,32.9128508937413,-117.1358554781569,102.08563451847294,41,91,15,11
1612659463386,32.91285088846489,-117.1358554798901,102.0850331067197,41,91,15,11
1612659463501,32.9128508790807,-117.13585549259318,102.0864734541598,41,90,15,11
1612659463666,32.91285088111879,-117.13585549893928,102.08714094639889,41,90,15,11
1612659463822,32.91285085758994,-117.13585554309229,102.08964991117227,41,90,15,11
