1612483454349,32.87194783285543,-117.23391448691908,47.29543187768999,79,121,15,11
1612483454513,32.871947827777056,-117.23391449051503,47.295457632373775,79,121,15,11
1612483454618,32.87194782105659,-117.23391448482641,47.295665822852825,79,121,15,11
1612483454724,32.871947810708754,-117.23391448116321,47.29588271359264,79,121,15,11
1612483454843,32.871947797098315,-117.23391447578067,47.296383488012154,79,121,15,11
1612483454935,32.87194778781631,-117.2339144711256,47.29655223689812,79,121,15,11
1612483455043,32.87194777631614,-117.2339144618337,47.29689158580403,79,121,15,11
1612483455123,32.871947771365,-117.23391445807755,47.297367642797006,79,121,15,11
1612483455216,32.87194775888582,-117.2339144435028,47.29801864462203,79,121,15,11
1612483455295,32.871947748594785,-117.23391443354524,47.298099829131644,79,121,15,11
1612483455418,32.87194774305397,-117.23391442833585,47.29839129411929,79,121,15,11
1612483455565,32.87194773360037,-117.23391441568675,47.29848075184984,79,121,15,11
1612483455639,32.8719477259481,-117.2339144038412,47.298742748578235,79,121,15,11
1612483455788,32.87194771500714,-117.23391439326008,47.298910017998736,79,121,15,11
1612483455918,32.87194770447698,-117.2339143827756,47.29901133794891,79,121,15,11
1612483456002,32.87194770243342,-117.23391436847102,47.2989376832979,79,121,15,11
1612483456108,32.87194769337191,-117.23391436034598,47.298702685610095,79,121,15,11
1612483456190,32.87194768631297,-117.2339143437805,47.29848024863724,78,121,15,11
1612483456306,32.87194767594033,-117.23391433135023,47.29831175715016,78,121,15,11
1612483456387,32.87194767572164,-117.2339143218932,47.29824302736817,79,121,15,11
1612483456468,32.871947663713684,-117.23391430862068,47.29813841304213,79,121,15,11
1612483456641,32.87194766304755,-117.23391429539184,47.29818488854776,79,121,15,11
1612483456711,32.87194765889301,-117.23391428388332,47.29804365931567,79,121,15,11
1612483456806,32.87194765377265,-117.23391427318604,47.29785241600692,78,121,15,11
1612483456926,32.87194764633007,-117.2339142622254,47.29756827130352,78,121,15,11
1612483457018,32.871947643578544,-117.23391425448143,47.29707873543071,78,121,15,11
1612483457123,32.87194763854811,-117.23391423784162,47.296889520356245,78,121,15,11
1612483457206,32.87194763361372,-117.23391422024007,47.296547885313856,78,121,15,11
1612483457364,32.87194761413115,-117.2339141810426,47.29474558460592,78,121,15,11
1612483457440,32.87194761232254,-117.23391417266788,47.293993286027955,78,121,15,11
1612483457591,32.87194761025275,-117.233914160711,47.29327083950315,78,121,15,11
1612483457712,32.87194760173353,-117.23391414610202,47.29278587090061,78,121,15,11
1612483457823,32.87194760194254,-117.23391413828361,47.2918043421275,78,121,15,11
1612483457928,32.87194759710367,-117.23391413852138,47.291058560329816,78,121,15,11
1612483458005,32.87194759332997,-117.23391412548669,47.29027541640288,78,121,15,11
1612483458114,32.871947593536746,-117.23391412654675,47.289210724678384,78,121,15,11
1612483458199,32.87194758894174,-117.2339141156375,47.28797435854679,78,121,15,11
1612483458281,32.87194758950029,-117.23391411518713,47.287145316059394,78,121,15,11
1612483458457,32.87194758313214,-117.23391410967353,47.28578114962659,78,121,15,11
1612483458528,32.87194758179637,-117.23391410793744,47.28457793187774,78,121,15,11
1612483458619,32.87194757699732,-117.23391410348803,47.28331869696833,78,121,15,11
1612483458736,32.8719475785784,-117.23391411068647,47.28218525836626,78,121,15,11
1612483458829,32.871947578467434,-117.23391410795965,47.281444944643454,78,121,15,11
1612483458935,32.871947572596895,-117.23391410408341,47.279885972585326,79,121,15,11
1612483459040,32.87194757437712,-117.23391410672396,47.27912934174547,78,121,15,11
1612483459134,32.87194755773742,-117.23391409452645,47.27802503280113,78,121,15,11
1612483459257,32.871947557065084,-117.23391409799085,47.27705751277705,78,121,15,11
1612483459386,32.8719475571626,-117.23391410473556,47.27590227384661,78,121,15,11
1612483459491,32.871947558222054,-117.23391410482743,47.2749153964623,78,121,15,11
1612483459561,32.871947555340455,-117.233914105366,47.27386437829975,79,121,15,11
1612483459710,32.87194755270156,-117.23391410767154,47.272719016235385,78,121,15,11
1612483459840,32.8719475484203,-117.23391410833058,47.27180885864088,78,121,15,11
1612483459921,32.871947541609735,-117.23391410511307,47.27085757498201,78,121,15,11
1612483460028,32.87194753712628,-117.23391410869978,47.2694630343668,78,121,15,11
1612483460109,32.871947530797,-117.23391411140925,47.26916510680425,78,121,15,11
1612483460203,32.871947537821576,-117.23391411336574,47.26784542517437,79,121,15,11
1612483460302,32.871947533521734,-117.23391411426218,47.26714029969839,78,121,15,11
1612483460453,32.871947531000394,-117.23391412012784,47.266388092774775,78,121,15,11
1612483460566,32.87194753140329,-117.23391412627079,47.26533554592135,78,121,15,11
1612483460635,32.87194752755694,-117.23391412746855,47.26478346165235,78,121,15,11
1612483460732,32.87194752292983,-117.23391412925335,47.263890260818684,78,121,15,11
1612483460850,32.87194752326271,-117.23391413343093,47.26228556056367,78,121,15,11
1612483460941,32.87194751873769,-117.23391413973003,47.26179576751671,78,121,15,11
1612483461046,32.87194751791358,-117.23391414473332,47.26085028942011,78,121,15,11
1612483461127,32.871947519918635,-117.2339141457345,47.26006977378237,78,121,15,11
1612483461228,32.87194752137269,-117.23391415882737,47.25914044206713,78,121,15,11
1612483461348,32.871947516912826,-117.23391416429848,47.25810153664695,78,121,15,11
1612483461473,32.8719475173628,-117.23391416211864,47.25770778448335,78,121,15,11
1612483461579,32.871947506398854,-117.23391416178761,47.25706254416792,78,121,15,11
1612483461650,32.87194751362072,-117.2339141760334,47.255965071877874,78,121,15,11
1612483461798,32.8719475114729,-117.23391418577911,47.25493468788268,78,121,15,11
1612483461930,32.871947513354066,-117.23391419873384,47.253836683846856,78,121,15,11
1612483462008,32.87194751266338,-117.23391419753152,47.25280802029213,78,121,15,11
1612483462122,32.871947511708406,-117.23391420919482,47.25166748223231,78,121,15,11
1612483462245,32.87194751794713,-117.23391424622604,47.24685472820103,78,121,15,11
1612483462357,32.871947518127655,-117.23391424962065,47.245973063897154,78,121,15,11
1612483462453,32.871947522206874,-117.23391425909661,47.2448615530992,78,121,15,11
1612483462556,32.87194752323531,-117.23391426108277,47.24367080557631,78,121,15,11
1612483462688,32.871947520640454,-117.23391427082204,47.242326018421565,78,121,15,11
1612483462771,32.871947517564216,-117.2339142711579,47.24163358779031,78,121,15,11
1612483462875,32.871947522397335,-117.2339142841267,47.24001697945121,78,121,15,11
1612483462956,32.87194751676087,-117.23391429004579,47.239053001597576,78,121,15,11
1612483463062,32.87194751892231,-117.23391429473513,47.23802330291028,78,121,15,11
1612483463143,32.87194751736615,-117.23391430092853,47.23680715685023,78,121,15,11
1612483463307,32.87194751710915,-117.23391430766952,47.2357730979184,78,121,15,11
1612483463407,32.87194751672009,-117.23391431408498,47.2342576253671,78,121,15,11
1612483463476,32.87194751625951,-117.2339143189038,47.232995680027074,78,121,15,11
1612483463632,32.871947512692714,-117.23391431692085,47.23137494123378,78,121,15,11
1612483463753,32.87194751289631,-117.23391432832891,47.23050380024512,78,121,15,11
1612483463843,32.87194751391368,-117.23391433130901,47.22909091021444,78,121,15,11
1612483463952,32.871947514395885,-117.23391433625848,47.2277185264483,78,121,15,11
1612483464029,32.87194751183753,-117.23391433309806,47.22629676037047,78,121,15,11
1612483464123,32.871947512634726,-117.23391434305925,47.2245335728719,78,121,15,11
1612483464203,32.87194751437241,-117.2339143497675,47.22281816602123,78,121,15,11
1612483464298,32.87194751660582,-117.23391434772688,47.221791483562974,78,121,15,11
1612483464472,32.87194751958941,-117.23391435313191,47.22002568174969,78,121,15,11
