1620002787385,32.83904096078283,-117.2318026554257,8.210026517514596,25,53,15,11
1620002787469,32.83904403306958,-117.23183531897327,8.323562956138419,25,53,15,11
1620002787626,32.83904709204839,-117.23186782530858,8.422288251949583,24,52,15,11
1620002787831,32.83905964393734,-117.23199692293119,8.912076017109312,23,51,15,11
1620002787950,32.839062835227814,-117.23202888099927,9.038009231593504,23,51,15,11
1620002788192,32.83906604398861,-117.23206066214193,9.160382763019054,23,51,15,11
1620002788306,32.839069234292836,-117.23209229919202,9.292024464621337,24,51,15,11
1620002788455,32.83907238780185,-117.23212373279897,9.417508421825552,24,51,15,11
1620002788674,32.839084840567814,-117.23224766934581,10.016669470217261,25,51,15,11
1620002788787,32.83908791664724,-117.23227816020218,10.166862443246329,24,51,15,11
1620002788956,32.839090976586476,-117.23230846581173,10.321803220067036,24,50,15,11
1620002789066,32.839094023558246,-117.23233857980969,10.476587299381585,24,50,15,11
1620002789246,32.83910297480516,-117.2324278063678,10.929485948890488,25,51,15,11
1620002789336,32.83910590537841,-117.23245726771925,11.078698057364056,26,51,15,11
1620002789483,32.839108761892845,-117.23248661233669,11.210101251070464,27,52,15,11
1620002789598,32.839111527328235,-117.23251585568114,11.330478123574263,27,52,15,11
1620002789740,32.839114209158815,-117.23254500584125,11.449512819546696,27,52,15,11
1620002789852,32.839116822250254,-117.2325740999749,11.582016913197002,28,52,15,11
1620002789965,32.83911933983908,-117.23260315475628,11.723216231716012,28,53,15,11
1620002790024,32.839124142989334,-117.23266104371973,11.96335055958292,28,53,15,11
1620002790143,32.83912641911766,-117.23268990889807,12.07543328341974,28,53,15,11
1620002790289,32.83912859800306,-117.23271870706513,12.17372764283001,27,53,15,11
1620002790370,32.83913065352236,-117.23274743981372,12.264147342189819,27,53,15,11
1620002790520,32.83913257033341,-117.23277610216442,12.353239904173734,27,53,15,11
1620002790630,32.8391343575877,-117.23280472859402,12.448420707427243,27,52,15,11
1620002790767,32.83913603177339,-117.23283332712344,12.539052596238214,27,52,15,11
1620002790878,32.83913757093579,-117.232861841764,12.603769043311946,27,52,15,11
1620002790996,32.83914155139165,-117.232947032028,12.79877057390074,27,52,15,11
1620002791126,32.839142777707686,-117.23297532828367,12.851677411478974,27,52,15,11
1620002791276,32.83914400657711,-117.23300354442998,12.891469362395675,26,52,15,11
1620002791377,32.8391452444425,-117.23303182717208,12.93614109280855,25,51,15,11
1620002791527,32.839146411986704,-117.23305993908589,12.974568499113445,25,50,15,11
1620002791650,32.839147430397304,-117.2330880543404,13.019753962597687,25,51,15,11
1620002791785,32.839148373648435,-117.23311609458136,13.048151591459709,24,50,15,11
1620002792051,32.839151358445996,-117.2332272172605,13.091437408447835,24,50,15,11
1620002792198,32.83915203631604,-117.23325475352722,13.108090205068654,24,49,15,11
1620002792342,32.83915265188273,-117.23328214342295,13.109631328064337,24,50,15,11
1620002792465,32.839153274062916,-117.23330948285292,13.111161679135103,24,50,15,11
1620002792612,32.839153827816794,-117.23333667190319,13.0998258992421,25,51,15,11
1620002792828,32.83915564510144,-117.2334440615827,13.095730319041541,27,52,15,11
1620002792944,32.83915602362945,-117.23347070951563,13.11664844344701,27,53,15,11
1620002793096,32.83915639119491,-117.23349713303823,13.099223470322897,28,54,15,11
1620002793241,32.83915676062765,-117.23352335349573,13.051385271458148,28,53,15,11
1620002793398,32.83915711586144,-117.23354941871357,13.001471861394293,28,53,15,11
1620002793479,32.83915747055723,-117.2335753839892,12.969252947140976,28,54,14,11
1620002793626,32.83915779751537,-117.23360123537132,12.940598727680857,28,54,14,11
1620002793826,32.839158771191045,-117.23370312568682,12.751629672920323,27,53,14,11
1620002793939,32.83915896676588,-117.23372827145081,12.69539192635623,26,53,14,11
1620002794138,32.83915914567805,-117.2337532543662,12.625900278114036,26,53,14,11
1620002794285,32.83915931345771,-117.23377809918362,12.5529988558897,26,52,14,11
1620002794429,32.83915949153666,-117.23380281963513,12.480498527615588,25,51,14,11
1620002794512,32.8391596757445,-117.23382741705066,12.409278293542112,24,50,14,11
1620002794753,32.8391605706273,-117.23392444931999,12.100357897558744,22,47,14,11
1620002794876,32.839160839696795,-117.23394837165512,12.01482856659276,21,47,14,11
1620002794987,32.83916112449034,-117.23397218033134,11.931674002796072,22,47,14,11
1620002795141,32.8391614248832,-117.23399586545005,11.84564822499035,22,47,14,11
1620002795300,32.83916177260835,-117.23401938321425,11.745970530780653,22,47,14,11
1620002795446,32.83916218100956,-117.23404280825903,11.653828270125594,22,47,14,11
1620002795652,32.839164877215495,-117.23413513988525,11.25215841443673,24,48,15,11
1620002795734,32.83916592982563,-117.23415789502644,11.148338032558396,25,49,15,11
1620002795903,32.83916713030452,-117.23418050913533,11.041447612523035,25,49,15,11
1620002796044,32.839168509366054,-117.23420297059434,10.929136939570814,25,49,15,11
1620002796222,32.839173822422154,-117.23426958742654,10.610867979896144,26,50,15,11
1620002796302,32.83917605554609,-117.23429158130301,10.51327235557356,26,50,15,11
1620002796459,32.83917857382705,-117.23431352173353,10.421096699767958,25,50,15,11
1620002796572,32.83918129976891,-117.23433532792897,10.308530807048344,25,50,15,11
1620002796704,32.83918433296332,-117.2343569743724,10.179482702588116,25,50,15,11
1620002796786,32.83918773665379,-117.2343785053138,10.052223725461765,25,49,15,11
1620002796986,32.83919149733405,-117.23439988451788,9.93010799603346,25,49,15,11
1620002797238,32.8392098010885,-117.23448399115534,9.544150577864613,27,51,14,11
1620002797325,32.83921509934813,-117.23450465535454,9.468343122947376,27,51,14,11
1620002797471,32.839220723753975,-117.23452514002348,9.390886139552443,28,52,14,11
