1483321844559,32.84040734918259,-117.13853110554486,94.09511891907215,34,60,14,11
1483321844686,32.84041340477276,-117.138499139478,94.08147976396808,35,60,14,11
1483321844899,32.84043698481473,-117.13837099964557,94.04012780841782,33,58,13,11
1483321845068,32.840442744902575,-117.13833897459074,94.03028706561447,33,57,13,11
1483321845217,32.84044847526727,-117.13830692110514,94.02048678903411,32,56,13,11
1483321845363,32.840454184777236,-117.1382747170203,94.00951450079127,32,55,13,11
1483321845485,32.84045984069092,-117.13824265801154,94.00045384153384,32,55,13,11
1483321845642,32.84048168546905,-117.13811425769187,93.93725132772187,31,52,13,11
1483321845788,32.84048701688245,-117.13808191191733,93.91606228741121,30,51,13,11
1483321845926,32.84049225343919,-117.13804976239854,93.89658470394812,30,51,13,11
1483321846072,32.84049743597994,-117.13801759489742,93.87792541929552,29,50,15,11
1483321846233,32.84050257835717,-117.13798539546642,93.86612371837657,29,49,15,11
1483321846378,32.84050768607857,-117.13795318103732,93.84995540199877,29,49,15,11
1483321846489,32.840512742765235,-117.13792096179608,93.83218401063823,29,48,15,11
1483321846656,32.84053261747881,-117.13779170538959,93.7654350690059,28,47,15,11
1483321846768,32.84053745517388,-117.13775943292012,93.74452117324952,28,46,15,11
1483321847028,32.84054223996517,-117.13772710803359,93.72537597494556,28,46,15,11
1483321847142,32.84054700890144,-117.13769449074242,93.70595467826651,28,46,15,11
1483321847388,32.84056551228357,-117.13756489958796,93.65044613810755,30,48,15,11
1483321847503,32.84057003090474,-117.13753243828202,93.6365044476339,31,48,15,11
1483321847635,32.8405744948307,-117.13749994195997,93.62584692217905,31,49,15,11
1483321847732,32.840578879377546,-117.13746738089654,93.61104060041804,32,49,15,11
1483321847843,32.84058320954165,-117.13743482442109,93.59209970497419,32,50,15,11
1483321848057,32.84058748321956,-117.1374022465811,93.57279881063315,33,50,15,11
1483321848198,32.840599957379375,-117.13730421026222,93.4984408822663,33,51,15,11
1483321848308,32.840603985332116,-117.13727149988524,93.46020919123661,33,51,15,11
1483321848440,32.84060791499436,-117.13723874376092,93.42268233742713,33,51,15,11
1483321848555,32.840611812631735,-117.13720594944598,93.38477652351139,34,51,15,11
1483321848689,32.84061569975308,-117.13717313457663,93.34798654697455,33,51,15,11
1483321848784,32.84061957338179,-117.13714031512298,93.3108880104385,32,51,15,11
1483321849139,32.8406349205355,-117.13700894476332,93.17118586431245,28,47,15,11
1483321849251,32.84063874543578,-117.1369760713001,93.13742425625847,28,47,15,11
1483321849366,32.840642547441014,-117.13694319565973,93.1037004931029,27,46,15,11
1483321849476,32.840646354698976,-117.13691031745651,93.069566457134,27,45,15,11
1483321849602,32.84065014488155,-117.13687742406339,93.0374831771539,26,45,15,11
1483321849741,32.840653918367266,-117.13684451712706,93.00215196428921,26,44,15,11
1483321849833,32.84065768482404,-117.13681163080025,92.96646909371816,26,44,15,11
1483321850103,32.84067256060334,-117.13667996767194,92.85294710418725,23,41,15,11
1483321850247,32.840676242727824,-117.13664705463717,92.82317093620277,23,41,15,11
1483321850360,32.84067992673622,-117.13661413639517,92.7911072048961,23,41,15,11
1483321850472,32.84068360616523,-117.13658121869787,92.76088954120904,24,41,15,11
1483321850612,32.84068727640974,-117.13654826619396,92.73873266621455,24,41,15,11
1483321850724,32.840690947225966,-117.1365153194926,92.71419101240494,24,40,15,11
1483321850847,32.840694625980674,-117.13648238846287,92.67832596023595,24,40,15,11
1483321851020,32.84070567845335,-117.13638358732425,92.57774476402223,23,39,15,11
1483321851207,32.84070936452194,-117.13635059654345,92.54596501207318,23,39,15,11
1483321851317,32.84071303963015,-117.1363176500389,92.51420248594157,23,38,15,11
1483321851430,32.8407167257834,-117.13628471148829,92.48600346674382,22,38,15,11
1483321851543,32.84072041949576,-117.13625178902713,92.45755362499115,22,38,15,11
1483321851682,32.840724112938744,-117.13621885631633,92.43435259724706,22,38,15,11
1483321851792,32.84072781337205,-117.13618590656426,92.41365696588021,22,37,15,11
1483321851998,32.84074264928348,-117.1360540767245,92.31288016382932,22,37,15,11
1483321852162,32.840746386455606,-117.13602114197761,92.28735151237206,22,37,15,11
1483321852311,32.84075011606306,-117.13598820051347,92.25868718335998,22,37,15,11
1483321852424,32.840753864744855,-117.13595511854548,92.23229461188049,22,37,15,11
1483321852539,32.840757594390155,-117.13592218586314,92.20609274549298,22,37,15,11
1483321852652,32.840761321935325,-117.13588924106709,92.17835593027836,22,37,15,11
1483321852901,32.84077634350811,-117.13575724478704,92.0556824998114,23,38,15,11
1483321852982,32.84078008727749,-117.13572427145994,92.03136364587166,24,38,15,11
1483321853178,32.84078382679576,-117.13569129532783,92.00513699466471,24,39,15,11
1483321853322,32.84078758773653,-117.13565832596065,91.97504574734793,24,39,15,11
1483321853440,32.84079136053403,-117.13562536951267,91.94684707759805,24,39,15,11
1483321853556,32.84079513008974,-117.13559239058834,91.91892514674811,25,40,15,11
1483321853695,32.84079893516296,-117.13555916471525,91.89380030899214,25,40,15,11
1483321853805,32.840802728679606,-117.13552619974034,91.86962454318909,25,40,15,11
1483321854021,32.84081795568514,-117.13539424113533,91.77459594712461,25,40,15,11
1483321854165,32.840821781214146,-117.13536092984887,91.74994066489961,26,41,15,11
1483321854308,32.84082556962847,-117.13532789758831,91.7284701680175,26,42,15,11
1483321854421,32.84082932388086,-117.135294858962,91.70246378524202,27,43,15,11
1483321854598,32.84084048376598,-117.13519570630247,91.62617387670018,28,44,15,11
1483321854711,32.84084416059449,-117.13516262516835,91.60721429339621,29,45,15,11
