1612139260099,32.784450368263066,-117.15008693178545,58.72105265325986,82,123,15,11
1612139260207,32.78445221589956,-117.1500831963647,58.76153865866792,82,123,15,11
1612139260342,32.78445399695613,-117.15007928290545,58.79775705698211,82,123,15,11
1612139260425,32.78445568897399,-117.15007513150951,58.8352471407245,82,123,15,11
1612139260503,32.784457278784096,-117.15007074285519,58.874755405691886,82,123,15,11
1612139260648,32.784458796212895,-117.15006613748326,58.915100481575045,82,123,15,11
1612139260751,32.78446020629419,-117.15006131215496,58.95571890022539,82,123,15,11
1612139260836,32.78446146082018,-117.15005626863396,58.99979523299737,82,123,15,11
1612139260914,32.78446248803936,-117.1500509969892,59.04106223233019,82,123,15,11
1612139261006,32.78446333474444,-117.15004551278246,59.07835822301402,83,123,15,11
1612139261093,32.78446397640062,-117.15003983305823,59.1051810974869,83,123,15,11
1612139261254,32.78446437643399,-117.15003397360958,59.12876653326351,83,123,15,11
1612139261389,32.78446447580036,-117.15002793577865,59.15207440210276,83,123,15,11
1612139261472,32.78446430019471,-117.1500217345465,59.173544987790436,83,123,15,11
1612139261558,32.784463870937124,-117.1500153712765,59.186023804785094,83,123,15,11
1612139261693,32.784463166792634,-117.15000885272974,59.19188820668475,83,123,15,11
1612139261805,32.784462087066466,-117.15000220810987,59.19951068069391,83,123,15,11
1612139261888,32.78446063944062,-117.14999546589704,59.209200724794805,84,123,15,11
1612139261970,32.784458890476465,-117.1499886398425,59.2124681319855,83,123,15,11
1612139262061,32.78445689174926,-117.14998171635433,59.208680596750995,84,123,15,11
1612139262142,32.784454695669,-117.14997467734129,59.203700562631454,84,123,15,11
1612139262246,32.78445227499604,-117.14996754113768,59.19532037302443,84,123,15,11
1612139262380,32.78444963843811,-117.14996032341753,59.18118648945607,84,123,15,11
1612139262479,32.78444682017448,-117.1499530042403,59.16458500099802,84,123,15,11
1612139262558,32.78444385109946,-117.14994558435612,59.14218783334221,84,123,15,11
1612139262653,32.78444076024043,-117.14993805562068,59.113462713870994,84,123,15,11
1612139262820,32.784437557999794,-117.14993039985315,59.08447417122072,84,123,15,11
1612139262903,32.78443425131861,-117.14992263015804,59.05144227743609,85,123,15,11
1612139262983,32.78443085015465,-117.1499147283686,59.01776039482752,85,123,15,11
1612139263083,32.784427374686146,-117.14990670984433,58.98052855576432,85,123,15,11
1612139263164,32.78442383038718,-117.14989856491704,58.94193978127188,85,123,15,11
1612139263321,32.78442019907203,-117.14989029494262,58.90188367990492,85,123,15,11
1612139263448,32.78441649999902,-117.14988190832194,58.86083641609708,85,123,15,11
1612139263540,32.78441275159562,-117.14987340250528,58.817297853271555,85,123,15,11
1612139263671,32.78439705708459,-117.14983811386656,58.65544283789069,85,123,15,11
1612139263755,32.78439298753782,-117.1498289781125,58.61479102903811,85,123,15,11
1612139263895,32.784388902325446,-117.14981971764487,58.5722759660143,85,123,15,11
1612139263977,32.784384823896566,-117.14981031095876,58.52873387415691,85,123,15,11
1612139264078,32.784380710576045,-117.14980080605704,58.484060647546,85,123,15,11
1612139264200,32.78437660417535,-117.14979119585082,58.44063413540149,85,123,15,11
1612139264295,32.784372500416254,-117.14978150072955,58.39548272404405,85,123,15,11
1612139264372,32.78436838699322,-117.14977171833522,58.351052517817166,85,123,15,11
1612139264460,32.784364291718106,-117.14976183170079,58.31284859479663,85,123,15,11
1612139264566,32.78436021537458,-117.14975186443418,58.27484673341154,85,123,15,11
1612139264711,32.784356159013576,-117.14974182697891,58.23275024662025,85,123,15,11
1612139264791,32.78435209448737,-117.14973171668282,58.18892790129203,85,123,15,11
1612139264893,32.78434808763981,-117.14972150561093,58.143836336164526,85,123,15,11
1612139264975,32.78434410271548,-117.14971121274144,58.099740891124824,85,123,15,11
1612139265139,32.78434013882771,-117.14970082460758,58.05505728893155,85,123,15,11
1612139265266,32.784336219103714,-117.14969031945472,58.01054099076275,85,123,15,11
1612139265359,32.784332358467736,-117.14967969762874,57.96623165290549,85,123,15,11
1612139265438,32.784328553592815,-117.14966898396543,57.91377495591028,85,123,15,11
1612139265517,32.78432481614345,-117.14965816772931,57.85682624033971,85,123,15,11
1612139265623,32.784321192803276,-117.14964723552318,57.79400008769242,85,123,15,11
1612139265767,32.78431761691462,-117.14963619462013,57.72972862835219,85,123,15,11
1612139265846,32.78431410249937,-117.14962502897185,57.66611473155582,85,123,15,11
1612139265940,32.784310662299774,-117.14961372883234,57.606476815982234,85,123,15,11
1612139266026,32.78430729179851,-117.14960230431132,57.546299472459346,84,123,15,11
1612139266129,32.784304015754934,-117.14959074057272,57.486033413837376,84,123,15,11
1612139266266,32.78430083187578,-117.14957903295725,57.42417847588426,84,123,15,11
1612139266356,32.78429772690735,-117.14956717835653,57.36309241667906,85,123,15,11
1612139266439,32.784294694233786,-117.14955516233769,57.30331570727166,85,123,15,11
1612139266537,32.78429176771766,-117.14954297291204,57.243965913517144,85,123,15,11
1612139266628,32.78428891559972,-117.14953062361397,57.18285024999785,84,123,15,11
1612139266783,32.784286177123086,-117.14951810263108,57.1182513890983,84,123,15,11
1612139266863,32.78428354424494,-117.14950539932764,57.05278334046384,84,123,15,11
1612139266956,32.78428103828634,-117.14949251119721,56.9876580188275,84,123,15,11
1612139267039,32.784278664692046,-117.14947945172955,56.9206113380022,84,123,15,11
1612139267195,32.784276433023635,-117.14946622782654,56.85029317925843,85,123,15,11
1612139267319,32.78427432739044,-117.14945281809356,56.784094557281804,84,123,15,11
1612139267428,32.78427236648493,-117.14943921374308,56.72198301449437,84,123,15,11
1612139267523,32.7842705486646,-117.1494254424744,56.65986456431601,84,123,15,11
1612139267606,32.78426889808665,-117.14941150944122,56.59341851593079,85,123,15,11
1612139267777,32.78426741596152,-117.14939740635072,56.52761697271865,85,123,15,11
1612139267863,32.7842660961016,-117.14938314442313,56.46327819919619,85,123,15,11
1612139267954,32.784264956883334,-117.1493687069988,56.400167585010514,84,123,15,11
1612139268034,32.78426396609827,-117.14935409829879,56.34041976473186,85,123,15,11
1612139268123,32.78426310523037,-117.14933933771462,56.27900228250112,85,123,15,11
1612139268230,32.78426237651261,-117.14932441636472,56.21632238879278,85,123,15,11
1612139268363,32.78426177656142,-117.14930932507652,56.15564464595199,85,123,15,11
1612139268460,32.784261314444116,-117.14929407513984,56.09572670615042,85,123,15,11
1612139268545,32.78426093205197,-117.1492786577431,56.036531629459354,85,123,15,11
1612139268666,32.78426060096472,-117.14926308430445,55.9781402494695,85,123,15,11
1612139268769,32.78426032274931,-117.14924735730986,55.91775339604346,85,123,15,11
1612139268851,32.7842600706413,-117.14923147798103,55.85840075104911,85,123,15,11
1612139268931,32.78425987760841,-117.1492154249754,55.80278142843501,85,123,15,11
1612139269024,32.78425972232265,-117.14919921844292,55.74934505461586,85,123,15,11
1612139269105,32.78425960337702,-117.14918288607693,55.690509218375325,85,123,15,11
1612139269272,32.78425948645542,-117.14916637200847,55.64044321556315,85,123,15,11
1612139269472,32.78425941390458,-117.14909881719339,55.44972438976513,85,123,15,11
1612139269578,32.784259521053215,-117.14908157546203,55.40631622449502,85,123,15,11
1612139269673,32.78425967391657,-117.14906420665606,55.36359707144414,85,123,15,11
1612139269753,32.784259863116496,-117.14904673406346,55.31945780844086,85,123,15,11
1612139269864,32.78426004875513,-117.14902913498857,55.27770451645892,85,123,15,11
1612139269969,32.78426024600652,-117.14901142695005,55.23694826118552,85,123,15,11
1612139270072,32.784260427957385,-117.14899363210873,55.190929739329334,85,123,15,11
1612139270194,32.784260602628606,-117.14897571608726,55.15041143773686,85,123,15,11
