1616973041606,32.83727633475669,-117.19679093146546,82.61725247194379,21,33,13,11
1616973041719,32.83726966637365,-117.19680254235546,82.64493495130318,20,33,13,11
1616973041881,32.83726301014045,-117.19681418843471,82.66952493732562,21,33,13,11
1616973042017,32.83725630500744,-117.19682583901802,82.6979410436283,21,33,13,11
1616973042210,32.83722925875297,-117.19687270828224,82.82890813078254,21,34,12,11
1616973042371,32.837222440114296,-117.19688440201558,82.86201511063464,20,33,12,11
1616973042483,32.83721564569462,-117.19689615626717,82.89167846362112,20,33,12,11
1616973042647,32.837208767567,-117.19690794502314,82.9280157995895,19,33,12,11
1616973042759,32.83720192198192,-117.19691976177798,82.95327528773612,19,32,12,11
1616973042882,32.837195102196176,-117.19693153462184,82.95978300396226,19,32,12,11
1616973043157,32.837167663977674,-117.19697916063643,83.08161281001951,20,33,12,11
1616973043306,32.83716067423466,-117.1969910089262,83.09719311159685,20,34,13,11
1616973043594,32.83713252860886,-117.19703858464092,83.19495592884854,21,34,13,11
1616973043737,32.83712547253031,-117.19705052772302,83.21615409515444,21,34,13,11
1616973043851,32.83711839791411,-117.19706246610367,83.23896168676256,21,34,13,11
1616973043970,32.83711135237678,-117.19707445765849,83.26197600101135,21,34,13,11
1616973044082,32.83710424104418,-117.19708644002365,83.28810727808418,21,35,13,11
1616973044164,32.837097125277275,-117.19709843283269,83.31569960129323,21,35,13,11
1616973044375,32.837089990841825,-117.19711044434517,83.342555708773,21,35,12,11
1616973044577,32.83706140267429,-117.19715860499427,83.4447794274233,21,35,12,11
1616973044696,32.83705423209021,-117.19717070004029,83.47536709280196,21,35,12,11
1616973044844,32.837047064105036,-117.19718281968544,83.50345369468369,21,35,12,11
1616973044974,32.83703991716533,-117.19719491339667,83.5300890011806,21,35,12,11
1616973045086,32.837032751858786,-117.19720698030284,83.5553497788229,21,34,12,11
1616973045302,32.83702555381953,-117.19721903195811,83.58572938714292,21,34,12,11
1616973045482,32.83699669541098,-117.19726713113134,83.71391341499066,21,35,13,11
1616973045628,32.83698948409812,-117.1972791244435,83.74050042165844,21,35,13,11
1616973045742,32.836982258495254,-117.19729110406341,83.77103769450314,22,35,13,11
1616973045889,32.83697506539185,-117.19730309410062,83.80286433239095,21,35,13,11
1616973046010,32.836967883204274,-117.19731508947707,83.83651839023422,21,35,13,11
1616973046123,32.83696070177198,-117.19732705020294,83.8683423318852,20,34,13,11
1616973046285,32.83695349675837,-117.19733900631117,83.89696894951955,20,34,13,11
1616973046424,32.83694627799981,-117.1973509362266,83.93160118927615,20,34,13,11
1616973046468,32.83692475870443,-117.19738675816458,84.02109353286629,20,34,13,11
1616973046607,32.83691761624008,-117.19739870587595,84.05376645748437,20,34,13,11
1616973046720,32.83691050119305,-117.19741068058876,84.08520202960912,21,35,13,11
1616973046869,32.836903375347205,-117.19742262103594,84.12066332348707,21,35,13,11
1616973046985,32.836896264506855,-117.19743455209658,84.15557428725575,21,35,13,11
1616973047097,32.8368891502309,-117.19744647023406,84.19113630406127,22,36,13,11
1616973047233,32.83688203604987,-117.19745841242346,84.22420880713089,22,36,13,11
1616973047511,32.83685369637195,-117.19750613563045,84.34157805118305,21,35,13,11
1616973047636,32.836846625875744,-117.19751803591323,84.36875775688904,22,35,13,11
1616973047779,32.836839558937356,-117.19752991925037,84.39423876844887,22,35,13,11
1616973047917,32.8368325048892,-117.19754179976117,84.42044812150792,22,36,13,11
1616973048032,32.83682543663353,-117.19755368156765,84.45408546913599,22,36,13,11
1616973048145,32.836818350101964,-117.19756556921418,84.49048002140925,22,36,13,11
1616973048224,32.83681131477505,-117.19757743122443,84.51069300063315,21,35,13,11
1616973048485,32.83678318053478,-117.19762451850615,84.56930249211682,22,36,13,11
1616973048636,32.83677612043607,-117.19763620382736,84.60372753842597,22,36,13,11
1616973048778,32.83676907257789,-117.19764787038316,84.63830107812599,22,36,13,11
1616973048889,32.83676206290698,-117.19765954550988,84.66947022624751,22,37,13,11
1616973049008,32.83675508373061,-117.19767118888583,84.69430416975413,23,37,13,11
1616973049121,32.83674806892946,-117.19768281764924,84.71687456453373,23,37,13,11
1616973049289,32.836727272779626,-117.1977174374947,84.78028479785208,23,37,13,11
1616973049404,32.836720342805,-117.19772888186091,84.80120062669029,23,38,13,11
1616973049536,32.83671344210356,-117.19774028224879,84.8263512367459,24,38,13,11
1616973049681,32.836706545891246,-117.19775172390084,84.85470292909328,24,38,13,11
1616973049822,32.836699669241575,-117.19776307413932,84.88722746805037,24,38,13,11
1616973049935,32.83669287403093,-117.19777439897052,84.90868665853013,24,39,13,11
1616973050054,32.836686097695626,-117.19778565880364,84.9273345821598,24,39,13,11
1616973050300,32.836659315527065,-117.19783040743168,85.00425523837448,24,39,13,11
1616973050414,32.83665271791428,-117.19784149176729,85.01959450529972,24,40,13,11
1616973050562,32.83664611231589,-117.19785251668705,85.04018011342124,24,39,13,11
1616973050708,32.83663955139555,-117.1978635403936,85.06295441695428,23,39,13,11
1616973050850,32.83663302754448,-117.19787454345246,85.084626169302,23,38,13,11
1616973050961,32.836626507837366,-117.1978855477022,85.10422672667603,23,38,13,11
1616973051170,32.836600862210446,-117.19792890622806,85.16015458786201,22,37,13,11
1616973051314,32.83659446412447,-117.19793966418035,85.18232372019241,22,37,13,11
1616973051434,32.83658809258906,-117.19795047679173,85.20305712578444,22,37,13,11
1616973051562,32.83658180507058,-117.19796112849835,85.20790618280692,22,37,13,11
1616973051707,32.83657548390948,-117.19797169997538,85.20462800888727,22,37,13,11
