1612138247590,32.88106249794133,-117.22911896425312,69.40096557430734,152,157,0,13
1612138247735,32.881055139180404,-117.22911210695298,69.37420661945141,157,159,0,13
1612138247816,32.8810476312926,-117.22910520376257,69.33998137448884,162,161,0,13
1612138247918,32.88103999794463,-117.22909814373813,69.31767393810419,167,163,0,13
1612138248014,32.8810322586575,-117.22909094326165,69.30070105478868,172,165,0,13
1612138248138,32.881024416099834,-117.22908367068466,69.27679860240065,177,167,0,13
1612138248253,32.88101646821005,-117.22907629769279,69.24921698881575,182,170,0,13
1612138248339,32.88100843952303,-117.22906881650921,69.21868029374211,188,172,0,13
1612138248440,32.88100034445832,-117.22906123454351,69.18561999986976,193,174,0,13
1612138248563,32.88099217172128,-117.2290535831981,69.14761061265406,198,176,0,13
1612138248720,32.88098391979652,-117.22904582368666,69.11404941279747,204,178,0,13
1612138248816,32.88097614712282,-117.22903850167046,69.08722668255342,210,181,11,11
1612138248894,32.880966597974925,-117.22903128820055,69.05458637195578,213,183,11,11
1612138249036,32.880956742942566,-117.22902621277491,69.01896998073292,215,185,11,11
1612138249136,32.88094653335767,-117.22902177058997,68.98329403934048,215,187,11,11
1612138249214,32.88093605652067,-117.229017796276,68.95022893032055,213,189,11,11
1612138249356,32.88092479317862,-117.22901560177225,68.91851990508746,208,190,15,11
1612138249436,32.88091344993651,-117.22901407500436,68.88608817260908,202,192,15,11
1612138249518,32.88090189917623,-117.22901318598288,68.85920727178495,194,193,15,11
1612138249704,32.880890646642044,-117.22901181319146,68.83564760498017,186,193,15,11
1612138249791,32.88087965778376,-117.22901003881897,68.80847417189328,178,194,15,11
1612138249872,32.880868931161025,-117.22900780867043,68.77567398871162,170,194,15,11
1612138249955,32.88085839968315,-117.229005031175,68.74042691604969,163,194,15,11
1612138250032,32.88084814458129,-117.22900196392445,68.70771422656405,157,194,15,11
1612138250144,32.88083799387175,-117.22899864863868,68.68002710584605,152,194,15,11
1612138250222,32.880827921835895,-117.22899511258467,68.6649798594416,146,193,15,11
1612138250342,32.88081791996324,-117.22899146784223,68.65094465574947,142,193,15,11
1612138250441,32.88080797521671,-117.22898773902656,68.63445374807256,137,192,15,11
1612138250523,32.8807980119062,-117.22898396359207,68.60606828664963,133,191,15,11
1612138250694,32.88078821760472,-117.22898030363025,68.5739346229257,130,190,15,11
1612138250779,32.880778463654714,-117.22897666466883,68.54546018628643,126,189,15,11
1612138250871,32.88076868044834,-117.22897313856839,68.5351562564428,123,188,15,11
1612138250954,32.880758878476165,-117.22896975220246,68.5369747929692,121,187,15,11
1612138251114,32.880749147654534,-117.2289664113739,68.534257353339,118,185,15,11
1612138251218,32.88073938954941,-117.22896322867871,68.51677100909377,116,184,15,11
1612138251299,32.88072978281697,-117.22896029116893,68.48706888664736,113,183,14,11
1612138251420,32.880720135754835,-117.2289574847975,68.46536310264301,111,182,14,11
1612138251517,32.88071058814944,-117.22895463777309,68.44733529718047,110,181,14,11
1612138251604,32.88070101575991,-117.22895194090079,68.42801779200236,108,179,14,11
1612138251727,32.880691404529756,-117.228949445912,68.40708083013136,106,178,14,11
1612138251810,32.880681764594776,-117.22894707971304,68.38516004420829,105,177,14,11
1612138251894,32.88067209489503,-117.22894490258807,68.36306059757246,104,175,14,11
1612138252046,32.880662398997075,-117.22894293621052,68.3365819623348,103,174,14,11
1612138252120,32.880652662977965,-117.22894117335714,68.30483513063213,102,173,14,11
1612138252232,32.880642869628886,-117.22893960308504,68.27602294160077,101,172,14,11
1612138252312,32.88063304673251,-117.2289382295998,68.24358419058338,100,170,14,11
1612138252460,32.88059306802184,-117.22893481018752,68.11276874820392,97,166,15,11
1612138252554,32.88058286554588,-117.2289344671744,68.08665040960058,96,165,15,11
1612138252662,32.88057260112989,-117.22893430535316,68.05280347038794,95,163,15,11
1612138252752,32.880562253883824,-117.22893431889432,68.01597928953707,95,162,15,11
1612138252915,32.88055182210649,-117.22893449728053,67.98133631558252,94,161,15,11
1612138253015,32.88054128255513,-117.22893482384521,67.95070977657375,94,160,15,11
1612138253097,32.88053062497895,-117.22893524204868,67.92297145952712,94,159,15,11
1612138253233,32.880519850105635,-117.22893578291178,67.89673177424703,93,158,15,11
1612138253337,32.8805089486108,-117.22893637695576,67.87076391854437,93,157,15,11
1612138253419,32.880497900652806,-117.22893695448238,67.84214221553908,92,156,15,11
1612138253591,32.88048673067474,-117.2289375919273,67.81078521988242,92,156,15,11
1612138253681,32.88047542668848,-117.22893827411326,67.7746940769394,92,155,15,11
1612138253760,32.88046398643345,-117.22893900189318,67.73962136281547,92,154,15,11
1612138253841,32.88045240225067,-117.22893979643352,67.70487694957563,92,153,15,11
1612138253913,32.88044068585575,-117.22894067017388,67.66963577478849,91,152,15,11
1612138254031,32.8804288479804,-117.22894161733676,67.62624367217336,91,151,15,11
1612138254111,32.880416873129185,-117.22894264639253,67.58407333834106,91,151,15,11
1612138254249,32.880404747461654,-117.22894373182332,67.54367568511634,91,150,15,11
1612138254333,32.88039249879425,-117.22894488849388,67.5034245818882,91,149,15,11
1612138254413,32.88038015676326,-117.22894606493902,67.45585700074398,91,149,15,11
1612138254523,32.88036774356248,-117.22894727273258,67.40341313908081,91,148,15,11
1612138254685,32.880355242795254,-117.22894859071997,67.35672354820053,91,147,15,11
1612138254768,32.88034265533442,-117.22894998442248,67.3225583654491,91,146,15,11
1612138254849,32.88033003363197,-117.22895130211654,67.28635124563696,91,146,15,11
1612138254989,32.88031737284291,-117.22895267629232,67.24838967208882,91,145,15,11
1612138255089,32.880304610859,-117.228953948539,67.22793580159062,91,145,15,11
1612138255172,32.880291851701095,-117.2289552999219,67.19291891002354,91,144,15,11
1612138255303,32.8802791235104,-117.22895661194424,67.14048956864826,91,143,14,11
1612138255395,32.880266395957115,-117.22895796027697,67.08655896796314,91,143,14,11
1612138255477,32.880253554970395,-117.2289595859745,67.05271126912528,90,142,14,11
1612138255643,32.88024062858166,-117.22896116288396,67.04150642186515,90,142,14,11
1612138255741,32.8802276590136,-117.22896270426988,67.03664390734774,89,141,14,11
1612138255822,32.88021469898201,-117.22896423662493,67.01556182412284,89,141,14,11
1612138255910,32.8802017351609,-117.22896561199072,66.99326775128058,89,140,14,11
1612138256001,32.880188760892736,-117.22896690059041,66.97258713663061,89,140,14,11
1612138256101,32.88017579304873,-117.22896818495539,66.94388836955598,88,139,13,11
1612138256190,32.88016276459763,-117.22896952204462,66.92099635487396,88,139,12,11
1612138256320,32.8801497238457,-117.22897082088804,66.89697458707845,88,139,12,11
1612138256405,32.88013668274234,-117.22897213903889,66.86167770421487,88,138,12,11
1612138256501,32.88012362283513,-117.22897349273282,66.8214041673423,88,138,12,11
1612138256600,32.88011053150506,-117.22897483453552,66.78129213063679,88,137,12,11
1612138256757,32.88009739855453,-117.2289761901035,66.74327255428216,88,137,12,11
1612138256840,32.88008422474057,-117.22897759576757,66.7096441806755,88,137,12,11
1612138256919,32.880071029790464,-117.22897900857441,66.67212143087362,88,136,12,11
1612138257065,32.880057831783134,-117.2289804141775,66.62597081522412,88,136,13,11
1612138257174,32.88004458399872,-117.22898183219947,66.58427839195393,88,136,13,11
1612138257254,32.8800313271357,-117.22898329497063,66.54436181467511,88,135,13,11
1612138257383,32.88001805722919,-117.22898479451486,66.4991745434877,88,135,13,11
1612138257473,32.88000476374739,-117.22898630794857,66.4605043980997,88,135,13,11
1612138257563,32.87999147173173,-117.22898788994965,66.41580450203853,88,135,13,11
1612138257674,32.8799781688237,-117.22898946327928,66.37217966253436,88,134,13,11
