1616366348262,32.8637538185029,-117.22932348450514,53.615436409165135,53,97,8,11
1616366348406,32.86374079095304,-117.22931928638263,53.53469668417576,51,96,9,11
1616366348521,32.863727776652766,-117.22931501692558,53.452825936423025,49,94,10,11
1616366348762,32.863675231803185,-117.22929747278559,53.14072226790278,45,91,9,11
1616366348880,32.86366198019333,-117.22929298970321,53.07057589916456,44,91,9,11
1616366349021,32.8636487698143,-117.22928841510655,52.99184043344138,44,91,9,11
1616366349139,32.86363558925361,-117.229283820915,52.905040372620995,43,90,9,11
1616366349229,32.863622353608946,-117.22927923279069,52.82489837691381,43,90,9,11
1616366349373,32.86360910511984,-117.22927461051484,52.75064312754154,43,90,9,11
1616366349452,32.863595877315525,-117.22926985463026,52.67771031288549,44,91,9,11
1616366349636,32.8635826744637,-117.22926516879673,52.59842977570676,44,92,8,11
1616366349747,32.86356946184402,-117.22926046004402,52.523876006322396,45,92,7,11
1616366349859,32.86355623521938,-117.22925573959738,52.45400187473878,45,92,7,11
1616366350129,32.86350340756077,-117.22923685672349,52.13922705245934,48,94,7,11
1616366350224,32.863490118712186,-117.22923215031629,52.074366206443464,49,95,7,11
1616366350375,32.863476862362674,-117.22922747915683,51.996012756141326,50,95,8,11
1616366350488,32.86346355410553,-117.22922283924191,51.92120289541262,51,96,8,11
1616366350623,32.86345016808848,-117.22921820447509,51.857526609759795,52,96,8,11
1616366350871,32.86339618176968,-117.22919971033137,51.574472200343386,52,97,11,11
1616366351010,32.863382591609756,-117.22919508741442,51.49935322779666,52,97,11,11
1616366351123,32.8633689642848,-117.22919047921808,51.426466045907425,52,97,11,11
1616366351210,32.863355277408836,-117.22918596835414,51.351325760455644,51,97,11,11
1616366351356,32.86334148637302,-117.22918144777582,51.277390215892375,50,96,11,11
1616366351468,32.863327627148266,-117.22917701292388,51.20416047603175,50,95,11,11
1616366351613,32.86331379282429,-117.22917252898978,51.12375062169119,49,95,11,11
1616366351730,32.863299915315714,-117.2291680714207,51.03461785553057,48,94,11,11
1616366351965,32.86324382180693,-117.22915010395197,50.68970396686134,44,90,11,11
1616366352140,32.863229716435896,-117.22914550442196,50.60705080327477,43,89,11,11
1616366352230,32.863215568634445,-117.22914092983342,50.522540099670636,42,88,11,11
1616366352381,32.86320136448512,-117.22913627240166,50.431798452985795,41,87,11,11
1616366352494,32.86318713288939,-117.22913163575592,50.33889728299186,39,85,11,11
1616366352629,32.86317290112462,-117.22912695042652,50.25781973275961,39,85,11,11
1616366352871,32.863115683482846,-117.22910790443936,49.9342615209389,39,84,11,11
1616366353012,32.86310129246969,-117.22910319262932,49.84725608623615,38,83,11,11
1616366353136,32.86308691292574,-117.22909847271038,49.75913150986031,37,82,11,11
1616366353256,32.863072526876,-117.22909372040004,49.681135495247936,37,81,10,11
1616366353368,32.863058150417714,-117.22908895094741,49.60529588588662,37,80,10,11
1616366353481,32.86304377436139,-117.22908419080446,49.52985118579281,37,80,10,11
1616366353615,32.86302941133293,-117.22907944202034,49.45073078406722,37,80,10,11
1616366353696,32.86301505312809,-117.22907470757929,49.364588774909414,37,80,10,11
1616366353929,32.86300074736194,-117.22906998976876,49.27770234172869,37,80,10,11
1616366354047,32.86298639062643,-117.2290652675568,49.20717745428564,37,80,10,11
1616366354118,32.862943544989804,-117.22905116178059,48.98876788278125,39,83,10,11
1616366354244,32.862929276411144,-117.22904657049716,48.92198324702724,40,83,10,11
1616366354360,32.86291509278479,-117.22904197161236,48.854811209408766,41,84,9,11
1616366354504,32.86290095557458,-117.22903742385091,48.783867318918276,42,85,9,11
1616366354774,32.86284476752636,-117.22901980031557,48.53748822102075,44,89,9,11
1616366354887,32.86283085066884,-117.22901552378681,48.48381891716909,45,90,8,11
1616366355027,32.86281690035103,-117.22901133044392,48.41516702543955,45,89,7,11
1616366355144,32.86280297427974,-117.22900714286062,48.34443680618497,44,89,7,11
1616366355236,32.86278909713527,-117.22900303664079,48.25882688970759,42,87,7,11
1616366355395,32.862775293967225,-117.22899890126877,48.205347888573684,43,88,7,11
1616366355513,32.862761416956666,-117.22899487950174,48.15437275147654,43,88,7,11
1616366355757,32.86270615276194,-117.22897958104784,47.90590933263609,41,86,7,11
1616366355869,32.86269228790393,-117.22897604784768,47.85594119616467,40,85,7,11
1616366356010,32.862678412049064,-117.22897262955354,47.81053139785112,40,84,7,11
1616366356182,32.862664619263754,-117.22896938151581,47.760414647196264,40,84,8,11
1616366356273,32.86265082772351,-117.22896630122297,47.708782249765456,40,84,8,11
1616366356417,32.86263702041307,-117.22896338910013,47.670072306311816,41,85,8,11
1616366356500,32.86262321398211,-117.22896062849884,47.63697596724078,42,86,8,11
1616366356633,32.862581586352555,-117.22895332755483,47.558238426085815,44,87,8,11
1616366356779,32.8625676436155,-117.2289512798263,47.52667225597793,45,88,8,11
1616366356910,32.8625536695882,-117.22894941600975,47.490992419693605,45,88,7,11
1616366357045,32.86253963437279,-117.2289477103806,47.4563168404407,45,88,7,11
1616366357161,32.8625255428326,-117.22894614344231,47.42347410135517,45,88,7,11
1616366357251,32.862511419044544,-117.22894474521046,47.391716600089474,45,87,10,11
1616366357395,32.86249726646712,-117.22894349571006,47.356584295765835,45,87,10,11
1616366357508,32.862483133394534,-117.2289424137769,47.32297218599082,46,88,10,11
1616366357611,32.86246894408214,-117.22894148621917,47.29332264516664,47,89,10,11
1616366357761,32.862426161850856,-117.22893973925008,47.25853660278287,49,91,10,11
1616366357888,32.862411803727625,-117.22893949637516,47.26567971673682,50,92,10,11
1616366358021,32.86239742290499,-117.22893937682238,47.263137428047976,51,93,10,11
1616366358193,32.86238301200141,-117.228939403274,47.24521793800936,52,93,10,11
1616366358285,32.862368567307705,-117.22893959848595,47.227929109153145,53,94,10,11
1616366358429,32.8623541340156,-117.22894001148039,47.20906837411044,54,95,11,11
