1613869942844,32.74495174725415,-117.04551615727375,100.53768404128785,39,52,12,11
1613869942969,32.744949156335316,-117.04554842553878,100.44452850982583,40,52,12,11
1613869943127,32.744939761120584,-117.04564523832431,100.16633594206407,42,53,12,11
1613869943233,32.74493611889499,-117.04567751140416,100.07514672467549,42,54,12,11
1613869943390,32.74493221814925,-117.04570977491218,99.98300972504242,43,54,12,11
1613869943503,32.74492806472907,-117.04574202423387,99.8881145723661,44,55,12,11
1613869943631,32.74492366104736,-117.04577427384956,99.79821255084141,44,55,12,11
1613869943742,32.7449190288195,-117.04580651138625,99.71183295066106,44,55,12,11
1613869943876,32.74491415427011,-117.0458387424236,99.62848973556054,44,55,11,11
1613869944124,32.74489227053591,-117.04596742554641,99.33449073914267,44,54,11,11
1613869944226,32.74488624224156,-117.04599951035152,99.26617526756066,44,54,11,11
1613869944406,32.744880012322625,-117.0460315604558,99.20023043020699,44,54,11,11
1613869944520,32.7448736055113,-117.04606358325675,99.13788988576182,44,54,11,11
1613869944638,32.74486703111162,-117.04609559139274,99.08136420349896,43,54,11,11
1613869944750,32.74486030468013,-117.04612755958699,99.0255341382148,43,54,11,11
1613869944884,32.74485343795557,-117.0461595205093,98.9771914051941,43,53,11,11
1613869945019,32.7448464562594,-117.04619144903897,98.92710978531254,43,53,11,11
1613869945185,32.744839357074405,-117.04622334754656,98.88156636358448,42,53,11,11
1613869945279,32.74481742110592,-117.04631886890284,98.79232740307995,41,52,12,11
1613869945430,32.74480991403714,-117.04635063891992,98.7661395918459,40,51,12,11
1613869945546,32.74480229470679,-117.0463823531925,98.73580451301633,41,51,12,11
1613869945658,32.744794533043404,-117.04641401349005,98.7097430907702,40,51,12,11
1613869945769,32.74478659750346,-117.04644559115006,98.68585930239628,40,51,12,11
1613869945903,32.74477849444321,-117.04647709212185,98.66476809019207,40,51,12,11
1613869946019,32.74475329640837,-117.04657120524904,98.62945747075563,39,50,12,11
1613869946137,32.74474463487199,-117.04660241868895,98.61851678606787,39,50,12,11
1613869946243,32.744735875001005,-117.04663358247674,98.62187335428594,39,49,12,11
1613869946398,32.7447270328702,-117.04666470427424,98.63521426484203,38,49,12,11
1613869946512,32.74471809483845,-117.04669577598887,98.64921264114258,38,49,12,11
1613869946624,32.74470905461639,-117.04672678957463,98.66454050892641,37,48,12,11
1613869946737,32.74469987551777,-117.04675771689786,98.67391499222666,38,48,12,11
1613869946871,32.74469054196149,-117.04678856289509,98.68662224775777,37,48,12,11
1613869947168,32.74465149494016,-117.04691107865646,98.79956813444106,35,46,12,11
1613869947268,32.74464132990659,-117.04694149221118,98.83069581780592,35,46,12,11
1613869947419,32.744631004256036,-117.04697182610256,98.86531284523942,34,45,12,11
1613869947532,32.74462052495434,-117.04700208860389,98.89685504514223,35,45,12,11
1613869947642,32.744609893432404,-117.04703227246546,98.92827944706856,35,45,12,11
1613869947755,32.744599134614134,-117.04706237691401,98.953635357307,35,45,12,11
1613869947886,32.74458823613494,-117.0470924171576,98.97960145164001,35,45,12,11
1613869948123,32.744543185444876,-117.04721182139485,99.09841687159783,35,45,12,11
1613869948229,32.74453155188668,-117.04724149136099,99.13013309719342,35,45,12,11
1613869948380,32.744519749838716,-117.04727106779718,99.16167425989964,35,45,12,11
1613869948500,32.74450776398686,-117.04730054410719,99.19441885305346,34,44,12,11
1613869948613,32.744495600932574,-117.0473299295596,99.22496085154843,34,44,12,11
1613869948723,32.744483257924735,-117.0473592094474,99.25521940983118,34,44,12,11
1613869948854,32.74447073110139,-117.04738839534872,99.28537188116441,34,44,12,11
1613869949156,32.74441880129307,-117.04750416406729,99.39794311309896,34,44,12,11
1613869949256,32.744405379761794,-117.04753287561317,99.42949452902019,34,44,12,11
1613869949420,32.74439179081545,-117.04756151163308,99.46379362660876,35,44,12,11
1613869949530,32.74437804232667,-117.04759005490561,99.49618760834366,35,45,12,11
1613869949642,32.74436414108039,-117.04761851376621,99.53074889514204,35,45,12,11
1613869949755,32.74435006708589,-117.0476468835181,99.56809496970384,35,45,12,11
1613869949889,32.74433582778352,-117.04767516144271,99.60325598497772,35,45,12,11
1613869950019,32.744292129895136,-117.04775943984302,99.68580435215793,35,45,12,11
1613869950156,32.744277222446705,-117.04778732323945,99.7115040134155,35,45,12,11
1613869950257,32.74426215329554,-117.04781510801165,99.7378886300369,35,45,12,11
1613869950441,32.744246915007786,-117.04784279708862,99.76925122748257,35,45,12,11
1613869950560,32.74423151636716,-117.04787039800509,99.80200525232246,35,45,12,11
1613869950673,32.744215962882876,-117.04789787830607,99.83078242050576,36,46,12,11
1613869950785,32.74420024747244,-117.0479252568711,99.86258165732795,36,46,12,11
1613869950925,32.744152133430795,-117.04800672659958,99.95470586516092,36,46,12,11
1613869951125,32.74413579689488,-117.04803366594363,99.97343367596021,36,46,12,11
1613869951257,32.74411930677212,-117.04806048615023,99.9876807729924,36,46,12,11
1613869951360,32.744102656364596,-117.04808719708085,100.01057547680466,36,46,12,11
1613869951511,32.74408585246063,-117.04811380727176,100.03578990467274,36,46,12,11
1613869951626,32.744068895884496,-117.04814029724756,100.05498498408768,36,46,12,11
1613869951739,32.74405178390563,-117.04816666024159,100.0718980789825,36,46,12,11
1613869951927,32.7439818232628,-117.04827096939098,100.13028157066168,34,45,12,11
1613869952069,32.74396396202687,-117.04829675390143,100.14967601570204,34,45,12,11
1613869952261,32.74394595177514,-117.0483224138151,100.1654568918838,34,45,12,11
1613869952395,32.74392779661247,-117.04834795196525,100.18036080209963,33,45,12,11
1613869952513,32.743909493726505,-117.04837337392482,100.19880241932592,33,45,12,11
1613869952628,32.74389104845082,-117.04839868561307,100.21274201590417,33,44,12,11
1613869952828,32.74381607336395,-117.04849888065013,100.25215364419648,32,43,12,11
1613869953001,32.74379703951317,-117.0485237018466,100.26137940144619,31,43,12,11
