1613867192349,32.87157170700705,-117.23377266871643,45.32743869929774,90,165,11,11
1613867192474,32.871568777351165,-117.2337631950492,45.30466795807262,90,164,11,11
1613867192581,32.871566135666754,-117.23375332323562,45.242272771868194,92,164,11,11
1613867192776,32.87156376441688,-117.23374311689493,45.1844584858179,93,164,11,11
1613867192890,32.871561562142645,-117.23373258528008,45.13248931685556,93,163,11,11
1613867193156,32.87155448956688,-117.23368705563354,45.07275762658462,90,156,11,11
1613867193235,32.8715530194619,-117.2336749052436,45.07203186039889,89,155,11,11
1613867193387,32.87155164782615,-117.23366247663557,45.07782412268658,87,152,11,11
1613867193497,32.87155037131852,-117.23364979042012,45.08504820350705,85,150,11,11
1613867193612,32.87154928029464,-117.2336369691982,45.153971498364434,78,142,11,11
1613867193752,32.87154817825928,-117.23362382945653,45.173264227710696,74,138,11,11
1613867193874,32.87154714155856,-117.23361038510144,45.17142238927697,73,135,11,11
1613867194088,32.871543615863594,-117.23355405059499,45.09665200463335,74,133,12,11
1613867194240,32.87154283965975,-117.23353941084244,45.07955911915542,74,132,12,11
1613867194354,32.8715420445599,-117.23352455037184,45.062933282493056,75,132,12,11
1613867194468,32.871541258619125,-117.23350949446439,45.04304049411009,75,132,12,11
1613867194583,32.87154050432864,-117.23349430246307,45.02754570236906,76,131,12,11
1613867194786,32.87153980391647,-117.23347900864101,45.0154251765401,75,130,12,11
1613867194896,32.87153912337676,-117.23346362483039,45.00087702108813,75,130,12,11
1613867195081,32.87153653916401,-117.23340131349009,44.904324487709935,78,130,11,11
1613867195286,32.87153600953284,-117.233385541364,44.881865018798415,78,130,11,11
1613867195404,32.87153554458017,-117.23336977519367,44.85333105346362,78,129,11,11
1613867195520,32.87153516645766,-117.23335398283345,44.827737030808144,76,128,11,11
1613867195635,32.87153474485615,-117.23333805517117,44.82576075192284,76,128,10,11
1613867195788,32.87153430616511,-117.23332207801614,44.82571807908566,77,128,10,11
1613867195900,32.87153391258666,-117.2333061024774,44.81824205233665,77,128,10,11
1613867196125,32.87153271262716,-117.23324176211413,44.782896329324984,75,128,10,11
1613867196299,32.87153242935717,-117.2332256470691,44.77314279103143,75,129,10,11
1613867196425,32.87153223045126,-117.23320943324933,44.7754297086325,75,130,11,11
1613867196539,32.87153202173272,-117.23319308586272,44.7930668268149,73,129,9,11
1613867196654,32.87153183643462,-117.2331767240107,44.805516911153696,72,129,9,11
1613867196910,32.871530893028485,-117.23311171404083,44.85478534414831,66,125,9,11
1613867197044,32.87153066197293,-117.23309538679324,44.87933084914329,64,124,9,11
1613867197180,32.871530460924696,-117.23307897945885,44.89529847687199,63,123,10,11
1613867197380,32.87153027825972,-117.23306263743395,44.91105680710477,61,122,10,11
1613867197492,32.87153005583581,-117.23304626517927,44.92984623058677,60,121,10,11
1613867197608,32.8715298625391,-117.23302988312035,44.941055798432124,59,120,10,11
1613867197819,32.871529262077,-117.23296418629567,44.96651861748708,59,121,10,11
1613867197932,32.87152921164193,-117.23294771093838,44.982032492525626,58,121,10,11
1613867198072,32.87152910998963,-117.23293124784404,45.006003266083205,58,120,10,11
1613867198206,32.87152900396353,-117.23291476428598,45.020478422463775,58,121,10,11
1613867198413,32.87152888496672,-117.23289829643593,45.04353446403431,58,121,10,11
1613867198632,32.8715287511991,-117.23283204197239,45.15354928502972,57,120,11,11
1613867198756,32.871528739430474,-117.2328154755949,45.18101210354043,56,120,11,11
1613867198908,32.87152876841351,-117.23279888619366,45.21100200023301,55,119,11,11
1613867199023,32.8715288029167,-117.23278223195005,45.24135708791169,55,118,11,11
1613867199236,32.8715289423899,-117.23273236013537,45.34824076822228,53,116,11,11
1613867199353,32.871529015300915,-117.23271575012025,45.376941986403935,53,116,11,11
1613867199466,32.871529120262494,-117.23269913691409,45.410424301278816,52,114,11,11
1613867199592,32.87152918843624,-117.23268239340747,45.449304721041074,51,113,11,11
1613867199734,32.87152923642716,-117.2326656790676,45.49081801591712,51,113,11,11
1613867199846,32.87152933927698,-117.23264887426822,45.54661682427772,51,112,11,11
1613867199958,32.871529438653766,-117.23263205004677,45.59730756251258,50,111,11,11
1613867200077,32.87152999255954,-117.23258139508431,45.70929866381075,50,110,11,11
1613867200239,32.87153018851828,-117.23256438021319,45.759230757498024,49,109,11,11
1613867200350,32.87153039908735,-117.2325472898324,45.80468807483017,49,109,10,11
1613867200466,32.8715306077921,-117.23253010956,45.8538076588332,48,108,10,11
1613867200582,32.871530795338494,-117.23251281580599,45.913379166813804,47,106,10,11
1613867200780,32.871531000033535,-117.23249548331826,45.96471402029856,46,105,10,11
1613867200898,32.8715311990121,-117.23247796447164,46.016574925630515,46,104,10,11
1613867201090,32.871531987207476,-117.23240712591118,46.241531713949065,44,99,10,11
1613867201212,32.87153215555774,-117.23238914809414,46.297035211302564,44,100,10,11
1613867201358,32.87153234918844,-117.2323710785325,46.33347199195413,44,100,10,11
1613867201480,32.87153264319312,-117.23235299817411,46.37197991682103,45,101,10,11
1613867201598,32.871532912592116,-117.23233478249175,46.42557631298165,45,100,10,11
1613867201739,32.871533163272105,-117.23231645180279,46.48277739651755,45,101,10,11
1613867201856,32.871533343625025,-117.23229813564593,46.53297606006015,45,101,10,11
1613867201970,32.8715335806676,-117.23227971384223,46.58276916352191,46,102,10,11
1613867202082,32.87153408712069,-117.2322242486361,46.73509863342142,47,104,10,11
1613867202247,32.871534256597855,-117.23220568014023,46.78069503869592,48,105,10,11
1613867202370,32.87153440762989,-117.2321870866975,46.82917690019733,48,105,10,11
