1613862752421,32.88010464904191,-117.23548516734435,77.92308985209202,34,66,10,11
1613862752702,32.880104662817565,-117.23548514422502,77.92730101065155,33,64,10,11
1613862752879,32.88010467570685,-117.23548514091485,77.92801693262024,33,64,10,11
1613862753030,32.88010467951358,-117.23548514532251,77.9293050880613,32,64,10,11
1613862753258,32.88010470981428,-117.23548516124008,77.93151785992173,33,64,10,11
1613862753428,32.880104713927174,-117.23548516204505,77.93154242957758,33,65,10,11
1613862753713,32.88010473638151,-117.2354851322176,77.93523106004461,33,65,10,11
1613862753880,32.88010474553042,-117.23548514234574,77.93487234528227,34,65,10,11
1613862754031,32.88010474817842,-117.23548513835985,77.9350100668271,34,65,10,11
1613862754294,32.8801047580793,-117.23548512411674,77.93570537575395,34,65,10,11
1613862754541,32.88010477402178,-117.23548510088085,77.93884378889364,34,66,10,11
1613862754689,32.88010477350305,-117.2354851047559,77.93872594161935,34,66,10,11
1613862754851,32.88010477609104,-117.2354850894686,77.94064350779507,34,66,10,11
1613862755039,32.880104789098596,-117.23548505567243,77.94311520245763,34,66,10,11
1613862755234,32.8801047843081,-117.2354850488381,77.94367150331094,34,66,10,11
1613862755459,32.88010480071623,-117.23548502650465,77.94648840590206,34,66,10,11
1613862755610,32.88010479966759,-117.23548499581733,77.94838316638247,34,66,10,11
1613862755945,32.88010480986692,-117.23548497956786,77.95009710485546,33,66,10,11
1613862756094,32.88010481372698,-117.23548498178829,77.94979142607667,33,65,10,11
1613862756208,32.880104816518795,-117.23548496174456,77.95145345066754,33,65,10,11
1613862756399,32.880104826537696,-117.23548496893923,77.95205391669603,33,65,10,11
1613862756732,32.88010482633242,-117.23548495225208,77.95381171171904,33,65,10,11
1613862756899,32.88010481985634,-117.2354849332659,77.9550994627352,32,65,10,11
1613862757247,32.88010482312376,-117.23548491213005,77.95813320535085,32,64,10,11
1613862757640,32.88010483075061,-117.2354849129653,77.95890177114929,32,65,10,11
1613862757790,32.88010483276972,-117.23548490386999,77.95957164486045,32,64,10,11
1613862758139,32.88010483730863,-117.2354848754555,77.96090065197616,33,65,10,11
1613862758285,32.88010483792032,-117.23548488139602,77.95870629327051,33,65,10,11
1613862758468,32.88010484478891,-117.23548489014587,77.9587239018885,33,65,10,11
1613862758617,32.880104846333985,-117.2354848898262,77.95924732874795,33,65,10,11
1613862758947,32.880104847092184,-117.23548489426068,77.9597057318686,34,66,10,11
1613862759094,32.88010484710262,-117.23548488420323,77.96053365331113,34,66,10,11
1613862759361,32.88010484857514,-117.23548487782067,77.96254119455736,34,67,10,11
1613862759520,32.880104844587294,-117.23548487420102,77.9629195248012,34,67,10,11
1613862759836,32.88010484246352,-117.23548487691515,77.9634689168139,34,68,10,11
1613862759988,32.88010484347725,-117.2354848860464,77.96390877809165,34,68,10,11
1613862760294,32.88010484903009,-117.23548488649264,77.96427562315462,34,68,10,11
1613862760471,32.88010485108621,-117.23548490089172,77.96551996717568,34,68,10,11
1613862760639,32.88010484465736,-117.235484897514,77.96550819508977,34,68,10,11
1613862760803,32.880104841325874,-117.23548490171338,77.96518351159246,34,68,10,11
1613862761137,32.88010484936837,-117.23548491930158,77.96412863184631,34,67,10,11
1613862761370,32.88010486006692,-117.23548493457777,77.96243595179108,34,68,9,11
1613862761478,32.880104855114325,-117.23548492642139,77.96314183371199,34,67,9,11
1613862761649,32.88010486978337,-117.23548493990081,77.96205700136339,34,68,9,11
1613862761814,32.880104864323236,-117.23548495041194,77.96044933174501,34,67,9,11
1613862761930,32.880104874732105,-117.23548494398013,77.96104785268669,34,67,9,11
1613862762049,32.88010487734526,-117.23548494595542,77.96095864198108,34,67,9,11
1613862762319,32.88010489458839,-117.23548493292098,77.96283075618676,35,69,10,11
1613862762491,32.88010489465408,-117.23548492462683,77.96338009155615,35,69,10,11
1613862762644,32.880104890010216,-117.23548490440507,77.96577667546843,36,69,10,11
